==========================================
Experiment: FusionDANN_1_2_3_4
RSSI Features (6): Fixed
RTT Features (4): ['Dist_mm_1', 'Dist_mm_2', 'Dist_mm_3', 'Dist_mm_4']
==========================================
Start Training Seed 42...

Start Training... (Validate on Source Val & Target Val)
Epoch  | Total Loss | Train Cls  | Train D_RSSI | Train D_RTT | Val S Acc  | Val T Entropy | Save        | Test MDE | Score  
---------------------------------------------------------------------------------------------------------------------------------------
1      | 6.2760     | 3.4907     | 1.3935       | 1.3919      | 0.5156     | 3.7358     |             | 1.3813   | -1.352 
2      | 5.5140     | 2.7630     | 1.3724       | 1.3786      | 0.8083     | 3.6554     |             | 1.1156   | -1.019 
3      | 5.0589     | 2.3254     | 1.3613       | 1.3721      | 0.8958     | 3.5180     |             | 0.9894   | -0.863 
4      | 4.6645     | 1.9468     | 1.3525       | 1.3652      | 0.9354     | 3.3577     |             | 0.9594   | -0.743 
5      | 4.3848     | 1.6824     | 1.3434       | 1.3590      | 0.9521     | 3.1683     |             | 0.8890   | -0.632 
6      | 4.1682     | 1.4843     | 1.3333       | 1.3506      | 0.9688     | 3.0250     |             | 0.8829   | -0.544 
7      | 4.0114     | 1.3482     | 1.3234       | 1.3397      | 0.9583     | 2.8663     |             | 0.9323   | -0.475 
8      | 3.8160     | 1.1760     | 1.3082       | 1.3317      | 0.9781     | 2.7384     |             | 0.8534   | -0.391 
9      | 3.6695     | 1.0570     | 1.2940       | 1.3185      | 0.9802     | 2.5864     |             | 0.8186   | -0.313 
10     | 3.5785     | 0.9936     | 1.2816       | 1.3033      | 0.9812     | 2.4400     |             | 0.8452   | -0.239 
11     | 3.4293     | 0.8803     | 1.2636       | 1.2853      | 0.9844     | 2.3564     | (ADV -0.19) | 0.8565   | -0.194 
12     | 3.3829     | 0.8569     | 1.2570       | 1.2690      | 0.9854     | 2.1962     | (ADV -0.11) | 0.8341   | -0.113 
13     | 3.2517     | 0.7649     | 1.2389       | 1.2478      | 0.9865     | 2.1436     | (ADV -0.09) | 0.8376   | -0.085 
14     | 3.1586     | 0.7157     | 1.2124       | 1.2305      | 0.9844     | 2.0698     | (ADV -0.05) | 0.8823   | -0.051 
15     | 3.0896     | 0.6852     | 1.1960       | 1.2084      | 0.9854     | 1.9536     | (ADV 0.01)  | 0.8907   | 0.009  
16     | 2.9933     | 0.6273     | 1.1791       | 1.1869      | 0.9833     | 1.8960     | (ADV 0.04)  | 0.8792   | 0.035  
17     | 2.9297     | 0.6246     | 1.1485       | 1.1566      | 0.9917     | 1.8336     | (ADV 0.07)  | 0.8855   | 0.075  
18     | 2.8521     | 0.5884     | 1.1229       | 1.1408      | 0.9885     | 1.7516     | (ADV 0.11)  | 0.9332   | 0.113  
19     | 2.7652     | 0.5374     | 1.1108       | 1.1169      | 0.9885     | 1.7362     | (ADV 0.12)  | 0.8786   | 0.120  
20     | 2.7505     | 0.5609     | 1.0903       | 1.0992      | 0.9906     | 1.6640     | (ADV 0.16)  | 0.9215   | 0.159  
21     | 2.6780     | 0.5304     | 1.0678       | 1.0797      | 0.9865     | 1.6315     | (ADV 0.17)  | 0.8805   | 0.171  
22     | 2.5935     | 0.5111     | 1.0369       | 1.0455      | 0.9854     | 1.5787     | (ADV 0.20)  | 0.8774   | 0.196  
23     | 2.5059     | 0.4652     | 1.0214       | 1.0194      | 0.9896     | 1.5325     | (ADV 0.22)  | 0.8663   | 0.223  
24     | 2.4741     | 0.4750     | 1.0125       | 0.9866      | 0.9906     | 1.4738     | (ADV 0.25)  | 0.8714   | 0.254  
25     | 2.4253     | 0.4573     | 0.9943       | 0.9737      | 0.9844     | 1.4480     | (ADV 0.26)  | 0.8704   | 0.260  
26     | 2.3288     | 0.4275     | 0.9613       | 0.9399      | 0.9875     | 1.4372     | (ADV 0.27)  | 0.8289   | 0.269  
27     | 2.3232     | 0.4217     | 0.9627       | 0.9388      | 0.9865     | 1.4146     | (ADV 0.28)  | 0.8550   | 0.279  
28     | 2.2974     | 0.4275     | 0.9521       | 0.9178      | 0.9906     | 1.3452     | (ADV 0.32)  | 0.9264   | 0.318  
29     | 2.2136     | 0.4001     | 0.9341       | 0.8794      | 0.9875     | 1.3701     |             | 0.8789   | 0.302  
30     | 2.2028     | 0.3889     | 0.9389       | 0.8750      | 0.9885     | 1.3073     | (ADV 0.33)  | 0.7885   | 0.335  
31     | 2.2091     | 0.3974     | 0.9445       | 0.8672      | 0.9917     | 1.3128     | (ADV 0.34)  | 0.9021   | 0.335  
32     | 2.2636     | 0.4178     | 0.9686       | 0.8772      | 0.9896     | 1.2792     | (ADV 0.35)  | 0.8764   | 0.350  
33     | 2.1975     | 0.3882     | 0.9426       | 0.8667      | 0.9917     | 1.2650     | (ADV 0.36)  | 0.8933   | 0.359  
34     | 2.2336     | 0.3970     | 0.9663       | 0.8703      | 0.9875     | 1.2712     |             | 0.8203   | 0.352  
35     | 2.2256     | 0.3800     | 0.9463       | 0.8994      | 0.9854     | 1.2895     |             | 0.8585   | 0.341  
36     | 2.2225     | 0.3724     | 0.9527       | 0.8974      | 0.9896     | 1.2328     | (ADV 0.37)  | 0.9024   | 0.373  
37     | 2.2695     | 0.3794     | 0.9879       | 0.9022      | 0.9885     | 1.2726     |             | 0.8914   | 0.352  
38     | 2.3067     | 0.3647     | 1.0165       | 0.9255      | 0.9875     | 1.2267     | (ADV 0.37)  | 0.8535   | 0.374  
39     | 2.3394     | 0.3670     | 1.0557       | 0.9167      | 0.9896     | 1.2118     | (ADV 0.38)  | 0.8625   | 0.384  
40     | 2.4246     | 0.3866     | 1.0940       | 0.9440      | 0.9896     | 1.1757     | (ADV 0.40)  | 0.8880   | 0.402  
41     | 2.4530     | 0.3816     | 1.1020       | 0.9694      | 0.9896     | 1.1578     | (ADV 0.41)  | 0.8503   | 0.411  
42     | 2.4098     | 0.3789     | 1.0776       | 0.9533      | 0.9875     | 1.1550     |             | 0.8244   | 0.410  
43     | 2.4243     | 0.3962     | 1.0609       | 0.9673      | 0.9906     | 1.1494     | (ADV 0.42)  | 0.8432   | 0.416  
44     | 2.5057     | 0.3759     | 1.0753       | 1.0545      | 0.9917     | 1.1454     | (ADV 0.42)  | 0.9381   | 0.419  
45     | 2.5561     | 0.3855     | 1.1221       | 1.0485      | 0.9885     | 1.1054     | (ADV 0.44)  | 0.8785   | 0.436  
46     | 2.5308     | 0.3611     | 1.1498       | 1.0198      | 0.9865     | 1.1177     |             | 0.9097   | 0.428  
47     | 2.5071     | 0.3891     | 1.1079       | 1.0100      | 0.9896     | 1.0801     | (ADV 0.45)  | 0.8201   | 0.450  
48     | 2.5260     | 0.3844     | 1.1352       | 1.0065      | 0.9906     | 1.0849     |             | 0.8522   | 0.448  
49     | 2.6014     | 0.3985     | 1.1520       | 1.0508      | 0.9896     | 1.1051     |             | 0.9188   | 0.437  
50     | 2.5680     | 0.3706     | 1.1515       | 1.0459      | 0.9896     | 1.0604     | (ADV 0.46)  | 0.8368   | 0.459  
51     | 2.5050     | 0.3493     | 1.1377       | 1.0180      | 0.9906     | 1.0573     | (ADV 0.46)  | 0.8874   | 0.462  
52     | 2.4939     | 0.3486     | 1.1442       | 1.0011      | 0.9896     | 1.0657     |             | 0.8779   | 0.457  
53     | 2.4922     | 0.3411     | 1.1356       | 1.0155      | 0.9917     | 1.0741     |             | 0.8610   | 0.455  
54     | 2.5187     | 0.3465     | 1.1120       | 1.0602      | 0.9875     | 1.0702     |             | 0.9147   | 0.452  
55     | 2.5269     | 0.3374     | 1.1241       | 1.0655      | 0.9917     | 1.0243     | (ADV 0.48)  | 0.9175   | 0.479  
56     | 2.5280     | 0.3636     | 1.1055       | 1.0589      | 0.9896     | 0.9673     | (ADV 0.51)  | 0.9086   | 0.506  
57     | 2.6050     | 0.3615     | 1.1376       | 1.1059      | 0.9896     | 1.0350     |             | 0.9573   | 0.472  
58     | 2.6095     | 0.3589     | 1.1525       | 1.0981      | 0.9906     | 1.0009     |             | 0.8998   | 0.490  
59     | 2.5315     | 0.3170     | 1.1575       | 1.0570      | 0.9906     | 0.9769     |             | 0.9149   | 0.502  
60     | 2.6652     | 0.3845     | 1.1870       | 1.0937      | 0.9906     | 0.9780     |             | 0.8706   | 0.502  
61     | 2.6213     | 0.3325     | 1.2084       | 1.0804      | 0.9896     | 0.9671     | (ADV 0.51)  | 0.9385   | 0.506  
62     | 2.6374     | 0.3221     | 1.2063       | 1.1089      | 0.9906     | 0.9410     | (ADV 0.52)  | 0.8886   | 0.520  
63     | 2.7189     | 0.3567     | 1.2259       | 1.1364      | 0.9875     | 0.9181     | (ADV 0.53)  | 0.8739   | 0.528  
64     | 2.6606     | 0.3289     | 1.1914       | 1.1403      | 0.9896     | 0.8882     | (ADV 0.55)  | 0.8678   | 0.545  
65     | 2.6361     | 0.3213     | 1.1729       | 1.1420      | 0.9906     | 0.9019     |             | 0.9317   | 0.540  
66     | 2.6352     | 0.3317     | 1.1678       | 1.1357      | 0.9917     | 0.8972     |             | 0.8832   | 0.543  
67     | 2.6552     | 0.3453     | 1.1656       | 1.1443      | 0.9906     | 0.8945     |             | 0.9176   | 0.543  
68     | 2.6473     | 0.3537     | 1.1394       | 1.1543      | 0.9906     | 0.8662     | (ADV 0.56)  | 0.8648   | 0.558  
69     | 2.6154     | 0.3516     | 1.1419       | 1.1219      | 0.9917     | 0.8755     |             | 0.9509   | 0.554  
70     | 2.5816     | 0.3149     | 1.1655       | 1.1012      | 0.9906     | 0.8211     | (ADV 0.58)  | 0.8755   | 0.580  
71     | 2.6418     | 0.3299     | 1.1827       | 1.1292      | 0.9906     | 0.8133     | (ADV 0.58)  | 0.8900   | 0.584  
72     | 2.6631     | 0.3481     | 1.1689       | 1.1462      | 0.9906     | 0.8275     |             | 0.9034   | 0.577  
73     | 2.6229     | 0.3320     | 1.1498       | 1.1411      | 0.9927     | 0.8276     |             | 0.9296   | 0.579  
74     | 2.5429     | 0.2899     | 1.1221       | 1.1309      | 0.9938     | 0.8186     | (ADV 0.58)  | 0.8949   | 0.584  
75     | 2.5627     | 0.2941     | 1.1169       | 1.1516      | 0.9917     | 0.8180     |             | 0.8808   | 0.583  
76     | 2.5985     | 0.3030     | 1.1415       | 1.1541      | 0.9906     | 0.8436     |             | 0.9132   | 0.569  
77     | 2.6028     | 0.2930     | 1.1682       | 1.1415      | 0.9917     | 0.7983     | (ADV 0.59)  | 0.8719   | 0.593  
78     | 2.6095     | 0.2939     | 1.1760       | 1.1396      | 0.9906     | 0.8097     |             | 0.8413   | 0.586  
79     | 2.6200     | 0.2936     | 1.1720       | 1.1544      | 0.9906     | 0.8285     |             | 0.8478   | 0.576  
80     | 2.6157     | 0.2956     | 1.1548       | 1.1653      | 0.9885     | 0.8109     |             | 0.8923   | 0.583  
81     | 2.6700     | 0.3112     | 1.1659       | 1.1929      | 0.9917     | 0.8007     |             | 0.9368   | 0.591  
82     | 2.6911     | 0.3130     | 1.2211       | 1.1569      | 0.9885     | 0.8432     |             | 0.9343   | 0.567  
83     | 2.6526     | 0.3156     | 1.1767       | 1.1603      | 0.9906     | 0.8319     |             | 0.8898   | 0.575  
84     | 2.5955     | 0.2955     | 1.1635       | 1.1365      | 0.9917     | 0.7909     | (ADV 0.60)  | 0.8588   | 0.596  
85     | 2.5963     | 0.2912     | 1.1728       | 1.1323      | 0.9938     | 0.8343     |             | 0.9588   | 0.577  
86     | 2.6615     | 0.3034     | 1.2058       | 1.1523      | 0.9906     | 0.8018     |             | 0.9274   | 0.590  
87     | 2.6308     | 0.2913     | 1.1874       | 1.1521      | 0.9927     | 0.8191     |             | 0.8981   | 0.583  
88     | 2.6320     | 0.2836     | 1.1657       | 1.1827      | 0.9938     | 0.8316     |             | 0.8877   | 0.578  
89     | 2.6714     | 0.2915     | 1.1637       | 1.2162      | 0.9896     | 0.7853     | (ADV 0.60)  | 0.9084   | 0.597  
90     | 2.6078     | 0.2668     | 1.1526       | 1.1884      | 0.9948     | 0.7621     | (ADV 0.61)  | 0.8671   | 0.614  
91     | 2.6381     | 0.2750     | 1.1634       | 1.1998      | 0.9896     | 0.7963     |             | 0.9263   | 0.591  
92     | 2.7014     | 0.3082     | 1.1697       | 1.2235      | 0.9938     | 0.7910     |             | 0.9296   | 0.598  
93     | 2.6456     | 0.2963     | 1.1678       | 1.1815      | 0.9948     | 0.7712     |             | 0.9185   | 0.609  
94     | 2.6253     | 0.2689     | 1.1694       | 1.1871      | 0.9938     | 0.8205     |             | 0.9129   | 0.584  
95     | 2.5769     | 0.2693     | 1.1651       | 1.1425      | 0.9927     | 0.7831     |             | 0.8992   | 0.601  
96     | 2.5755     | 0.2662     | 1.1519       | 1.1574      | 0.9906     | 0.7389     | (ADV 0.62)  | 0.8885   | 0.621  
97     | 2.5599     | 0.2455     | 1.1395       | 1.1749      | 0.9927     | 0.7433     |             | 0.8838   | 0.621  
98     | 2.5963     | 0.2760     | 1.1286       | 1.1917      | 0.9927     | 0.7770     |             | 0.8996   | 0.604  
99     | 2.6210     | 0.2981     | 1.1407       | 1.1822      | 0.9938     | 0.7882     |             | 0.9186   | 0.600  
100    | 2.5391     | 0.2720     | 1.1395       | 1.1276      | 0.9927     | 0.7636     |             | 0.8446   | 0.611  
101    | 2.5755     | 0.2650     | 1.1670       | 1.1436      | 0.9927     | 0.7943     |             | 0.8964   | 0.596  
102    | 2.6039     | 0.2761     | 1.1653       | 1.1625      | 0.9917     | 0.7779     |             | 0.9766   | 0.603  
103    | 2.5897     | 0.2820     | 1.1561       | 1.1516      | 0.9927     | 0.7649     |             | 0.9610   | 0.610  
104    | 2.5804     | 0.2690     | 1.1706       | 1.1408      | 0.9938     | 0.7688     |             | 0.9869   | 0.609  
105    | 2.7005     | 0.3024     | 1.2127       | 1.1854      | 0.9927     | 0.7681     |             | 0.8667   | 0.609  
106    | 2.6567     | 0.2702     | 1.2047       | 1.1818      | 0.9938     | 0.7667     |             | 0.9406   | 0.610  
107    | 2.6934     | 0.2823     | 1.2464       | 1.1647      | 0.9938     | 0.7161     | (ADV 0.64)  | 0.8967   | 0.636  
108    | 2.6716     | 0.2687     | 1.2496       | 1.1532      | 0.9927     | 0.7157     |             | 0.9111   | 0.635  
109    | 2.7141     | 0.2863     | 1.2505       | 1.1773      | 0.9906     | 0.7018     | (ADV 0.64)  | 0.8868   | 0.640  
110    | 2.6951     | 0.2870     | 1.2333       | 1.1748      | 0.9927     | 0.7145     |             | 0.9239   | 0.635  
111    | 2.6322     | 0.2571     | 1.2326       | 1.1426      | 0.9948     | 0.6994     | (ADV 0.65)  | 0.9096   | 0.645  
112    | 2.6346     | 0.2581     | 1.2185       | 1.1580      | 0.9927     | 0.7003     |             | 0.8988   | 0.643  
113    | 2.6698     | 0.2592     | 1.2074       | 1.2032      | 0.9927     | 0.6881     | (ADV 0.65)  | 0.8272   | 0.649  
114    | 2.6070     | 0.2529     | 1.1712       | 1.1829      | 0.9948     | 0.7328     |             | 0.9224   | 0.628  
115    | 2.6480     | 0.2566     | 1.1765       | 1.2148      | 0.9927     | 0.6911     |             | 0.8446   | 0.647  
116    | 2.6759     | 0.2756     | 1.1940       | 1.2063      | 0.9927     | 0.7056     |             | 0.8915   | 0.640  
117    | 2.6638     | 0.2772     | 1.1936       | 1.1929      | 0.9948     | 0.6898     | (ADV 0.65)  | 0.9188   | 0.650  
118    | 2.6519     | 0.2656     | 1.1685       | 1.2179      | 0.9938     | 0.6573     | (ADV 0.67)  | 0.9301   | 0.665  
119    | 2.6476     | 0.2465     | 1.1867       | 1.2145      | 0.9917     | 0.6934     |             | 0.9215   | 0.645  
120    | 2.6914     | 0.2828     | 1.1940       | 1.2145      | 0.9917     | 0.7211     |             | 0.8294   | 0.631  
121    | 2.6308     | 0.2529     | 1.2058       | 1.1721      | 0.9927     | 0.7108     |             | 0.8633   | 0.637  
122    | 2.6556     | 0.2516     | 1.2225       | 1.1815      | 0.9927     | 0.6770     |             | 0.9127   | 0.654  
123    | 2.6008     | 0.2454     | 1.2196       | 1.1358      | 0.9938     | 0.7125     |             | 0.9408   | 0.637  
124    | 2.6696     | 0.2508     | 1.2572       | 1.1616      | 0.9906     | 0.7232     |             | 0.9261   | 0.629  
125    | 2.6504     | 0.2434     | 1.2339       | 1.1731      | 0.9906     | 0.6879     |             | 0.9283   | 0.647  
126    | 2.6465     | 0.2677     | 1.1897       | 1.1892      | 0.9906     | 0.7058     |             | 0.9352   | 0.638  
127    | 2.6288     | 0.2432     | 1.1971       | 1.1885      | 0.9927     | 0.6370     | (ADV 0.67)  | 0.8730   | 0.674  
128    | 2.5397     | 0.2265     | 1.1576       | 1.1556      | 0.9927     | 0.6258     | (ADV 0.68)  | 0.9216   | 0.680  
129    | 2.5979     | 0.2487     | 1.1462       | 1.2030      | 0.9938     | 0.6619     |             | 0.9805   | 0.663  
130    | 2.6159     | 0.2499     | 1.1594       | 1.2065      | 0.9917     | 0.6517     |             | 0.8366   | 0.666  
131    | 2.5808     | 0.2311     | 1.1576       | 1.1921      | 0.9927     | 0.6272     |             | 0.8957   | 0.679  
132    | 2.6491     | 0.2516     | 1.1817       | 1.2158      | 0.9958     | 0.6295     | (ADV 0.68)  | 0.9314   | 0.681  
133    | 2.5763     | 0.2254     | 1.1530       | 1.1979      | 0.9927     | 0.5981     | (ADV 0.69)  | 0.8953   | 0.694  
134    | 2.6268     | 0.2465     | 1.1811       | 1.1993      | 0.9948     | 0.6488     |             | 0.9571   | 0.670  
135    | 2.6391     | 0.2547     | 1.1977       | 1.1868      | 0.9927     | 0.6654     |             | 0.9098   | 0.660  
136    | 2.6247     | 0.2538     | 1.2017       | 1.1692      | 0.9948     | 0.6777     |             | 0.8796   | 0.656  
137    | 2.6234     | 0.2484     | 1.2092       | 1.1658      | 0.9927     | 0.6831     |             | 0.8694   | 0.651  
138    | 2.6590     | 0.2576     | 1.2416       | 1.1599      | 0.9927     | 0.6730     |             | 0.9512   | 0.656  
139    | 2.6799     | 0.2404     | 1.2668       | 1.1727      | 0.9917     | 0.6693     |             | 0.9039   | 0.657  
140    | 2.7010     | 0.2601     | 1.2683       | 1.1726      | 0.9927     | 0.6416     |             | 0.8802   | 0.672  
141    | 2.6913     | 0.2449     | 1.2901       | 1.1563      | 0.9896     | 0.6686     |             | 0.8931   | 0.655  
142    | 2.6913     | 0.2475     | 1.2783       | 1.1655      | 0.9896     | 0.6717     |             | 0.9121   | 0.654  
143    | 2.6394     | 0.2184     | 1.2747       | 1.1463      | 0.9927     | 0.6164     |             | 0.8832   | 0.684  
144    | 2.7272     | 0.2533     | 1.3034       | 1.1705      | 0.9948     | 0.6370     |             | 0.8762   | 0.676  
145    | 2.6856     | 0.2288     | 1.2902       | 1.1667      | 0.9927     | 0.5916     | (ADV 0.70)  | 0.8268   | 0.697  
146    | 2.6997     | 0.2537     | 1.2782       | 1.1677      | 0.9917     | 0.6518     |             | 0.8441   | 0.666  
147    | 2.6647     | 0.2316     | 1.2485       | 1.1846      | 0.9948     | 0.5896     | (ADV 0.70)  | 0.8195   | 0.700  
148    | 2.6908     | 0.2454     | 1.2668       | 1.1786      | 0.9938     | 0.6044     |             | 0.8505   | 0.692  
149    | 2.6221     | 0.2148     | 1.2470       | 1.1602      | 0.9927     | 0.6361     |             | 0.8556   | 0.675  
150    | 2.6789     | 0.2538     | 1.2607       | 1.1644      | 0.9917     | 0.6599     |             | 0.8808   | 0.662  
151    | 2.6317     | 0.2200     | 1.2531       | 1.1587      | 0.9927     | 0.6288     |             | 0.8907   | 0.678  
152    | 2.6022     | 0.2347     | 1.2084       | 1.1591      | 0.9917     | 0.6206     |             | 0.7912   | 0.681  
153    | 2.6193     | 0.2154     | 1.2218       | 1.1821      | 0.9948     | 0.6404     |             | 0.8947   | 0.675  
154    | 2.6588     | 0.2457     | 1.2326       | 1.1805      | 0.9906     | 0.6290     |             | 0.9282   | 0.676  
155    | 2.6536     | 0.2292     | 1.2471       | 1.1773      | 0.9948     | 0.5890     | (ADV 0.70)  | 0.8912   | 0.700  
156    | 2.6972     | 0.2444     | 1.2653       | 1.1875      | 0.9927     | 0.6435     |             | 0.8948   | 0.671  
157    | 2.6659     | 0.2057     | 1.2571       | 1.2030      | 0.9927     | 0.6063     |             | 0.8609   | 0.690  
158    | 2.6467     | 0.2228     | 1.2192       | 1.2047      | 0.9927     | 0.5718     | (ADV 0.71)  | 0.8764   | 0.707  
159    | 2.6246     | 0.2116     | 1.2166       | 1.1965      | 0.9927     | 0.6276     |             | 0.8867   | 0.679  
160    | 2.6493     | 0.2307     | 1.2193       | 1.1994      | 0.9917     | 0.6202     |             | 0.9230   | 0.682  
161    | 2.6235     | 0.2322     | 1.2131       | 1.1781      | 0.9948     | 0.5861     |             | 0.9329   | 0.702  
162    | 2.6019     | 0.2186     | 1.2002       | 1.1831      | 0.9938     | 0.5622     | (ADV 0.71)  | 0.9161   | 0.713  
163    | 2.6105     | 0.2193     | 1.2039       | 1.1873      | 0.9906     | 0.6226     |             | 0.9138   | 0.679  
164    | 2.6270     | 0.2522     | 1.1949       | 1.1799      | 0.9896     | 0.6239     |             | 0.9371   | 0.678  
165    | 2.6427     | 0.2336     | 1.1966       | 1.2124      | 0.9938     | 0.6345     |             | 0.9313   | 0.676  
166    | 2.6962     | 0.2221     | 1.2063       | 1.2678      | 0.9938     | 0.6469     |             | 0.9217   | 0.670  
167    | 2.6927     | 0.2321     | 1.2055       | 1.2550      | 0.9927     | 0.6178     |             | 0.9170   | 0.684  
168    | 2.6905     | 0.2247     | 1.1972       | 1.2686      | 0.9938     | 0.6328     |             | 0.9280   | 0.677  
169    | 2.6753     | 0.2321     | 1.1973       | 1.2459      | 0.9927     | 0.6284     |             | 0.8421   | 0.678  
170    | 2.6177     | 0.2088     | 1.1893       | 1.2196      | 0.9927     | 0.6184     |             | 0.8469   | 0.683  
171    | 2.6079     | 0.2242     | 1.1925       | 1.1912      | 0.9927     | 0.6381     |             | 0.9312   | 0.674  
172    | 2.6083     | 0.2012     | 1.2182       | 1.1889      | 0.9917     | 0.6258     |             | 0.9347   | 0.679  
173    | 2.6699     | 0.2416     | 1.2348       | 1.1935      | 0.9896     | 0.6217     |             | 0.9568   | 0.679  
174    | 2.6138     | 0.2291     | 1.2071       | 1.1775      | 0.9917     | 0.5938     |             | 0.9099   | 0.695  
175    | 2.6578     | 0.2399     | 1.2089       | 1.2089      | 0.9927     | 0.6152     |             | 0.9217   | 0.685  
176    | 2.6620     | 0.2492     | 1.1906       | 1.2223      | 0.9938     | 0.6320     |             | 0.8950   | 0.678  
177    | 2.6007     | 0.2139     | 1.1922       | 1.1946      | 0.9927     | 0.5947     |             | 0.9365   | 0.695  
178    | 2.6189     | 0.2388     | 1.1865       | 1.1936      | 0.9927     | 0.5917     |             | 0.8759   | 0.697  
179    | 2.5707     | 0.1905     | 1.1891       | 1.1911      | 0.9948     | 0.5999     |             | 0.8740   | 0.695  
180    | 2.6562     | 0.2312     | 1.2062       | 1.2187      | 0.9917     | 0.6062     |             | 0.8778   | 0.689  
181    | 2.6501     | 0.2254     | 1.2022       | 1.2225      | 0.9927     | 0.6173     |             | 0.8679   | 0.684  
182    | 2.6410     | 0.2133     | 1.2057       | 1.2220      | 0.9938     | 0.6338     |             | 0.8702   | 0.677  
183    | 2.5859     | 0.2006     | 1.2056       | 1.1796      | 0.9927     | 0.5701     |             | 0.9228   | 0.708  
184    | 2.5710     | 0.2120     | 1.1833       | 1.1757      | 0.9938     | 0.5861     |             | 0.9335   | 0.701  
185    | 2.5722     | 0.1938     | 1.2173       | 1.1612      | 0.9938     | 0.6169     |             | 0.8970   | 0.685  
186    | 2.5986     | 0.2091     | 1.2406       | 1.1489      | 0.9917     | 0.5981     |             | 0.9108   | 0.693  
187    | 2.6286     | 0.2340     | 1.2159       | 1.1787      | 0.9927     | 0.5591     | (ADV 0.71)  | 0.9001   | 0.713  
188    | 2.6184     | 0.2291     | 1.2040       | 1.1853      | 0.9938     | 0.6072     |             | 0.8744   | 0.690  
189    | 2.5768     | 0.1998     | 1.1944       | 1.1827      | 0.9948     | 0.6242     |             | 0.9090   | 0.683  
190    | 2.5776     | 0.2105     | 1.2036       | 1.1635      | 0.9948     | 0.5814     |             | 0.9422   | 0.704  
191    | 2.5799     | 0.2140     | 1.2034       | 1.1625      | 0.9927     | 0.6100     |             | 0.9076   | 0.688  
192    | 2.5414     | 0.2025     | 1.2122       | 1.1267      | 0.9948     | 0.5994     |             | 0.9022   | 0.695  
193    | 2.6061     | 0.2005     | 1.2364       | 1.1691      | 0.9917     | 0.6016     |             | 0.8545   | 0.691  
194    | 2.6009     | 0.1900     | 1.2516       | 1.1593      | 0.9938     | 0.6002     |             | 0.8498   | 0.694  
195    | 2.6885     | 0.2186     | 1.2773       | 1.1927      | 0.9948     | 0.6159     |             | 0.8720   | 0.687  
196    | 2.7144     | 0.2409     | 1.2635       | 1.2101      | 0.9927     | 0.5943     |             | 0.8308   | 0.696  
197    | 2.6610     | 0.1810     | 1.2648       | 1.2151      | 0.9948     | 0.5951     |             | 0.8482   | 0.697  
198    | 2.6982     | 0.2278     | 1.2601       | 1.2103      | 0.9927     | 0.6013     |             | 0.8885   | 0.692  
199    | 2.6626     | 0.2275     | 1.2329       | 1.2023      | 0.9938     | 0.5947     |             | 0.8579   | 0.696  
200    | 2.6671     | 0.2030     | 1.2584       | 1.2057      | 0.9938     | 0.5925     |             | 0.9025   | 0.698  
201    | 2.7015     | 0.2090     | 1.2831       | 1.2094      | 0.9927     | 0.5673     |             | 0.8759   | 0.709  
202    | 2.7220     | 0.2143     | 1.2886       | 1.2192      | 0.9927     | 0.5738     |             | 0.8821   | 0.706  
203    | 2.6626     | 0.2192     | 1.2397       | 1.2038      | 0.9927     | 0.5639     |             | 0.8692   | 0.711  
204    | 2.6839     | 0.2251     | 1.2601       | 1.1988      | 0.9927     | 0.5631     |             | 0.8553   | 0.711  
205    | 2.6517     | 0.2009     | 1.2485       | 1.2023      | 0.9938     | 0.5417     | (ADV 0.72)  | 0.8496   | 0.723  
206    | 2.6346     | 0.2107     | 1.2393       | 1.1846      | 0.9927     | 0.5616     |             | 0.8808   | 0.712  
207    | 2.6188     | 0.1977     | 1.2488       | 1.1723      | 0.9948     | 0.6039     |             | 0.8700   | 0.693  
208    | 2.6256     | 0.1945     | 1.2544       | 1.1767      | 0.9917     | 0.5745     |             | 0.8566   | 0.704  
209    | 2.6467     | 0.2071     | 1.2591       | 1.1805      | 0.9938     | 0.5734     |             | 0.8917   | 0.707  
210    | 2.6027     | 0.1866     | 1.2276       | 1.1886      | 0.9927     | 0.5658     |             | 0.9071   | 0.710  
211    | 2.6780     | 0.2079     | 1.2386       | 1.2315      | 0.9917     | 0.5462     |             | 0.9186   | 0.719  
212    | 2.6478     | 0.1905     | 1.2354       | 1.2218      | 0.9865     | 0.5900     |             | 0.8859   | 0.691  
213    | 2.6972     | 0.2060     | 1.2163       | 1.2750      | 0.9896     | 0.5881     |             | 0.8326   | 0.696  
214    | 2.6889     | 0.2099     | 1.2207       | 1.2584      | 0.9938     | 0.5914     |             | 0.9223   | 0.698  
215    | 2.7323     | 0.2096     | 1.2451       | 1.2777      | 0.9927     | 0.5525     |             | 0.9529   | 0.716  
216    | 2.7245     | 0.2250     | 1.2503       | 1.2492      | 0.9917     | 0.5310     | (ADV 0.73)  | 0.9422   | 0.726  
217    | 2.7212     | 0.2184     | 1.2416       | 1.2612      | 0.9938     | 0.5927     |             | 0.8961   | 0.697  
218    | 2.7643     | 0.2166     | 1.2657       | 1.2820      | 0.9906     | 0.5906     |             | 0.9026   | 0.695  
219    | 2.7568     | 0.2048     | 1.2637       | 1.2883      | 0.9938     | 0.5825     |             | 0.8240   | 0.703  
220    | 2.7636     | 0.2120     | 1.2385       | 1.3132      | 0.9948     | 0.5963     |             | 0.8704   | 0.697  
221    | 2.7276     | 0.2191     | 1.2238       | 1.2847      | 0.9917     | 0.6030     |             | 0.8887   | 0.690  
222    | 2.7410     | 0.2352     | 1.2335       | 1.2723      | 0.9927     | 0.5476     |             | 0.8852   | 0.719  
223    | 2.6730     | 0.2158     | 1.2135       | 1.2437      | 0.9948     | 0.5789     |             | 0.9112   | 0.705  
224    | 2.6434     | 0.1789     | 1.2182       | 1.2463      | 0.9948     | 0.5838     |             | 0.9026   | 0.703  
225    | 2.6631     | 0.2049     | 1.2411       | 1.2172      | 0.9969     | 0.5886     |             | 0.9285   | 0.703  
226    | 2.6576     | 0.1925     | 1.2539       | 1.2112      | 0.9927     | 0.5566     |             | 0.8941   | 0.714  
227    | 2.6727     | 0.1945     | 1.2839       | 1.1943      | 0.9927     | 0.5654     |             | 0.8891   | 0.710  
228    | 2.6606     | 0.2004     | 1.2657       | 1.1945      | 0.9958     | 0.5626     |             | 0.8813   | 0.715  
229    | 2.6222     | 0.2010     | 1.2273       | 1.1939      | 0.9938     | 0.5884     |             | 0.8832   | 0.700  
230    | 2.6530     | 0.2119     | 1.2551       | 1.1861      | 0.9896     | 0.5389     |             | 0.8959   | 0.720  
231    | 2.6440     | 0.1976     | 1.2535       | 1.1929      | 0.9938     | 0.5414     |             | 0.8755   | 0.723  
232    | 2.6560     | 0.1983     | 1.2608       | 1.1969      | 0.9948     | 0.5506     |             | 0.9442   | 0.719  
233    | 2.6489     | 0.1799     | 1.2597       | 1.2093      | 0.9938     | 0.5310     | (ADV 0.73)  | 0.9216   | 0.728  
234    | 2.6835     | 0.1997     | 1.2707       | 1.2132      | 0.9927     | 0.5401     |             | 0.9752   | 0.723  
235    | 2.6594     | 0.2005     | 1.2711       | 1.1878      | 0.9948     | 0.5446     |             | 0.9274   | 0.722  
236    | 2.6224     | 0.1879     | 1.2527       | 1.1818      | 0.9938     | 0.5363     |             | 0.9362   | 0.726  
237    | 2.6254     | 0.1875     | 1.2569       | 1.1810      | 0.9948     | 0.5378     |             | 0.8937   | 0.726  
238    | 2.6390     | 0.1802     | 1.2648       | 1.1940      | 0.9948     | 0.5810     |             | 0.9332   | 0.704  
239    | 2.6967     | 0.2036     | 1.2695       | 1.2236      | 0.9948     | 0.5926     |             | 0.8669   | 0.698  
240    | 2.6471     | 0.1848     | 1.2600       | 1.2023      | 0.9948     | 0.5456     |             | 0.9279   | 0.722  
241    | 2.6785     | 0.2072     | 1.2558       | 1.2155      | 0.9958     | 0.5476     |             | 0.8836   | 0.722  
242    | 2.6162     | 0.1735     | 1.2561       | 1.1866      | 0.9948     | 0.5197     | (ADV 0.73)  | 0.8819   | 0.735  
243    | 2.6474     | 0.1762     | 1.2651       | 1.2061      | 0.9958     | 0.5418     |             | 0.9033   | 0.725  
244    | 2.7133     | 0.2126     | 1.2879       | 1.2128      | 0.9969     | 0.5464     |             | 0.9187   | 0.724  
245    | 2.7383     | 0.2039     | 1.3066       | 1.2278      | 0.9948     | 0.5353     |             | 0.8479   | 0.727  
246    | 2.7428     | 0.2266     | 1.2992       | 1.2170      | 0.9969     | 0.5406     |             | 0.8937   | 0.727  
247    | 2.7126     | 0.1894     | 1.3051       | 1.2181      | 0.9938     | 0.4984     | (ADV 0.74)  | 0.9580   | 0.745  
248    | 2.7027     | 0.1981     | 1.2868       | 1.2178      | 0.9927     | 0.4972     |             | 0.8926   | 0.744  
249    | 2.7468     | 0.2082     | 1.2844       | 1.2542      | 0.9948     | 0.4934     | (ADV 0.75)  | 0.8682   | 0.748  
250    | 2.6730     | 0.1951     | 1.2529       | 1.2251      | 0.9938     | 0.5153     |             | 0.9098   | 0.736  
251    | 2.7035     | 0.1984     | 1.2603       | 1.2448      | 0.9948     | 0.5350     |             | 0.9373   | 0.727  
252    | 2.7109     | 0.2073     | 1.2765       | 1.2272      | 0.9958     | 0.4984     |             | 0.8764   | 0.747  
253    | 2.7088     | 0.2108     | 1.2689       | 1.2291      | 0.9938     | 0.5345     |             | 0.9272   | 0.727  
254    | 2.6971     | 0.2168     | 1.2575       | 1.2228      | 0.9948     | 0.5134     |             | 0.8918   | 0.738  
255    | 2.6689     | 0.2029     | 1.2587       | 1.2073      | 0.9958     | 0.5410     |             | 0.8834   | 0.725  
256    | 2.6911     | 0.1945     | 1.2759       | 1.2207      | 0.9948     | 0.5279     |             | 0.8502   | 0.731  
257    | 2.6847     | 0.1842     | 1.2817       | 1.2187      | 0.9990     | 0.4907     | (ADV 0.75)  | 0.8911   | 0.754  
258    | 2.6830     | 0.1893     | 1.2865       | 1.2073      | 0.9969     | 0.5111     |             | 0.8555   | 0.741  
259    | 2.6610     | 0.1891     | 1.2514       | 1.2205      | 0.9969     | 0.5094     |             | 0.8614   | 0.742  
260    | 2.6742     | 0.1777     | 1.2521       | 1.2444      | 0.9958     | 0.5488     |             | 0.8797   | 0.721  
261    | 2.7192     | 0.1860     | 1.2741       | 1.2591      | 0.9969     | 0.5017     |             | 0.9172   | 0.746  
262    | 2.7547     | 0.2113     | 1.2927       | 1.2507      | 0.9958     | 0.5379     |             | 0.8754   | 0.727  
263    | 2.7157     | 0.1853     | 1.2980       | 1.2324      | 0.9958     | 0.5572     |             | 0.9040   | 0.717  
264    | 2.7365     | 0.2006     | 1.2964       | 1.2395      | 0.9958     | 0.5450     |             | 0.8574   | 0.723  
265    | 2.7292     | 0.1863     | 1.3067       | 1.2362      | 0.9938     | 0.5109     |             | 0.8683   | 0.738  
266    | 2.7108     | 0.1752     | 1.2971       | 1.2385      | 0.9938     | 0.5238     |             | 0.8857   | 0.732  
267    | 2.7741     | 0.2018     | 1.3163       | 1.2560      | 0.9917     | 0.4902     |             | 0.8793   | 0.747  
268    | 2.7602     | 0.1831     | 1.3376       | 1.2395      | 0.9958     | 0.4939     |             | 0.8636   | 0.749  
269    | 2.7410     | 0.1884     | 1.3314       | 1.2212      | 0.9938     | 0.5118     |             | 0.8994   | 0.738  
270    | 2.6921     | 0.1787     | 1.2864       | 1.2269      | 0.9938     | 0.5015     |             | 0.9212   | 0.743  
271    | 2.6624     | 0.1890     | 1.2585       | 1.2148      | 0.9969     | 0.5036     |             | 0.8680   | 0.745  
272    | 2.7095     | 0.1961     | 1.2718       | 1.2416      | 0.9948     | 0.5110     |             | 0.9273   | 0.739  
273    | 2.6689     | 0.1825     | 1.2601       | 1.2263      | 0.9917     | 0.4993     |             | 0.8521   | 0.742  
274    | 2.7004     | 0.2026     | 1.2620       | 1.2358      | 0.9948     | 0.4875     |             | 0.9448   | 0.751  
275    | 2.6503     | 0.1831     | 1.2406       | 1.2266      | 0.9979     | 0.4916     |             | 0.9219   | 0.752  
276    | 2.7046     | 0.1957     | 1.2663       | 1.2426      | 0.9979     | 0.4728     | (ADV 0.76)  | 0.8887   | 0.762  
277    | 2.7044     | 0.1824     | 1.2814       | 1.2405      | 0.9969     | 0.4936     |             | 0.8847   | 0.750  
278    | 2.7173     | 0.1912     | 1.2975       | 1.2286      | 0.9969     | 0.5241     |             | 0.8876   | 0.735  
279    | 2.7385     | 0.2036     | 1.2838       | 1.2511      | 0.9948     | 0.5445     |             | 0.9024   | 0.723  
280    | 2.7282     | 0.1906     | 1.3186       | 1.2191      | 0.9958     | 0.4857     |             | 0.8905   | 0.753  
281    | 2.7305     | 0.1898     | 1.3158       | 1.2249      | 0.9938     | 0.5131     |             | 0.8410   | 0.737  
282    | 2.7335     | 0.2030     | 1.3183       | 1.2122      | 0.9927     | 0.5161     |             | 0.8847   | 0.735  
283    | 2.7121     | 0.1898     | 1.3139       | 1.2084      | 0.9906     | 0.5096     |             | 0.8578   | 0.736  
284    | 2.6738     | 0.1969     | 1.2850       | 1.1919      | 0.9948     | 0.5195     |             | 0.8640   | 0.735  
285    | 2.6664     | 0.1751     | 1.2822       | 1.2091      | 0.9938     | 0.5101     |             | 0.8589   | 0.739  
286    | 2.6760     | 0.1873     | 1.3021       | 1.1866      | 0.9948     | 0.5052     |             | 0.8743   | 0.742  
287    | 2.7374     | 0.2104     | 1.3195       | 1.2075      | 0.9896     | 0.5513     |             | 0.8311   | 0.714  
288    | 2.7135     | 0.1748     | 1.3360       | 1.2027      | 0.9969     | 0.5239     |             | 0.8117   | 0.735  
289    | 2.7459     | 0.1951     | 1.3345       | 1.2163      | 0.9927     | 0.5203     |             | 0.8024   | 0.733  
290    | 2.7312     | 0.1872     | 1.3329       | 1.2111      | 0.9958     | 0.5174     |             | 0.8641   | 0.737  
291    | 2.6825     | 0.1754     | 1.3132       | 1.1939      | 0.9969     | 0.5591     |             | 0.8618   | 0.717  
292    | 2.6972     | 0.1836     | 1.2802       | 1.2334      | 0.9948     | 0.5532     |             | 0.8961   | 0.718  
293    | 2.7068     | 0.1870     | 1.2836       | 1.2362      | 0.9948     | 0.5223     |             | 0.8806   | 0.734  
294    | 2.6724     | 0.1857     | 1.2681       | 1.2187      | 0.9969     | 0.5223     |             | 0.8567   | 0.736  
295    | 2.6884     | 0.2040     | 1.2702       | 1.2142      | 0.9958     | 0.5457     |             | 0.8421   | 0.723  
296    | 2.6452     | 0.1659     | 1.2657       | 1.2136      | 0.9927     | 0.5086     |             | 0.8817   | 0.738  
297    | 2.6457     | 0.1727     | 1.2703       | 1.2027      | 0.9948     | 0.5030     |             | 0.8687   | 0.743  
298    | 2.6734     | 0.1853     | 1.2742       | 1.2138      | 0.9938     | 0.4986     |             | 0.9279   | 0.744  
299    | 2.6644     | 0.1673     | 1.2764       | 1.2206      | 0.9969     | 0.4923     |             | 0.9228   | 0.751  
300    | 2.6582     | 0.1721     | 1.2626       | 1.2235      | 0.9958     | 0.5001     |             | 0.8938   | 0.746  
301    | 2.6819     | 0.1803     | 1.2626       | 1.2390      | 0.9969     | 0.4835     |             | 0.9970   | 0.755  
302    | 2.6860     | 0.1680     | 1.2753       | 1.2426      | 0.9969     | 0.4996     |             | 0.9820   | 0.747  
303    | 2.7397     | 0.1996     | 1.2935       | 1.2466      | 0.9958     | 0.4851     |             | 0.9694   | 0.753  
304    | 2.6870     | 0.1781     | 1.2894       | 1.2194      | 0.9906     | 0.5038     |             | 0.8802   | 0.739  
305    | 2.6881     | 0.1757     | 1.2896       | 1.2229      | 0.9969     | 0.5215     |             | 0.8902   | 0.736  
306    | 2.7112     | 0.1994     | 1.2838       | 1.2280      | 0.9948     | 0.5069     |             | 0.8703   | 0.741  
307    | 2.7240     | 0.2001     | 1.2914       | 1.2326      | 0.9927     | 0.5208     |             | 0.9293   | 0.732  
308    | 2.7287     | 0.2143     | 1.2856       | 1.2288      | 0.9938     | 0.5148     |             | 1.0186   | 0.736  
309    | 2.6864     | 0.1842     | 1.2940       | 1.2082      | 0.9958     | 0.4873     |             | 0.8196   | 0.752  
310    | 2.6795     | 0.1939     | 1.2840       | 1.2016      | 0.9938     | 0.5088     |             | 0.8922   | 0.739  
311    | 2.6856     | 0.1865     | 1.2742       | 1.2249      | 0.9958     | 0.5288     |             | 0.8985   | 0.731  
312    | 2.6734     | 0.1762     | 1.2751       | 1.2221      | 0.9958     | 0.5068     |             | 0.8408   | 0.742  
313    | 2.7148     | 0.1960     | 1.2845       | 1.2342      | 0.9927     | 0.4831     |             | 0.8191   | 0.751  
314    | 2.7200     | 0.1708     | 1.2874       | 1.2617      | 0.9948     | 0.5009     |             | 0.8015   | 0.744  
315    | 2.7375     | 0.1800     | 1.2814       | 1.2760      | 0.9958     | 0.5356     |             | 0.7995   | 0.728  
316    | 2.7084     | 0.1909     | 1.2549       | 1.2625      | 0.9927     | 0.5152     |             | 0.8348   | 0.735  
317    | 2.6901     | 0.1855     | 1.2539       | 1.2506      | 0.9948     | 0.5223     |             | 0.8122   | 0.734  
318    | 2.6888     | 0.2006     | 1.2467       | 1.2415      | 0.9896     | 0.4985     |             | 0.8562   | 0.740  
319    | 2.6456     | 0.1713     | 1.2558       | 1.2184      | 0.9927     | 0.4993     |             | 0.8475   | 0.743  
320    | 2.6491     | 0.1836     | 1.2498       | 1.2157      | 0.9917     | 0.4947     |             | 0.8431   | 0.744  
321    | 2.6648     | 0.1882     | 1.2513       | 1.2252      | 0.9938     | 0.4978     |             | 0.8584   | 0.745  
322    | 2.6709     | 0.1848     | 1.2732       | 1.2129      | 0.9927     | 0.4859     |             | 0.8980   | 0.750  
323    | 2.7025     | 0.1779     | 1.3149       | 1.2098      | 0.9958     | 0.5297     |             | 0.8412   | 0.731  
324    | 2.6882     | 0.1865     | 1.2871       | 1.2146      | 0.9938     | 0.5061     |             | 0.8492   | 0.741  
325    | 2.6566     | 0.1646     | 1.2807       | 1.2114      | 0.9917     | 0.4946     |             | 0.8722   | 0.744  
326    | 2.6687     | 0.1740     | 1.2660       | 1.2287      | 0.9927     | 0.4835     |             | 0.9039   | 0.751  
327    | 2.6645     | 0.1742     | 1.2639       | 1.2264      | 0.9917     | 0.5244     |             | 0.9194   | 0.729  
328    | 2.6329     | 0.1633     | 1.2460       | 1.2236      | 0.9927     | 0.5260     |             | 0.9370   | 0.730  
329    | 2.6261     | 0.1579     | 1.2338       | 1.2344      | 0.9917     | 0.5413     |             | 0.9289   | 0.721  
330    | 2.6897     | 0.1847     | 1.2345       | 1.2705      | 0.9948     | 0.5128     |             | 0.8479   | 0.738  
331    | 2.6883     | 0.1780     | 1.2560       | 1.2543      | 0.9917     | 0.4915     |             | 0.8740   | 0.746  
332    | 2.6817     | 0.2067     | 1.2478       | 1.2272      | 0.9948     | 0.5231     |             | 0.9112   | 0.733  
333    | 2.7002     | 0.1872     | 1.2953       | 1.2176      | 0.9917     | 0.5583     |             | 0.8706   | 0.712  
334    | 2.6881     | 0.1787     | 1.2802       | 1.2292      | 0.9927     | 0.5262     |             | 0.8527   | 0.730  
335    | 2.6910     | 0.1702     | 1.2879       | 1.2329      | 0.9958     | 0.5306     |             | 0.8658   | 0.731  
336    | 2.6742     | 0.1643     | 1.2907       | 1.2193      | 0.9917     | 0.5372     |             | 0.8478   | 0.723  
337    | 2.6962     | 0.1656     | 1.2842       | 1.2464      | 0.9927     | 0.5111     |             | 0.8653   | 0.737  
338    | 2.6887     | 0.1684     | 1.3017       | 1.2186      | 0.9948     | 0.5088     |             | 0.8958   | 0.740  
339    | 2.6833     | 0.1626     | 1.2912       | 1.2295      | 0.9917     | 0.5353     |             | 0.8991   | 0.724  
340    | 2.7234     | 0.1813     | 1.2851       | 1.2569      | 0.9938     | 0.5062     |             | 0.9411   | 0.741  
341    | 2.6799     | 0.1696     | 1.2662       | 1.2441      | 0.9948     | 0.5377     |             | 0.8861   | 0.726  
342    | 2.6796     | 0.1630     | 1.2660       | 1.2506      | 0.9948     | 0.4985     |             | 0.9363   | 0.746  
343    | 2.6863     | 0.1723     | 1.2651       | 1.2488      | 0.9938     | 0.5205     |             | 0.9234   | 0.734  
344    | 2.6705     | 0.1672     | 1.2806       | 1.2227      | 0.9927     | 0.4950     |             | 0.9405   | 0.745  
345    | 2.6482     | 0.1410     | 1.2742       | 1.2330      | 0.9938     | 0.5369     |             | 1.0021   | 0.725  
346    | 2.6947     | 0.1636     | 1.2917       | 1.2395      | 0.9938     | 0.5001     |             | 0.9130   | 0.744  
347    | 2.7031     | 0.1816     | 1.2886       | 1.2330      | 0.9927     | 0.4865     |             | 0.9464   | 0.749  
348    | 2.7252     | 0.1725     | 1.2928       | 1.2599      | 0.9917     | 0.5368     |             | 0.9803   | 0.723  
349    | 2.7052     | 0.1684     | 1.2916       | 1.2452      | 0.9938     | 0.4995     |             | 0.9046   | 0.744  
350    | 2.6788     | 0.1538     | 1.2952       | 1.2299      | 0.9938     | 0.5312     |             | 0.8595   | 0.728  
351    | 2.7125     | 0.1825     | 1.2899       | 1.2401      | 0.9917     | 0.5092     |             | 0.8751   | 0.737  
352    | 2.6646     | 0.1534     | 1.2973       | 1.2139      | 0.9938     | 0.5031     |             | 0.9269   | 0.742  
353    | 2.6819     | 0.1735     | 1.2882       | 1.2202      | 0.9958     | 0.5133     |             | 0.9051   | 0.739  
354    | 2.7138     | 0.1780     | 1.2909       | 1.2449      | 0.9948     | 0.5094     |             | 0.8441   | 0.740  
355    | 2.7368     | 0.1721     | 1.2857       | 1.2790      | 0.9927     | 0.5036     |             | 0.8073   | 0.741  
356    | 2.7405     | 0.1841     | 1.2938       | 1.2626      | 0.9948     | 0.4660     | (ADV 0.76)  | 0.8326   | 0.762  
357    | 2.7692     | 0.1959     | 1.2833       | 1.2900      | 0.9948     | 0.4742     |             | 0.7950   | 0.758  
358    | 2.6826     | 0.1624     | 1.2712       | 1.2490      | 0.9958     | 0.4622     | (ADV 0.76)  | 0.8554   | 0.765  
359    | 2.7752     | 0.1976     | 1.2638       | 1.3138      | 0.9948     | 0.4517     | (ADV 0.77)  | 0.9303   | 0.769  
360    | 2.7560     | 0.1845     | 1.2597       | 1.3118      | 0.9969     | 0.4689     |             | 0.8763   | 0.762  
361    | 2.7616     | 0.1807     | 1.2797       | 1.3012      | 0.9948     | 0.4493     | (ADV 0.77)  | 0.8303   | 0.770  
362    | 2.7683     | 0.1737     | 1.2730       | 1.3216      | 0.9938     | 0.4916     |             | 0.8286   | 0.748  
363    | 2.7671     | 0.1765     | 1.2664       | 1.3242      | 0.9927     | 0.4940     |             | 0.8711   | 0.746  
364    | 2.7421     | 0.1870     | 1.2441       | 1.3110      | 0.9948     | 0.4588     |             | 0.9240   | 0.765  
365    | 2.7499     | 0.1906     | 1.2590       | 1.3003      | 0.9917     | 0.4384     | (ADV 0.77)  | 0.9401   | 0.772  
366    | 2.7317     | 0.1646     | 1.2636       | 1.3035      | 0.9927     | 0.4796     |             | 0.8807   | 0.753  
367    | 2.8039     | 0.1827     | 1.3003       | 1.3208      | 0.9958     | 0.4567     |             | 0.8686   | 0.767  
368    | 2.7287     | 0.1731     | 1.2738       | 1.2818      | 0.9958     | 0.4494     |             | 0.8893   | 0.771  
369    | 2.7222     | 0.1784     | 1.2676       | 1.2762      | 0.9906     | 0.4859     |             | 0.8527   | 0.748  
370    | 2.7422     | 0.1741     | 1.2738       | 1.2943      | 0.9938     | 0.4432     |             | 0.8391   | 0.772  
371    | 2.7442     | 0.2073     | 1.2532       | 1.2837      | 0.9938     | 0.4474     |             | 0.8339   | 0.770  
372    | 2.6831     | 0.1748     | 1.2454       | 1.2629      | 0.9938     | 0.4547     |             | 0.9102   | 0.766  
373    | 2.6883     | 0.1830     | 1.2376       | 1.2678      | 0.9938     | 0.4601     |             | 0.8751   | 0.764  
374    | 2.6502     | 0.1522     | 1.2379       | 1.2600      | 0.9938     | 0.4980     |             | 0.9256   | 0.745  
375    | 2.7146     | 0.1806     | 1.2419       | 1.2921      | 0.9958     | 0.5101     |             | 0.8839   | 0.741  
376    | 2.7297     | 0.1645     | 1.2648       | 1.3004      | 0.9948     | 0.4666     |             | 0.8603   | 0.761  
377    | 2.7814     | 0.1990     | 1.2781       | 1.3043      | 0.9927     | 0.4638     |             | 0.8660   | 0.761  
378    | 2.7419     | 0.1656     | 1.2934       | 1.2830      | 0.9948     | 0.4517     |             | 0.8333   | 0.769  
379    | 2.7399     | 0.1725     | 1.2865       | 1.2809      | 0.9917     | 0.4635     |             | 0.8776   | 0.760  
380    | 2.7656     | 0.1829     | 1.3011       | 1.2815      | 0.9927     | 0.5289     |             | 0.9300   | 0.728  
381    | 2.7402     | 0.1567     | 1.2979       | 1.2855      | 0.9948     | 0.5007     |             | 0.8804   | 0.744  
382    | 2.7309     | 0.1636     | 1.2779       | 1.2894      | 0.9938     | 0.5089     |             | 0.8764   | 0.739  
383    | 2.7623     | 0.1924     | 1.2727       | 1.2972      | 0.9927     | 0.4862     |             | 0.9002   | 0.750  
384    | 2.7278     | 0.1746     | 1.2542       | 1.2991      | 0.9938     | 0.5137     |             | 0.8823   | 0.737  
385    | 2.7492     | 0.1775     | 1.2771       | 1.2945      | 0.9938     | 0.5121     |             | 0.9033   | 0.738  
386    | 2.7332     | 0.1678     | 1.2443       | 1.3212      | 0.9927     | 0.5465     |             | 0.8603   | 0.719  
387    | 2.7169     | 0.1852     | 1.2315       | 1.3002      | 0.9927     | 0.5067     |             | 0.9192   | 0.739  
388    | 2.6831     | 0.1708     | 1.2271       | 1.2852      | 0.9938     | 0.5150     |             | 0.8815   | 0.736  
389    | 2.6804     | 0.1576     | 1.2249       | 1.2980      | 0.9896     | 0.5542     |             | 0.8651   | 0.712  
390    | 2.7350     | 0.1765     | 1.2618       | 1.2966      | 0.9958     | 0.4983     |             | 0.8249   | 0.747  
391    | 2.7561     | 0.1883     | 1.2978       | 1.2700      | 0.9948     | 0.5250     |             | 0.8160   | 0.732  
392    | 2.7750     | 0.1958     | 1.3065       | 1.2727      | 0.9927     | 0.5172     |             | 0.8191   | 0.734  
393    | 2.7337     | 0.1758     | 1.3010       | 1.2569      | 0.9927     | 0.5034     |             | 0.8303   | 0.741  
394    | 2.7106     | 0.1769     | 1.2706       | 1.2632      | 0.9927     | 0.4800     |             | 0.8571   | 0.753  
395    | 2.7086     | 0.1735     | 1.2691       | 1.2660      | 0.9927     | 0.4775     |             | 0.8196   | 0.754  
396    | 2.7617     | 0.1741     | 1.3039       | 1.2837      | 0.9927     | 0.4797     |             | 0.8345   | 0.753  
397    | 2.8001     | 0.1662     | 1.3325       | 1.3015      | 0.9958     | 0.5157     |             | 0.8228   | 0.738  
398    | 2.7932     | 0.1657     | 1.3430       | 1.2845      | 0.9948     | 0.4722     |             | 0.8035   | 0.759  
399    | 2.7793     | 0.1551     | 1.3403       | 1.2839      | 0.9927     | 0.4602     |             | 0.7940   | 0.763  
400    | 2.8175     | 0.1763     | 1.3335       | 1.3076      | 0.9927     | 0.4760     |             | 0.7815   | 0.755  
Seed 42 | Src MDE: 0.0240 | Tgt MDE: 0.9401
Start Training Seed 6767...

Start Training... (Validate on Source Val & Target Val)
Epoch  | Total Loss | Train Cls  | Train D_RSSI | Train D_RTT | Val S Acc  | Val T Entropy | Save        | Test MDE | Score  
---------------------------------------------------------------------------------------------------------------------------------------
1      | 6.2605     | 3.4631     | 1.3902       | 1.4072      | 0.5542     | 3.7215     |             | 1.4272   | -1.307 
2      | 5.4888     | 2.7456     | 1.3761       | 1.3672      | 0.7646     | 3.6092     |             | 0.9950   | -1.040 
3      | 5.0576     | 2.3396     | 1.3649       | 1.3531      | 0.8500     | 3.4951     |             | 0.8778   | -0.898 
4      | 4.6966     | 2.0043     | 1.3553       | 1.3370      | 0.9219     | 3.3397     |             | 0.8756   | -0.748 
5      | 4.4235     | 1.7537     | 1.3447       | 1.3250      | 0.9437     | 3.1667     |             | 0.8527   | -0.640 
6      | 4.1771     | 1.5390     | 1.3279       | 1.3102      | 0.9625     | 3.0708     |             | 0.8494   | -0.573 
7      | 3.9719     | 1.3600     | 1.3169       | 1.2950      | 0.9708     | 2.8963     |             | 0.8601   | -0.477 
8      | 3.8069     | 1.2310     | 1.2989       | 1.2770      | 0.9698     | 2.7533     |             | 0.8422   | -0.407 
9      | 3.6416     | 1.1021     | 1.2786       | 1.2609      | 0.9802     | 2.6142     |             | 0.8167   | -0.327 
10     | 3.4954     | 0.9984     | 1.2617       | 1.2353      | 0.9812     | 2.4645     |             | 0.8689   | -0.251 
11     | 3.3624     | 0.9045     | 1.2407       | 1.2172      | 0.9812     | 2.3314     | (ADV -0.18) | 0.8425   | -0.184 
12     | 3.3074     | 0.8859     | 1.2202       | 1.2014      | 0.9823     | 2.2641     | (ADV -0.15) | 0.8570   | -0.150 
13     | 3.1551     | 0.7970     | 1.1966       | 1.1615      | 0.9823     | 2.1613     | (ADV -0.10) | 0.8341   | -0.098 
14     | 3.0583     | 0.7457     | 1.1669       | 1.1457      | 0.9865     | 2.0467     | (ADV -0.04) | 0.8411   | -0.037 
15     | 2.9720     | 0.7198     | 1.1375       | 1.1147      | 0.9823     | 1.9931     | (ADV -0.01) | 0.8495   | -0.014 
16     | 2.8905     | 0.6781     | 1.1193       | 1.0932      | 0.9812     | 1.8583     | (ADV 0.05)  | 0.8643   | 0.052  
17     | 2.8112     | 0.6531     | 1.0900       | 1.0681      | 0.9854     | 1.8111     | (ADV 0.08)  | 0.8590   | 0.080  
18     | 2.7031     | 0.6156     | 1.0516       | 1.0359      | 0.9865     | 1.7883     | (ADV 0.09)  | 0.8312   | 0.092  
19     | 2.6336     | 0.5908     | 1.0236       | 1.0191      | 0.9854     | 1.7559     | (ADV 0.11)  | 0.8499   | 0.107  
20     | 2.5539     | 0.5587     | 1.0055       | 0.9897      | 0.9833     | 1.7106     | (ADV 0.13)  | 0.8334   | 0.128  
21     | 2.5237     | 0.5503     | 0.9951       | 0.9782      | 0.9844     | 1.6768     | (ADV 0.15)  | 0.8557   | 0.146  
22     | 2.4155     | 0.5031     | 0.9705       | 0.9419      | 0.9875     | 1.6227     | (ADV 0.18)  | 0.8242   | 0.176  
23     | 2.3729     | 0.4963     | 0.9539       | 0.9227      | 0.9885     | 1.5383     | (ADV 0.22)  | 0.8590   | 0.219  
24     | 2.3355     | 0.5094     | 0.9222       | 0.9040      | 0.9865     | 1.4791     | (ADV 0.25)  | 0.8219   | 0.247  
25     | 2.3141     | 0.4921     | 0.9378       | 0.8842      | 0.9865     | 1.4468     | (ADV 0.26)  | 0.8523   | 0.263  
26     | 2.2838     | 0.4829     | 0.9045       | 0.8964      | 0.9885     | 1.4638     |             | 0.8321   | 0.257  
27     | 2.2295     | 0.4495     | 0.9076       | 0.8723      | 0.9885     | 1.3857     | (ADV 0.30)  | 0.8472   | 0.296  
28     | 2.2567     | 0.4443     | 0.9457       | 0.8667      | 0.9844     | 1.4114     |             | 0.8526   | 0.279  
29     | 2.2228     | 0.4370     | 0.9134       | 0.8724      | 0.9896     | 1.4002     |             | 0.8257   | 0.289  
30     | 2.2715     | 0.4441     | 0.9568       | 0.8707      | 0.9865     | 1.3282     | (ADV 0.32)  | 0.8473   | 0.322  
31     | 2.2466     | 0.4304     | 0.9475       | 0.8686      | 0.9896     | 1.3403     |             | 0.8429   | 0.319  
32     | 2.2931     | 0.4173     | 0.9857       | 0.8901      | 0.9917     | 1.2745     | (ADV 0.35)  | 0.8576   | 0.354  
33     | 2.3286     | 0.4249     | 1.0260       | 0.8776      | 0.9823     | 1.2504     | (ADV 0.36)  | 0.8783   | 0.357  
34     | 2.3398     | 0.4257     | 1.0185       | 0.8956      | 0.9906     | 1.2558     | (ADV 0.36)  | 0.8620   | 0.363  
35     | 2.2991     | 0.4025     | 0.9801       | 0.9165      | 0.9885     | 1.2122     | (ADV 0.38)  | 0.8334   | 0.382  
36     | 2.3160     | 0.3983     | 0.9762       | 0.9415      | 0.9875     | 1.2052     | (ADV 0.38)  | 0.8388   | 0.385  
37     | 2.4057     | 0.4081     | 1.0215       | 0.9761      | 0.9906     | 1.1929     | (ADV 0.39)  | 0.8315   | 0.394  
38     | 2.3946     | 0.4239     | 1.0250       | 0.9457      | 0.9885     | 1.1640     | (ADV 0.41)  | 0.8154   | 0.407  
39     | 2.3879     | 0.3858     | 1.0458       | 0.9563      | 0.9896     | 1.1514     | (ADV 0.41)  | 0.8591   | 0.414  
40     | 2.4069     | 0.4050     | 1.0430       | 0.9589      | 0.9865     | 1.1576     |             | 0.8587   | 0.408  
41     | 2.4176     | 0.3805     | 1.0582       | 0.9789      | 0.9865     | 1.1437     | (ADV 0.41)  | 0.8643   | 0.415  
42     | 2.5028     | 0.4034     | 1.0859       | 1.0135      | 0.9854     | 1.1414     | (ADV 0.41)  | 0.8758   | 0.415  
43     | 2.4583     | 0.3651     | 1.0648       | 1.0283      | 0.9896     | 1.1413     | (ADV 0.42)  | 0.8584   | 0.419  
44     | 2.4773     | 0.3726     | 1.0477       | 1.0570      | 0.9885     | 1.0835     | (ADV 0.45)  | 0.8591   | 0.447  
45     | 2.4806     | 0.3809     | 1.0555       | 1.0442      | 0.9865     | 1.1079     |             | 0.8895   | 0.433  
46     | 2.4976     | 0.3708     | 1.0737       | 1.0531      | 0.9854     | 1.1027     |             | 0.8623   | 0.434  
47     | 2.4781     | 0.3903     | 1.0612       | 1.0266      | 0.9896     | 1.0782     | (ADV 0.45)  | 0.8529   | 0.451  
48     | 2.5031     | 0.3681     | 1.0881       | 1.0470      | 0.9854     | 1.0840     |             | 0.8911   | 0.443  
49     | 2.5157     | 0.3721     | 1.0908       | 1.0529      | 0.9875     | 1.0262     | (ADV 0.47)  | 0.8845   | 0.474  
50     | 2.4977     | 0.3641     | 1.1059       | 1.0277      | 0.9896     | 1.0583     |             | 0.8646   | 0.460  
51     | 2.5012     | 0.3463     | 1.0979       | 1.0569      | 0.9885     | 1.0199     | (ADV 0.48)  | 0.8125   | 0.479  
52     | 2.5533     | 0.3777     | 1.1260       | 1.0497      | 0.9885     | 1.0620     |             | 0.8065   | 0.458  
53     | 2.5973     | 0.3692     | 1.1476       | 1.0804      | 0.9885     | 1.0205     |             | 0.8800   | 0.478  
54     | 2.5728     | 0.3641     | 1.1276       | 1.0810      | 0.9865     | 1.0271     |             | 0.8445   | 0.473  
55     | 2.6011     | 0.3648     | 1.1420       | 1.0944      | 0.9885     | 1.0178     | (ADV 0.48)  | 0.8346   | 0.480  
56     | 2.6739     | 0.3879     | 1.1792       | 1.1068      | 0.9865     | 0.9591     | (ADV 0.51)  | 0.8105   | 0.507  
57     | 2.6440     | 0.3688     | 1.1783       | 1.0968      | 0.9875     | 0.9855     |             | 0.8310   | 0.495  
58     | 2.6040     | 0.3378     | 1.1781       | 1.0882      | 0.9906     | 0.9826     |             | 0.8820   | 0.499  
59     | 2.6908     | 0.3796     | 1.1786       | 1.1325      | 0.9875     | 0.9572     | (ADV 0.51)  | 0.7986   | 0.509  
60     | 2.5762     | 0.3289     | 1.1446       | 1.1027      | 0.9875     | 0.9016     | (ADV 0.54)  | 0.8518   | 0.537  
61     | 2.5911     | 0.3334     | 1.1521       | 1.1057      | 0.9885     | 0.8952     | (ADV 0.54)  | 0.8661   | 0.541  
62     | 2.6575     | 0.3545     | 1.1516       | 1.1513      | 0.9854     | 0.9374     |             | 0.8284   | 0.517  
63     | 2.6865     | 0.3625     | 1.1458       | 1.1782      | 0.9885     | 0.9129     |             | 0.8292   | 0.532  
64     | 2.7091     | 0.3556     | 1.1834       | 1.1701      | 0.9875     | 0.9292     |             | 0.8548   | 0.523  
65     | 2.8097     | 0.3915     | 1.2271       | 1.1911      | 0.9917     | 0.9495     |             | 0.8693   | 0.517  
66     | 2.7718     | 0.3679     | 1.2344       | 1.1695      | 0.9906     | 0.9591     |             | 0.7811   | 0.511  
67     | 2.6649     | 0.3399     | 1.2080       | 1.1170      | 0.9906     | 0.9446     |             | 0.8340   | 0.518  
68     | 2.7132     | 0.3520     | 1.2099       | 1.1513      | 0.9885     | 0.9659     |             | 0.8729   | 0.506  
69     | 2.6625     | 0.3320     | 1.1975       | 1.1330      | 0.9875     | 0.9395     |             | 0.8503   | 0.518  
70     | 2.6796     | 0.3479     | 1.1969       | 1.1349      | 0.9896     | 0.8761     | (ADV 0.55)  | 0.8236   | 0.552  
71     | 2.6275     | 0.3317     | 1.2030       | 1.0928      | 0.9896     | 0.8966     |             | 0.8195   | 0.541  
72     | 2.6030     | 0.3159     | 1.1966       | 1.0905      | 0.9854     | 0.8879     |             | 0.8509   | 0.541  
73     | 2.5905     | 0.3137     | 1.1777       | 1.0991      | 0.9885     | 0.9252     |             | 0.8338   | 0.526  
74     | 2.6370     | 0.3299     | 1.1828       | 1.1243      | 0.9875     | 0.8839     |             | 0.8400   | 0.546  
75     | 2.6472     | 0.3222     | 1.2061       | 1.1189      | 0.9865     | 0.8775     |             | 0.8522   | 0.548  
76     | 2.7293     | 0.3359     | 1.2406       | 1.1528      | 0.9865     | 0.8872     |             | 0.8300   | 0.543  
77     | 2.6875     | 0.3152     | 1.2403       | 1.1320      | 0.9885     | 0.8561     | (ADV 0.56)  | 0.8534   | 0.561  
78     | 2.6533     | 0.3189     | 1.2277       | 1.1067      | 0.9906     | 0.8608     |             | 0.8515   | 0.560  
79     | 2.6293     | 0.3317     | 1.2029       | 1.0947      | 0.9865     | 0.8635     |             | 0.9015   | 0.555  
80     | 2.5897     | 0.3063     | 1.1933       | 1.0901      | 0.9917     | 0.8518     | (ADV 0.57)  | 0.8787   | 0.566  
81     | 2.5509     | 0.3113     | 1.1799       | 1.0597      | 0.9896     | 0.8352     | (ADV 0.57)  | 0.8675   | 0.572  
82     | 2.5300     | 0.2807     | 1.1680       | 1.0814      | 0.9844     | 0.8110     | (ADV 0.58)  | 0.8645   | 0.579  
83     | 2.5772     | 0.2936     | 1.1891       | 1.0945      | 0.9885     | 0.8327     |             | 0.8670   | 0.572  
84     | 2.5881     | 0.2917     | 1.1996       | 1.0969      | 0.9875     | 0.8558     |             | 0.8328   | 0.560  
85     | 2.5875     | 0.2954     | 1.1803       | 1.1118      | 0.9865     | 0.8644     |             | 0.8135   | 0.554  
86     | 2.6264     | 0.3209     | 1.1825       | 1.1230      | 0.9885     | 0.8150     | (ADV 0.58)  | 0.9270   | 0.581  
87     | 2.6457     | 0.3079     | 1.1982       | 1.1396      | 0.9896     | 0.8639     |             | 0.8457   | 0.558  
88     | 2.6721     | 0.3065     | 1.2326       | 1.1330      | 0.9906     | 0.8360     |             | 0.8924   | 0.573  
89     | 2.6748     | 0.3030     | 1.2398       | 1.1319      | 0.9802     | 0.8395     |             | 0.9282   | 0.560  
90     | 2.6711     | 0.3139     | 1.2084       | 1.1488      | 0.9865     | 0.8359     |             | 0.8777   | 0.568  
91     | 2.7028     | 0.3100     | 1.2576       | 1.1351      | 0.9927     | 0.8452     |             | 0.8566   | 0.570  
92     | 2.7224     | 0.3287     | 1.2594       | 1.1344      | 0.9833     | 0.7953     | (ADV 0.59)  | 0.8641   | 0.586  
93     | 2.6887     | 0.3049     | 1.2326       | 1.1512      | 0.9865     | 0.7719     | (ADV 0.60)  | 0.8392   | 0.601  
