==========================================
Current Architecture: GeoSPA-Net Version 6
mcAPs (Real Anchors): [1, 4] (Indices: [0, 3])
Legacy APs (Virtual): [2, 3] (Indices: [1, 2])
==========================================
>> Training Multi-Head PCN (Stage 2) on Source Domain for APs: [0, 1, 2, 3]...
>> Source PCN Training Finished. Avg Loss: 0.0179
>> Training Multi-Head PCN (Stage 2) on Target Domain for APs: [0, 3]...
>> Target PCN Training Finished. Avg Loss: 0.0096

Start GeoSPA-Net Training Seed 42...
Epoch  | Total Loss | Tr Cls     | Tr Dom RSSI  | Tr Dom RTT   | Val T Acc  | Val T Entropy | Test MDE
------------------------------------------------------------------------------------------------------------------------
10     | 4.2256     | 1.9813     | 1.1471       | 1.0973       | 0.8740     | 3.1914       | 1.0177   |           
20     | 3.3058     | 1.2328     | 1.0306       | 1.0424       | 0.9500     | 2.3929       | 0.8232   | (ADV -0.25)
30     | 2.9070     | 0.8730     | 1.0081       | 1.0259       | 0.9635     | 1.9309       | 0.8309   |           
40     | 2.7172     | 0.7186     | 0.9872       | 1.0114       | 0.9812     | 1.5548       | 0.8005   |           
50     | 2.6623     | 0.6598     | 1.0067       | 0.9959       | 0.9844     | 1.3240       | 0.8812   | (ADV 0.32)
60     | 2.7197     | 0.6614     | 1.0142       | 1.0442       | 0.9812     | 1.2859       | 0.7486   |           
70     | 2.6756     | 0.5731     | 1.0444       | 1.0581       | 0.9823     | 1.1388       | 0.7511   |           
80     | 2.7492     | 0.5743     | 1.0828       | 1.0921       | 0.9771     | 1.0292       | 0.7072   | (ADV 0.46)
90     | 2.7163     | 0.5150     | 1.0818       | 1.1196       | 0.9875     | 1.1127       | 0.8327   |           
100    | 2.7046     | 0.5149     | 1.0830       | 1.1067       | 0.9833     | 0.9735       | 0.7412   |           
110    | 2.7543     | 0.5190     | 1.1188       | 1.1165       | 0.9844     | 0.8857       | 0.7508   | (ADV 0.54)
120    | 2.8170     | 0.5223     | 1.1655       | 1.1292       | 0.9792     | 0.8334       | 0.7372   |           
130    | 2.7570     | 0.4685     | 1.1506       | 1.1378       | 0.9885     | 0.8537       | 0.7632   |           
140    | 2.7818     | 0.4535     | 1.1693       | 1.1590       | 0.9875     | 0.8291       | 0.8773   |           
150    | 2.9103     | 0.5346     | 1.1884       | 1.1872       | 0.9802     | 0.8894       | 0.8168   |           
160    | 2.9244     | 0.5198     | 1.1988       | 1.2057       | 0.9906     | 0.7966       | 0.7362   |           
170    | 2.9008     | 0.4877     | 1.2227       | 1.1905       | 0.9844     | 0.7448       | 0.8324   |           
180    | 2.8404     | 0.4646     | 1.2015       | 1.1743       | 0.9729     | 0.7404       | 0.8210   |           
190    | 2.8029     | 0.4167     | 1.1975       | 1.1887       | 0.9896     | 0.6877       | 0.6930   |           
200    | 2.8574     | 0.4400     | 1.2182       | 1.1993       | 0.9938     | 0.8136       | 0.7883   |           
210    | 2.8517     | 0.4441     | 1.2191       | 1.1884       | 0.9823     | 0.7285       | 0.7925   |           
220    | 2.8566     | 0.4109     | 1.2367       | 1.2089       | 0.9885     | 0.6673       | 0.7363   |           
230    | 2.8464     | 0.4168     | 1.2281       | 1.2015       | 0.9875     | 0.6382       | 0.7429   |           
240    | 2.8468     | 0.4072     | 1.2426       | 1.1970       | 0.9844     | 0.6496       | 0.7537   |           
250    | 2.7708     | 0.3611     | 1.2298       | 1.1798       | 0.9875     | 0.6039       | 0.7480   |           
260    | 2.8438     | 0.4084     | 1.2328       | 1.2026       | 0.9792     | 0.6229       | 0.7177   |           
270    | 2.8797     | 0.4147     | 1.2421       | 1.2228       | 0.9865     | 0.6132       | 0.6985   |           
280    | 2.8871     | 0.4017     | 1.2381       | 1.2474       | 0.9875     | 0.5899       | 0.7906   |           
290    | 2.8597     | 0.3925     | 1.2545       | 1.2126       | 0.9906     | 0.6142       | 0.8196   |           
300    | 2.8366     | 0.3681     | 1.2395       | 1.2290       | 0.9802     | 0.5770       | 0.7186   |           
310    | 2.9335     | 0.4414     | 1.2769       | 1.2152       | 0.9781     | 0.5847       | 0.7987   |           
320    | 2.8652     | 0.3849     | 1.2574       | 1.2230       | 0.9885     | 0.5333       | 0.7237   |           
330    | 2.8199     | 0.3870     | 1.2376       | 1.1952       | 0.9865     | 0.5678       | 0.7883   |           
340    | 2.8297     | 0.3916     | 1.2195       | 1.2187       | 0.9917     | 0.5459       | 0.8541   |           
350    | 2.8128     | 0.3683     | 1.2353       | 1.2091       | 0.9844     | 0.5542       | 0.7408   |           
360    | 2.9004     | 0.3821     | 1.2624       | 1.2559       | 0.9875     | 0.4799       | 0.6836   | (ADV 0.75)
370    | 2.8177     | 0.3421     | 1.2516       | 1.2240       | 0.9875     | 0.4437       | 0.7516   | (ADV 0.77)
380    | 2.8241     | 0.3332     | 1.2671       | 1.2239       | 0.9833     | 0.5594       | 0.8176   |           
390    | 2.8019     | 0.3497     | 1.2269       | 1.2252       | 0.9906     | 0.4684       | 0.7545   |           
400    | 2.8034     | 0.3393     | 1.2565       | 1.2076       | 0.9896     | 0.4761       | 0.7902   |           
410    | 2.7983     | 0.3367     | 1.2606       | 1.2010       | 0.9875     | 0.4760       | 0.8274   |           
420    | 2.7701     | 0.3106     | 1.2431       | 1.2164       | 0.9885     | 0.5039       | 0.8558   |           
430    | 2.8141     | 0.3262     | 1.2553       | 1.2326       | 0.9906     | 0.4537       | 0.7174   |           
440    | 2.7782     | 0.2827     | 1.2606       | 1.2350       | 0.9833     | 0.5145       | 0.7876   |           
450    | 2.7814     | 0.3007     | 1.2533       | 1.2274       | 0.9844     | 0.4738       | 0.7332   |           
460    | 2.8522     | 0.3307     | 1.2588       | 1.2627       | 0.9854     | 0.4913       | 0.8581   |           
470    | 2.8008     | 0.2905     | 1.2749       | 1.2355       | 0.9885     | 0.4332       | 0.7592   |           
480    | 2.8397     | 0.3346     | 1.2652       | 1.2398       | 0.9844     | 0.4344       | 0.7739   |           
490    | 2.8889     | 0.3597     | 1.3020       | 1.2272       | 0.9927     | 0.4366       | 0.8397   |           
500    | 2.8495     | 0.3084     | 1.3083       | 1.2328       | 0.9885     | 0.4576       | 0.8388   |           
Seed 42 | Src Acc: 98.1633 | Src MDE: 0.0339 | Tgt Acc: 36.6327 | Tgt MDE: 0.9345
>> Training Multi-Head PCN (Stage 2) on Source Domain for APs: [0, 1, 2, 3]...
>> Source PCN Training Finished. Avg Loss: 0.0213
>> Training Multi-Head PCN (Stage 2) on Target Domain for APs: [0, 3]...
>> Target PCN Training Finished. Avg Loss: 0.0095

Start GeoSPA-Net Training Seed 67...
Epoch  | Total Loss | Tr Cls     | Tr Dom RSSI  | Tr Dom RTT   | Val T Acc  | Val T Entropy | Test MDE
------------------------------------------------------------------------------------------------------------------------
10     | 4.2669     | 1.9824     | 1.1703       | 1.1142       | 0.9240     | 3.1989       | 0.8514   |           
20     | 3.1939     | 1.2043     | 1.0240       | 0.9655       | 0.9552     | 2.4055       | 0.8360   | (ADV -0.25)
30     | 2.8649     | 0.9053     | 0.9962       | 0.9633       | 0.9656     | 1.8443       | 0.8333   | (ADV 0.04)
40     | 2.7947     | 0.7615     | 1.0141       | 1.0190       | 0.9646     | 1.5305       | 0.8877   |           
50     | 2.7449     | 0.6685     | 1.0260       | 1.0504       | 0.9615     | 1.4367       | 0.8095   |           
60     | 2.5720     | 0.5458     | 0.9831       | 1.0430       | 0.9708     | 1.1749       | 0.7987   | (ADV 0.38)
70     | 2.6355     | 0.5376     | 1.0273       | 1.0706       | 0.9771     | 1.0475       | 0.7318   | (ADV 0.45)
80     | 2.6794     | 0.5408     | 1.0426       | 1.0960       | 0.9729     | 0.9799       | 0.6708   | (ADV 0.48)
90     | 2.6820     | 0.5089     | 1.0863       | 1.0867       | 0.9677     | 0.9955       | 0.6755   |           
100    | 2.7319     | 0.5303     | 1.0713       | 1.1303       | 0.9698     | 0.9399       | 0.7020   |           
110    | 2.7168     | 0.4914     | 1.1048       | 1.1206       | 0.9708     | 0.8581       | 0.7900   |           
120    | 2.7273     | 0.4724     | 1.1292       | 1.1256       | 0.9688     | 0.8664       | 0.8092   |           
130    | 2.6490     | 0.4330     | 1.1064       | 1.1096       | 0.9792     | 0.8081       | 0.6351   |           
140    | 2.7820     | 0.4938     | 1.1488       | 1.1393       | 0.9563     | 0.8518       | 0.7663   |           
150    | 2.8427     | 0.5078     | 1.1648       | 1.1701       | 0.9750     | 0.7619       | 0.6526   |           
160    | 2.7984     | 0.4527     | 1.1926       | 1.1532       | 0.9719     | 0.7689       | 0.7447   |           
170    | 2.8752     | 0.4829     | 1.2031       | 1.1892       | 0.9719     | 0.7056       | 0.8426   |           
180    | 2.8272     | 0.4729     | 1.1863       | 1.1680       | 0.9760     | 0.6742       | 0.7936   | (ADV 0.64)
190    | 2.7754     | 0.4303     | 1.1855       | 1.1595       | 0.9740     | 0.7086       | 0.8243   |           
200    | 2.8058     | 0.4153     | 1.2111       | 1.1795       | 0.9740     | 0.6414       | 0.7808   | (ADV 0.65)
210    | 2.8417     | 0.4488     | 1.1864       | 1.2064       | 0.9604     | 0.6837       | 0.7521   |           
220    | 2.7720     | 0.4037     | 1.1810       | 1.1873       | 0.9635     | 0.6383       | 0.8421   |           
230    | 2.9814     | 0.5166     | 1.2321       | 1.2326       | 0.9677     | 0.6155       | 0.8187   |           
240    | 2.8030     | 0.3975     | 1.1912       | 1.2143       | 0.9719     | 0.5934       | 0.7385   |           
250    | 2.8229     | 0.4068     | 1.2188       | 1.1972       | 0.9656     | 0.6101       | 0.6613   |           
260    | 2.8911     | 0.4317     | 1.2010       | 1.2584       | 0.9729     | 0.5740       | 0.7500   |           
270    | 2.8372     | 0.4015     | 1.2369       | 1.1988       | 0.9698     | 0.5690       | 0.8057   |           
280    | 2.7728     | 0.3695     | 1.2316       | 1.1717       | 0.9740     | 0.5981       | 0.8444   |           
290    | 2.8430     | 0.3998     | 1.2312       | 1.2120       | 0.9792     | 0.5946       | 0.7540   |           
300    | 2.9081     | 0.4243     | 1.2741       | 1.2097       | 0.9740     | 0.5877       | 0.8339   |           
310    | 2.8177     | 0.3637     | 1.2440       | 1.2100       | 0.9615     | 0.5631       | 0.7609   |           
320    | 2.8649     | 0.3822     | 1.2593       | 1.2234       | 0.9677     | 0.5379       | 0.8160   |           
330    | 2.8328     | 0.3628     | 1.2532       | 1.2168       | 0.9688     | 0.5128       | 1.0593   |           
340    | 2.8456     | 0.3870     | 1.2596       | 1.1990       | 0.9729     | 0.4908       | 0.8931   |           
350    | 2.8461     | 0.3624     | 1.2522       | 1.2315       | 0.9729     | 0.5388       | 0.8185   |           
360    | 2.8910     | 0.3840     | 1.2763       | 1.2307       | 0.9719     | 0.4864       | 0.8216   |           
370    | 2.8298     | 0.3805     | 1.2537       | 1.1956       | 0.9719     | 0.4598       | 0.8566   |           
380    | 2.8731     | 0.3856     | 1.2685       | 1.2190       | 0.9760     | 0.4734       | 0.8951   |           
390    | 2.8360     | 0.3517     | 1.2658       | 1.2185       | 0.9750     | 0.5046       | 0.8673   |           
400    | 2.8695     | 0.3493     | 1.2789       | 1.2412       | 0.9698     | 0.4746       | 0.8457   |           
410    | 2.8556     | 0.3472     | 1.2795       | 1.2288       | 0.9615     | 0.4584       | 0.7579   |           
420    | 2.8048     | 0.3139     | 1.2727       | 1.2182       | 0.9656     | 0.4737       | 0.9338   |           
430    | 2.8458     | 0.3583     | 1.2335       | 1.2539       | 0.9750     | 0.4657       | 0.8157   |           
440    | 2.7717     | 0.2695     | 1.2607       | 1.2414       | 0.9729     | 0.4749       | 0.8016   |           
450    | 2.8700     | 0.3283     | 1.2791       | 1.2625       | 0.9583     | 0.4290       | 0.7907   |           
460    | 2.8648     | 0.3391     | 1.2778       | 1.2479       | 0.9760     | 0.4682       | 0.8283   |           
470    | 2.8645     | 0.3381     | 1.2974       | 1.2290       | 0.9760     | 0.4698       | 0.8477   |           
480    | 2.8469     | 0.3149     | 1.2751       | 1.2569       | 0.9792     | 0.4074       | 0.9001   | (ADV 0.78)
490    | 2.8292     | 0.2928     | 1.3061       | 1.2303       | 0.9771     | 0.4225       | 0.9144   |           
500    | 2.8422     | 0.3126     | 1.2915       | 1.2381       | 0.9740     | 0.4421       | 0.7867   |           
Seed 67 | Src Acc: 98.5714 | Src MDE: 0.0221 | Tgt Acc: 40.4082 | Tgt MDE: 0.8331
>> Training Multi-Head PCN (Stage 2) on Source Domain for APs: [0, 1, 2, 3]...
>> Source PCN Training Finished. Avg Loss: 0.0162
>> Training Multi-Head PCN (Stage 2) on Target Domain for APs: [0, 3]...
>> Target PCN Training Finished. Avg Loss: 0.0089

Start GeoSPA-Net Training Seed 1024...
Epoch  | Total Loss | Tr Cls     | Tr Dom RSSI  | Tr Dom RTT   | Val T Acc  | Val T Entropy | Test MDE
------------------------------------------------------------------------------------------------------------------------
10     | 4.2017     | 1.9737     | 1.1334       | 1.0947       | 0.8708     | 3.1598       | 0.8899   |           
20     | 3.0675     | 1.1138     | 0.9967       | 0.9570       | 0.9510     | 2.3436       | 0.8171   | (ADV -0.22)
30     | 2.8834     | 0.9103     | 1.0088       | 0.9643       | 0.9531     | 1.8923       | 0.8105   |           
40     | 2.6326     | 0.6939     | 0.9921       | 0.9466       | 0.9615     | 1.5652       | 0.8584   |           
50     | 2.5435     | 0.6197     | 1.0065       | 0.9173       | 0.9667     | 1.3353       | 0.7918   | (ADV 0.30)
60     | 2.5773     | 0.5629     | 1.0170       | 0.9974       | 0.9708     | 1.2193       | 0.7996   |           
70     | 2.5998     | 0.5270     | 1.0079       | 1.0649       | 0.9708     | 1.1584       | 0.7825   |           
80     | 2.6773     | 0.5377     | 1.0348       | 1.1047       | 0.9750     | 1.0468       | 0.7181   |           
90     | 2.6710     | 0.5351     | 1.0407       | 1.0951       | 0.9729     | 0.9537       | 0.7720   | (ADV 0.50)
100    | 2.7025     | 0.4895     | 1.0926       | 1.1204       | 0.9667     | 0.9882       | 0.7556   |           
110    | 2.7370     | 0.4978     | 1.1160       | 1.1232       | 0.9656     | 0.9444       | 0.7397   |           
120    | 2.7294     | 0.4834     | 1.1122       | 1.1338       | 0.9656     | 0.8330       | 0.7100   |           
130    | 2.7498     | 0.4640     | 1.1211       | 1.1647       | 0.9771     | 0.7865       | 0.7804   |           
140    | 2.8371     | 0.4840     | 1.1758       | 1.1773       | 0.9740     | 0.7723       | 0.7413   |           
150    | 2.8370     | 0.4804     | 1.1910       | 1.1657       | 0.9688     | 0.7655       | 0.7400   |           
160    | 2.7628     | 0.4174     | 1.1836       | 1.1618       | 0.9771     | 0.7059       | 0.7387   |           
170    | 2.8330     | 0.4471     | 1.2031       | 1.1827       | 0.9521     | 0.6312       | 0.6910   |           
180    | 2.7888     | 0.4252     | 1.1910       | 1.1726       | 0.9594     | 0.6843       | 0.7463   |           
190    | 2.9093     | 0.5024     | 1.2044       | 1.2025       | 0.9667     | 0.6343       | 0.6540   |           
200    | 2.7483     | 0.4100     | 1.1752       | 1.1632       | 0.9729     | 0.6530       | 0.7599   |           
210    | 2.8668     | 0.4459     | 1.2084       | 1.2125       | 0.9729     | 0.6355       | 0.8066   |           
220    | 2.8103     | 0.4309     | 1.1903       | 1.1890       | 0.9656     | 0.6158       | 0.6524   |           
230    | 2.8204     | 0.4109     | 1.2202       | 1.1893       | 0.9708     | 0.5706       | 0.7338   | (ADV 0.69)
240    | 2.8214     | 0.4072     | 1.1933       | 1.2209       | 0.9542     | 0.5867       | 0.6723   |           
250    | 2.7649     | 0.3881     | 1.1850       | 1.1917       | 0.9677     | 0.5641       | 0.7280   |           
260    | 2.8284     | 0.4162     | 1.2155       | 1.1967       | 0.9667     | 0.5642       | 0.7451   |           
270    | 2.7893     | 0.3598     | 1.2139       | 1.2156       | 0.9625     | 0.5258       | 0.7941   |           
280    | 2.7901     | 0.3768     | 1.2353       | 1.1780       | 0.9604     | 0.5939       | 0.7013   |           
290    | 2.8004     | 0.3861     | 1.2255       | 1.1888       | 0.9719     | 0.5143       | 0.7684   |           
300    | 2.7908     | 0.3670     | 1.2402       | 1.1836       | 0.9656     | 0.5198       | 0.8281   |           
310    | 2.8455     | 0.3761     | 1.2515       | 1.2179       | 0.9667     | 0.4979       | 0.7969   |           
320    | 2.8238     | 0.4082     | 1.2267       | 1.1890       | 0.9729     | 0.5385       | 0.7202   |           
330    | 2.8236     | 0.3715     | 1.2504       | 1.2016       | 0.9635     | 0.5136       | 0.6984   |           
340    | 2.7479     | 0.3431     | 1.2298       | 1.1750       | 0.9729     | 0.5203       | 0.7520   |           
350    | 2.8010     | 0.3561     | 1.2499       | 1.1951       | 0.9750     | 0.4875       | 0.7633   |           
360    | 2.8176     | 0.3647     | 1.2431       | 1.2098       | 0.9698     | 0.5160       | 0.7368   |           
370    | 2.8567     | 0.3917     | 1.2522       | 1.2128       | 0.9615     | 0.4194       | 0.6962   |           
380    | 2.7907     | 0.3506     | 1.2648       | 1.1753       | 0.9667     | 0.4411       | 0.7429   |           
390    | 2.7746     | 0.3306     | 1.2493       | 1.1946       | 0.9677     | 0.4192       | 0.7125   |           
400    | 2.8047     | 0.3731     | 1.2422       | 1.1894       | 0.9698     | 0.4409       | 0.7344   |           
410    | 2.7857     | 0.3293     | 1.2414       | 1.2150       | 0.9729     | 0.4115       | 0.7321   |           
420    | 2.7889     | 0.3368     | 1.2314       | 1.2206       | 0.9760     | 0.4977       | 0.7447   |           
430    | 2.8227     | 0.3613     | 1.2505       | 1.2109       | 0.9688     | 0.4917       | 0.7665   |           
440    | 2.8991     | 0.3726     | 1.2681       | 1.2584       | 0.9604     | 0.5323       | 0.8423   |           
450    | 2.8740     | 0.3751     | 1.2566       | 1.2423       | 0.9781     | 0.4732       | 0.7128   |           
460    | 2.7708     | 0.2983     | 1.2742       | 1.1982       | 0.9781     | 0.4369       | 0.7336   |           
470    | 2.8329     | 0.3305     | 1.2835       | 1.2190       | 0.9708     | 0.4306       | 0.8061   |           
480    | 2.8613     | 0.3300     | 1.2849       | 1.2464       | 0.9771     | 0.4125       | 0.7897   |           
490    | 2.8249     | 0.2927     | 1.2852       | 1.2470       | 0.9698     | 0.4395       | 0.7857   |           
500    | 2.8317     | 0.3027     | 1.2892       | 1.2399       | 0.9771     | 0.3874       | 0.7433   |           
Seed 1024 | Src Acc: 97.1429 | Src MDE: 0.0489 | Tgt Acc: 43.6735 | Tgt MDE: 0.7161
Finished Combo GeoSPA_1_4. Results saved.
