==========================================
Current Architecture: GeoSPA-Net (Fixed)
mcAPs (Real Anchors): [3] (Indices: [2])
Legacy APs (Virtual): [1, 2, 4] (Indices: [0, 1, 3])
==========================================
>> Training PCN (Stage 2) on Source Domain...
>> Source PCN Training Finished. Huber Loss: 0.0041
>> Training PCN (Stage 2) on Target Domain...
>> Target PCN Training Finished. Huber Loss: 0.0039

Start GeoSPA-Net Training Seed 42...
Epoch  | Total Loss | Tr Cls     | Tr Dom RSSI  | Tr Dom RTT   | Val T Acc  | Val T Entropy | Test MDE
------------------------------------------------------------------------------------------------------------------------
10     | 3.6867     | 1.3686     | 1.0202       | 1.2979       | 0.9031     | 2.6260       | 1.0693   |           
20     | 2.9967     | 0.8967     | 0.8807       | 1.2193       | 0.9271     | 1.8017       | 1.0312   | (ADV 0.03)
30     | 2.7946     | 0.7585     | 0.8569       | 1.1792       | 0.9313     | 1.4542       | 1.1307   | (ADV 0.20)
40     | 2.6513     | 0.6861     | 0.8350       | 1.1303       | 0.9260     | 1.2408       | 1.1348   | (ADV 0.31)
50     | 2.6812     | 0.6557     | 0.9034       | 1.1221       | 0.9354     | 1.0819       | 1.0753   | (ADV 0.39)
60     | 2.6813     | 0.6251     | 0.9312       | 1.1249       | 0.9427     | 0.9984       | 1.1436   | (ADV 0.44)
70     | 2.7533     | 0.6155     | 0.9712       | 1.1666       | 0.9240     | 0.8848       | 0.9004   |           
80     | 2.7533     | 0.5939     | 0.9871       | 1.1724       | 0.9333     | 0.8305       | 0.9419   | (ADV 0.52)
90     | 2.8106     | 0.5894     | 1.0477       | 1.1735       | 0.9427     | 0.8631       | 1.0589   |           
100    | 2.8300     | 0.5953     | 1.0521       | 1.1825       | 0.9458     | 0.8079       | 0.9822   |           
110    | 2.8356     | 0.5846     | 1.0662       | 1.1848       | 0.9354     | 0.7772       | 1.0686   |           
120    | 2.8141     | 0.5520     | 1.0812       | 1.1808       | 0.9271     | 0.7580       | 0.9329   |           
130    | 2.8441     | 0.5721     | 1.0851       | 1.1869       | 0.9417     | 0.7625       | 0.9707   |           
140    | 2.9156     | 0.5964     | 1.1131       | 1.2061       | 0.9427     | 0.7586       | 1.0785   |           
150    | 2.9783     | 0.6207     | 1.1348       | 1.2227       | 0.9406     | 0.7407       | 1.0369   |           
160    | 2.9157     | 0.5497     | 1.1322       | 1.2338       | 0.9469     | 0.6640       | 1.0252   | (ADV 0.61)
170    | 2.9147     | 0.5515     | 1.1207       | 1.2424       | 0.9490     | 0.6916       | 1.1036   |           
180    | 2.9449     | 0.5602     | 1.1458       | 1.2389       | 0.9458     | 0.6813       | 0.9791   |           
190    | 2.9575     | 0.5558     | 1.1493       | 1.2524       | 0.9354     | 0.6442       | 1.0272   |           
200    | 2.9830     | 0.5690     | 1.1671       | 1.2469       | 0.9354     | 0.5958       | 1.0106   |           
210    | 2.9723     | 0.5406     | 1.1833       | 1.2484       | 0.9198     | 0.6720       | 0.9925   |           
220    | 2.9699     | 0.5331     | 1.1868       | 1.2500       | 0.9437     | 0.5871       | 1.0427   | (ADV 0.65)
230    | 3.0239     | 0.5577     | 1.1790       | 1.2872       | 0.9417     | 0.6160       | 0.9960   |           
240    | 2.9900     | 0.5338     | 1.1907       | 1.2654       | 0.9344     | 0.5825       | 1.1473   |           
250    | 2.9770     | 0.5227     | 1.1863       | 1.2680       | 0.9302     | 0.6250       | 1.0028   |           
260    | 2.9838     | 0.5244     | 1.2049       | 1.2545       | 0.9385     | 0.6213       | 1.1765   |           
270    | 2.9827     | 0.5151     | 1.1917       | 1.2760       | 0.9333     | 0.5431       | 1.0816   |           
280    | 2.9708     | 0.4979     | 1.2074       | 1.2655       | 0.9406     | 0.5787       | 0.9943   |           
290    | 3.0331     | 0.5340     | 1.2229       | 1.2762       | 0.9448     | 0.6493       | 1.0220   |           
300    | 3.0011     | 0.5297     | 1.2066       | 1.2648       | 0.9417     | 0.6357       | 1.0354   |           
310    | 3.0195     | 0.5151     | 1.2183       | 1.2861       | 0.9427     | 0.5966       | 1.0797   |           
320    | 3.0326     | 0.5021     | 1.2399       | 1.2907       | 0.9500     | 0.5791       | 1.0188   |           
330    | 3.0513     | 0.5285     | 1.2342       | 1.2886       | 0.9354     | 0.6156       | 1.0170   |           
340    | 2.9941     | 0.4902     | 1.2176       | 1.2862       | 0.9271     | 0.5981       | 1.0814   |           
350    | 3.0195     | 0.5060     | 1.2349       | 1.2786       | 0.9208     | 0.5390       | 1.0163   |           
360    | 3.0146     | 0.4895     | 1.2367       | 1.2884       | 0.9448     | 0.6059       | 1.0206   |           
370    | 3.0466     | 0.4974     | 1.2545       | 1.2948       | 0.9313     | 0.5812       | 0.9891   |           
380    | 3.0236     | 0.4963     | 1.2332       | 1.2941       | 0.9302     | 0.5551       | 1.0172   |           
390    | 3.0822     | 0.5146     | 1.2633       | 1.3043       | 0.9354     | 0.6247       | 0.9927   |           
400    | 3.0162     | 0.4944     | 1.2203       | 1.3014       | 0.9479     | 0.5709       | 0.9979   |           
410    | 3.0098     | 0.4807     | 1.2590       | 1.2702       | 0.9406     | 0.5656       | 0.9602   |           
420    | 3.0376     | 0.4973     | 1.2547       | 1.2856       | 0.9344     | 0.5358       | 0.9817   |           
430    | 3.0578     | 0.5089     | 1.2517       | 1.2972       | 0.9448     | 0.5453       | 0.8661   |           
440    | 3.0488     | 0.4917     | 1.2625       | 1.2946       | 0.9427     | 0.5308       | 0.8908   |           
450    | 3.0530     | 0.4735     | 1.2953       | 1.2842       | 0.9479     | 0.5742       | 0.9980   |           
460    | 3.1172     | 0.5258     | 1.3083       | 1.2830       | 0.9323     | 0.5371       | 0.9949   |           
470    | 3.0583     | 0.4801     | 1.2969       | 1.2813       | 0.9510     | 0.5177       | 0.8913   |           
480    | 3.0703     | 0.4756     | 1.2885       | 1.3063       | 0.9240     | 0.5540       | 0.9800   |           
490    | 3.0917     | 0.4958     | 1.2937       | 1.3022       | 0.9437     | 0.5060       | 0.9600   |           
500    | 3.0993     | 0.4869     | 1.2805       | 1.3319       | 0.9500     | 0.5137       | 0.9315   |           
Seed 42 | Src Acc: 94.4898 | Src MDE: 0.0852 | Tgt Acc: 32.4490 | Tgt MDE: 0.9714
>> Training PCN (Stage 2) on Source Domain...
>> Source PCN Training Finished. Huber Loss: 0.0036
>> Training PCN (Stage 2) on Target Domain...
>> Target PCN Training Finished. Huber Loss: 0.0040

Start GeoSPA-Net Training Seed 67...
Epoch  | Total Loss | Tr Cls     | Tr Dom RSSI  | Tr Dom RTT   | Val T Acc  | Val T Entropy | Test MDE
------------------------------------------------------------------------------------------------------------------------
10     | 3.5985     | 1.2938     | 1.0255       | 1.2792       | 0.8812     | 2.6376       | 0.9903   |           
20     | 2.9578     | 0.8779     | 0.8822       | 1.1978       | 0.9115     | 1.8402       | 1.0524   | (ADV -0.01)
30     | 2.6788     | 0.7156     | 0.8209       | 1.1423       | 0.9156     | 1.4453       | 0.9851   | (ADV 0.19)
40     | 2.5581     | 0.6424     | 0.8197       | 1.0961       | 0.9156     | 1.2311       | 0.9781   |           
50     | 2.6479     | 0.6444     | 0.8906       | 1.1128       | 0.9135     | 1.0774       | 0.8820   | (ADV 0.37)
60     | 2.6245     | 0.5951     | 0.9032       | 1.1262       | 0.9365     | 0.9400       | 0.8740   | (ADV 0.47)
70     | 2.6706     | 0.5921     | 0.9462       | 1.1322       | 0.9281     | 0.8717       | 0.9052   | (ADV 0.49)
80     | 2.7759     | 0.6010     | 1.0378       | 1.1370       | 0.9146     | 0.8966       | 0.9691   |           
90     | 2.7728     | 0.5968     | 1.0326       | 1.1435       | 0.9375     | 0.8293       | 0.9827   |           
100    | 2.7731     | 0.5779     | 1.0462       | 1.1490       | 0.9229     | 0.7906       | 0.9510   |           
110    | 2.8151     | 0.5616     | 1.0779       | 1.1756       | 0.9375     | 0.7861       | 0.9243   |           
120    | 2.8717     | 0.5925     | 1.0908       | 1.1884       | 0.9375     | 0.7118       | 0.9026   | (ADV 0.58)
130    | 2.9062     | 0.6040     | 1.0960       | 1.2063       | 0.9208     | 0.6931       | 0.8693   |           
140    | 3.0010     | 0.6193     | 1.1305       | 1.2512       | 0.9146     | 0.7653       | 0.7946   |           
150    | 2.8360     | 0.5290     | 1.0961       | 1.2109       | 0.9344     | 0.6325       | 0.9069   | (ADV 0.62)
160    | 2.9224     | 0.5735     | 1.1264       | 1.2226       | 0.9333     | 0.7052       | 0.8321   |           
170    | 2.9480     | 0.5793     | 1.1485       | 1.2202       | 0.9437     | 0.6409       | 0.8121   | (ADV 0.62)
180    | 2.8589     | 0.4966     | 1.1305       | 1.2319       | 0.9250     | 0.5915       | 0.9373   |           
190    | 2.9061     | 0.5250     | 1.1464       | 1.2347       | 0.9469     | 0.6468       | 0.9251   |           
200    | 2.9582     | 0.5354     | 1.1651       | 1.2577       | 0.9313     | 0.6302       | 1.0280   |           
210    | 2.9109     | 0.4925     | 1.1788       | 1.2396       | 0.9271     | 0.6011       | 0.8405   |           
220    | 2.9345     | 0.5196     | 1.1770       | 1.2379       | 0.9250     | 0.6287       | 0.8889   |           
230    | 2.9616     | 0.5414     | 1.1762       | 1.2441       | 0.9385     | 0.5703       | 0.8839   | (ADV 0.65)
240    | 2.9863     | 0.5494     | 1.1992       | 1.2378       | 0.9344     | 0.6319       | 0.9016   |           
250    | 2.9737     | 0.5378     | 1.1986       | 1.2373       | 0.9313     | 0.5414       | 0.9343   |           
260    | 2.9375     | 0.5100     | 1.1918       | 1.2357       | 0.9240     | 0.5864       | 0.8358   |           
270    | 2.9905     | 0.5093     | 1.2153       | 1.2659       | 0.9396     | 0.5333       | 0.9511   |           
280    | 2.9971     | 0.5193     | 1.2176       | 1.2602       | 0.9365     | 0.5767       | 0.9212   |           
290    | 3.0065     | 0.5053     | 1.2429       | 1.2583       | 0.9302     | 0.5761       | 0.9920   |           
300    | 2.9255     | 0.4463     | 1.2301       | 1.2492       | 0.9437     | 0.5367       | 1.0195   |           
310    | 2.9860     | 0.5032     | 1.2213       | 1.2616       | 0.9375     | 0.5720       | 0.9993   |           
320    | 2.9840     | 0.4780     | 1.2389       | 1.2671       | 0.9344     | 0.5406       | 0.8875   |           
330    | 3.0002     | 0.4920     | 1.2504       | 1.2579       | 0.9271     | 0.5165       | 0.9950   |           
340    | 3.0677     | 0.5196     | 1.2644       | 1.2837       | 0.9333     | 0.5116       | 0.9879   |           
350    | 2.9952     | 0.4849     | 1.2417       | 1.2686       | 0.9375     | 0.4936       | 0.9235   |           
360    | 3.0230     | 0.4773     | 1.2476       | 1.2981       | 0.9344     | 0.5156       | 1.0087   |           
370    | 2.9806     | 0.4656     | 1.2445       | 1.2706       | 0.9281     | 0.5283       | 0.8837   |           
380    | 3.0604     | 0.5035     | 1.2665       | 1.2904       | 0.9396     | 0.5126       | 1.0068   |           
390    | 2.9928     | 0.4574     | 1.2553       | 1.2802       | 0.9323     | 0.4806       | 0.9591   |           
400    | 3.0527     | 0.5047     | 1.2544       | 1.2936       | 0.9333     | 0.4771       | 1.0266   |           
410    | 3.0302     | 0.4595     | 1.2851       | 1.2856       | 0.9240     | 0.5195       | 0.8544   |           
420    | 3.0352     | 0.4708     | 1.2698       | 1.2946       | 0.9302     | 0.5158       | 0.8386   |           
430    | 3.0358     | 0.4603     | 1.2689       | 1.3065       | 0.9500     | 0.5087       | 0.9798   |           
440    | 3.0032     | 0.4333     | 1.2751       | 1.2947       | 0.9437     | 0.4622       | 1.0633   | (ADV 0.71)
450    | 3.0642     | 0.4753     | 1.2878       | 1.3011       | 0.9115     | 0.5602       | 0.8800   |           
460    | 3.0123     | 0.4409     | 1.2705       | 1.3009       | 0.9406     | 0.5221       | 1.0403   |           
470    | 3.0203     | 0.4346     | 1.2917       | 1.2940       | 0.9427     | 0.4797       | 1.0306   |           
480    | 3.0558     | 0.4667     | 1.2764       | 1.3127       | 0.9469     | 0.5418       | 0.9576   |           
490    | 3.0814     | 0.4747     | 1.3001       | 1.3066       | 0.9396     | 0.5322       | 0.8778   |           
500    | 3.0431     | 0.4461     | 1.2850       | 1.3120       | 0.9365     | 0.4978       | 0.8129   |           
Seed 67 | Src Acc: 95.0000 | Src MDE: 0.0779 | Tgt Acc: 33.9796 | Tgt MDE: 0.9200
>> Training PCN (Stage 2) on Source Domain...
>> Source PCN Training Finished. Huber Loss: 0.0020
>> Training PCN (Stage 2) on Target Domain...
>> Target PCN Training Finished. Huber Loss: 0.0025

Start GeoSPA-Net Training Seed 1024...
Epoch  | Total Loss | Tr Cls     | Tr Dom RSSI  | Tr Dom RTT   | Val T Acc  | Val T Entropy | Test MDE
------------------------------------------------------------------------------------------------------------------------
10     | 3.6538     | 1.3463     | 1.0335       | 1.2740       | 0.8938     | 2.7395       | 1.2940   |           
20     | 2.9655     | 0.8704     | 0.8839       | 1.2112       | 0.9302     | 2.0305       | 1.1464   |           
30     | 2.6856     | 0.7164     | 0.8111       | 1.1581       | 0.9229     | 1.5016       | 1.1021   | (ADV 0.17)
40     | 2.6548     | 0.6897     | 0.8306       | 1.1345       | 0.9229     | 1.2883       | 1.0492   |           
50     | 2.5315     | 0.6176     | 0.8045       | 1.1093       | 0.9260     | 1.1279       | 0.9743   | (ADV 0.36)
60     | 2.6223     | 0.6163     | 0.8730       | 1.1330       | 0.9229     | 1.0443       | 1.0409   |           
70     | 2.6312     | 0.5863     | 0.9049       | 1.1400       | 0.9396     | 1.0198       | 0.9587   |           
80     | 2.7778     | 0.6410     | 0.9915       | 1.1453       | 0.8979     | 0.9195       | 1.0700   |           
90     | 2.7352     | 0.5942     | 0.9625       | 1.1785       | 0.9313     | 0.8677       | 0.9123   | (ADV 0.50)
100    | 2.7367     | 0.5647     | 0.9754       | 1.1966       | 0.9208     | 0.7709       | 1.0485   | (ADV 0.54)
110    | 2.8496     | 0.6016     | 1.0374       | 1.2107       | 0.8875     | 0.8751       | 1.0245   |           
120    | 2.8762     | 0.5916     | 1.0577       | 1.2269       | 0.9208     | 0.8355       | 0.9050   |           
130    | 2.8569     | 0.5685     | 1.0855       | 1.2029       | 0.9313     | 0.7582       | 1.0372   |           
140    | 2.9413     | 0.5932     | 1.1104       | 1.2377       | 0.9240     | 0.7167       | 0.9332   | (ADV 0.57)
150    | 2.9105     | 0.5682     | 1.1230       | 1.2193       | 0.9250     | 0.7379       | 0.9867   |           
160    | 2.9080     | 0.5615     | 1.1320       | 1.2145       | 0.9313     | 0.7198       | 1.0688   |           
170    | 2.9630     | 0.5998     | 1.1410       | 1.2222       | 0.9354     | 0.6848       | 1.0011   |           
180    | 2.9407     | 0.5758     | 1.1402       | 1.2247       | 0.9260     | 0.6828       | 1.1301   |           
190    | 2.8545     | 0.5047     | 1.1266       | 1.2231       | 0.9333     | 0.6040       | 0.9700   | (ADV 0.63)
200    | 2.9776     | 0.5610     | 1.1734       | 1.2432       | 0.9156     | 0.6243       | 0.9757   |           
210    | 2.9867     | 0.5747     | 1.1863       | 1.2258       | 0.9240     | 0.5974       | 0.9873   |           
220    | 3.0006     | 0.5757     | 1.1713       | 1.2537       | 0.9427     | 0.6115       | 1.1537   |           
230    | 2.9291     | 0.5156     | 1.1735       | 1.2400       | 0.9240     | 0.6010       | 0.9946   |           
240    | 2.9908     | 0.5591     | 1.1915       | 1.2402       | 0.9260     | 0.6952       | 1.0646   |           
250    | 3.0335     | 0.5623     | 1.2137       | 1.2575       | 0.9323     | 0.6114       | 1.0326   |           
260    | 3.0306     | 0.5646     | 1.2149       | 1.2510       | 0.9198     | 0.5674       | 1.1004   |           
270    | 3.0346     | 0.5348     | 1.2250       | 1.2749       | 0.9260     | 0.5965       | 1.0302   |           
280    | 3.0246     | 0.5283     | 1.2205       | 1.2758       | 0.9396     | 0.5849       | 1.0560   |           
290    | 3.0674     | 0.5374     | 1.2531       | 1.2769       | 0.9365     | 0.5842       | 1.1122   |           
300    | 3.0899     | 0.5416     | 1.2437       | 1.3046       | 0.9375     | 0.5959       | 1.0442   |           
310    | 3.0309     | 0.5092     | 1.2329       | 1.2889       | 0.9375     | 0.6086       | 1.0311   |           
320    | 3.0861     | 0.5544     | 1.2453       | 1.2865       | 0.9344     | 0.5967       | 1.0200   |           
330    | 3.0324     | 0.5079     | 1.2444       | 1.2801       | 0.9260     | 0.5724       | 1.1434   |           
340    | 3.0067     | 0.4627     | 1.2636       | 1.2803       | 0.9365     | 0.5723       | 1.0869   |           
350    | 3.0306     | 0.4960     | 1.2434       | 1.2911       | 0.9271     | 0.5242       | 1.1683   |           
360    | 3.0506     | 0.4896     | 1.2525       | 1.3085       | 0.9229     | 0.6434       | 1.1391   |           
370    | 3.0617     | 0.4961     | 1.2753       | 1.2903       | 0.9417     | 0.5920       | 1.0206   |           
380    | 3.0797     | 0.5126     | 1.2784       | 1.2887       | 0.9219     | 0.5527       | 0.8879   |           
390    | 3.0637     | 0.4943     | 1.2618       | 1.3075       | 0.9344     | 0.5883       | 1.0088   |           
400    | 3.0644     | 0.4994     | 1.2571       | 1.3079       | 0.9396     | 0.5767       | 1.0330   |           
410    | 3.0884     | 0.4969     | 1.2774       | 1.3141       | 0.9219     | 0.5579       | 1.0043   |           
420    | 3.0823     | 0.4929     | 1.2801       | 1.3093       | 0.9167     | 0.5813       | 0.9193   |           
430    | 3.0564     | 0.4789     | 1.2692       | 1.3083       | 0.9198     | 0.5349       | 1.1153   |           
440    | 3.0431     | 0.4526     | 1.2754       | 1.3151       | 0.9344     | 0.5456       | 0.9463   |           
450    | 3.0741     | 0.4896     | 1.2739       | 1.3106       | 0.9313     | 0.4744       | 1.1027   | (ADV 0.69)
460    | 3.0709     | 0.4912     | 1.2745       | 1.3052       | 0.9177     | 0.5361       | 0.9711   |           
470    | 3.0462     | 0.4500     | 1.2757       | 1.3205       | 0.9354     | 0.4880       | 0.9848   |           
480    | 3.0681     | 0.4763     | 1.2690       | 1.3228       | 0.9302     | 0.5300       | 0.9540   |           
490    | 3.0667     | 0.4583     | 1.2888       | 1.3197       | 0.9229     | 0.5019       | 1.0631   |           
500    | 3.1363     | 0.5141     | 1.3171       | 1.3051       | 0.9458     | 0.5127       | 0.8953   |           
Seed 1024 | Src Acc: 93.7755 | Src MDE: 0.0986 | Tgt Acc: 28.4694 | Tgt MDE: 1.1027
Finished Combo GeoSPA_3. Results saved.
