==========================================
Current Architecture: GeoSPA-Net Version 6
mcAPs (Real Anchors): [2, 4] (Indices: [1, 3])
Legacy APs (Virtual): [1, 3] (Indices: [0, 2])
==========================================
>> Training Multi-Head PCN (Stage 2) on Source Domain for APs: [0, 1, 2, 3]...
>> Source PCN Training Finished. Avg Loss: 0.0179
>> Training Multi-Head PCN (Stage 2) on Target Domain for APs: [1, 3]...
>> Target PCN Training Finished. Avg Loss: 0.0084

Start GeoSPA-Net Training Seed 42...
Epoch  | Total Loss | Tr Cls     | Tr Dom RSSI  | Tr Dom RTT   | Val T Acc  | Val T Entropy | Test MDE
------------------------------------------------------------------------------------------------------------------------
10     | 4.1916     | 1.9698     | 1.1571       | 1.0646       | 0.8646     | 3.2101       | 0.8763   |           
20     | 3.1524     | 1.1925     | 1.0125       | 0.9474       | 0.9521     | 2.3906       | 0.7621   | (ADV -0.24)
30     | 2.7946     | 0.8323     | 0.9862       | 0.9761       | 0.9656     | 1.8676       | 0.7397   | (ADV 0.03)
40     | 2.6853     | 0.6954     | 1.0018       | 0.9881       | 0.9771     | 1.5623       | 0.7844   |           
50     | 2.6195     | 0.6351     | 1.0052       | 0.9793       | 0.9760     | 1.2440       | 0.7461   | (ADV 0.35)
60     | 2.6444     | 0.5846     | 1.0377       | 1.0221       | 0.9698     | 1.1868       | 0.7481   |           
70     | 2.7317     | 0.5850     | 1.0697       | 1.0770       | 0.9750     | 1.0485       | 0.7161   |           
80     | 2.7601     | 0.5741     | 1.1017       | 1.0843       | 0.9708     | 0.9924       | 0.7367   |           
90     | 2.7233     | 0.5258     | 1.1064       | 1.0911       | 0.9781     | 0.9523       | 0.7222   |           
100    | 2.8041     | 0.5460     | 1.1401       | 1.1180       | 0.9792     | 0.9193       | 0.7348   |           
110    | 2.7873     | 0.5019     | 1.1735       | 1.1119       | 0.9812     | 0.7794       | 0.6898   | (ADV 0.59)
120    | 2.8031     | 0.4980     | 1.1771       | 1.1280       | 0.9750     | 0.7606       | 0.7021   |           
130    | 2.7966     | 0.4777     | 1.1812       | 1.1376       | 0.9792     | 0.7008       | 0.6906   |           
140    | 2.8139     | 0.4728     | 1.1911       | 1.1500       | 0.9833     | 0.7768       | 0.7879   |           
150    | 2.8482     | 0.4963     | 1.2192       | 1.1327       | 0.9708     | 0.7366       | 0.7402   |           
160    | 2.8174     | 0.4423     | 1.2199       | 1.1552       | 0.9854     | 0.6707       | 0.7959   |           
170    | 2.8805     | 0.4791     | 1.2233       | 1.1782       | 0.9865     | 0.6897       | 0.8225   |           
180    | 2.8829     | 0.4606     | 1.1998       | 1.2224       | 0.9771     | 0.6328       | 0.8473   |           
190    | 2.8671     | 0.4410     | 1.2250       | 1.2010       | 0.9729     | 0.6110       | 0.8207   |           
200    | 2.8041     | 0.4187     | 1.2048       | 1.1806       | 0.9865     | 0.5661       | 0.7703   | (ADV 0.70)
210    | 2.8270     | 0.4056     | 1.2504       | 1.1710       | 0.9792     | 0.5727       | 0.8137   |           
220    | 2.8506     | 0.4092     | 1.2453       | 1.1960       | 0.9823     | 0.5490       | 0.8766   |           
230    | 2.9234     | 0.4528     | 1.2526       | 1.2181       | 0.9771     | 0.5645       | 0.8328   |           
240    | 2.9381     | 0.4565     | 1.2568       | 1.2248       | 0.9833     | 0.4909       | 0.8347   | (ADV 0.74)
250    | 2.8969     | 0.3879     | 1.2752       | 1.2337       | 0.9729     | 0.5206       | 0.8452   |           
260    | 2.9049     | 0.4251     | 1.2404       | 1.2393       | 0.9812     | 0.5403       | 0.7582   |           
270    | 2.8879     | 0.3862     | 1.2465       | 1.2552       | 0.9792     | 0.5185       | 0.8017   |           
280    | 2.8725     | 0.4123     | 1.2457       | 1.2145       | 0.9812     | 0.5245       | 0.8757   |           
290    | 2.8668     | 0.3776     | 1.2656       | 1.2235       | 0.9573     | 0.5132       | 0.8331   |           
300    | 2.8724     | 0.3726     | 1.2571       | 1.2426       | 0.9740     | 0.4666       | 0.8812   |           
310    | 2.8820     | 0.4027     | 1.2512       | 1.2281       | 0.9688     | 0.4890       | 0.8327   |           
320    | 2.8467     | 0.3462     | 1.2568       | 1.2437       | 0.9719     | 0.4690       | 0.8957   |           
330    | 2.8486     | 0.3503     | 1.2561       | 1.2422       | 0.9823     | 0.4963       | 0.7745   |           
340    | 2.8590     | 0.3649     | 1.2753       | 1.2188       | 0.9698     | 0.4802       | 0.8208   |           
350    | 2.8673     | 0.3551     | 1.2805       | 1.2317       | 0.9781     | 0.4640       | 0.7624   |           
360    | 2.9216     | 0.3834     | 1.3051       | 1.2331       | 0.9771     | 0.4293       | 0.7747   |           
370    | 2.8784     | 0.3464     | 1.2841       | 1.2479       | 0.9823     | 0.3949       | 0.8197   | (ADV 0.78)
380    | 2.8785     | 0.3454     | 1.3015       | 1.2316       | 0.9802     | 0.3811       | 0.7970   | (ADV 0.79)
390    | 2.8400     | 0.3445     | 1.2849       | 1.2106       | 0.9792     | 0.4336       | 0.8355   |           
400    | 2.8501     | 0.3263     | 1.2940       | 1.2298       | 0.9844     | 0.3819       | 0.8409   | (ADV 0.79)
410    | 2.8990     | 0.3469     | 1.3004       | 1.2516       | 0.9854     | 0.4080       | 0.8260   |           
420    | 2.8922     | 0.3289     | 1.3066       | 1.2568       | 0.9812     | 0.4614       | 0.8416   |           
430    | 2.8715     | 0.3138     | 1.3051       | 1.2526       | 0.9771     | 0.3706       | 0.8831   |           
440    | 2.8522     | 0.2899     | 1.3188       | 1.2435       | 0.9781     | 0.4106       | 0.8634   |           
450    | 2.8764     | 0.3062     | 1.3172       | 1.2530       | 0.9844     | 0.4061       | 0.9074   |           
460    | 2.8794     | 0.3258     | 1.3090       | 1.2447       | 0.9635     | 0.4252       | 0.8153   |           
470    | 2.8239     | 0.2775     | 1.3150       | 1.2313       | 0.9823     | 0.4218       | 0.8417   |           
480    | 2.8238     | 0.2922     | 1.2914       | 1.2401       | 0.9781     | 0.3764       | 0.8115   |           
490    | 2.8828     | 0.3239     | 1.2960       | 1.2629       | 0.9812     | 0.3569       | 0.8037   |           
500    | 2.8467     | 0.3148     | 1.2854       | 1.2466       | 0.9740     | 0.4391       | 0.8217   |           
Seed 42 | Src Acc: 97.4490 | Src MDE: 0.0411 | Tgt Acc: 34.3878 | Tgt MDE: 0.8237
>> Training Multi-Head PCN (Stage 2) on Source Domain for APs: [0, 1, 2, 3]...
>> Source PCN Training Finished. Avg Loss: 0.0213
>> Training Multi-Head PCN (Stage 2) on Target Domain for APs: [1, 3]...
>> Target PCN Training Finished. Avg Loss: 0.0079

Start GeoSPA-Net Training Seed 67...
Epoch  | Total Loss | Tr Cls     | Tr Dom RSSI  | Tr Dom RTT   | Val T Acc  | Val T Entropy | Test MDE
------------------------------------------------------------------------------------------------------------------------
10     | 4.2040     | 1.9432     | 1.1525       | 1.1082       | 0.9219     | 3.1716       | 0.9019   |           
20     | 3.1269     | 1.2105     | 1.0218       | 0.8945       | 0.9604     | 2.3581       | 0.8413   | (ADV -0.22)
30     | 2.8947     | 0.8796     | 1.0072       | 1.0078       | 0.9552     | 1.8150       | 0.8199   | (ADV 0.05)
40     | 2.7701     | 0.7697     | 0.9736       | 1.0268       | 0.9594     | 1.4848       | 0.7993   | (ADV 0.22)
50     | 2.6642     | 0.6926     | 0.9868       | 0.9848       | 0.9635     | 1.3060       | 0.8075   |           
60     | 2.4827     | 0.5385     | 0.9540       | 0.9902       | 0.9646     | 1.0965       | 0.7779   | (ADV 0.42)
70     | 2.6452     | 0.5463     | 1.0514       | 1.0475       | 0.9771     | 1.0785       | 0.8377   |           
80     | 2.6638     | 0.5404     | 1.0602       | 1.0631       | 0.9760     | 0.9900       | 0.7930   | (ADV 0.48)
90     | 2.6295     | 0.4974     | 1.0737       | 1.0584       | 0.9667     | 0.9246       | 0.7639   |           
100    | 2.7055     | 0.5353     | 1.1015       | 1.0687       | 0.9635     | 0.8639       | 0.7485   |           
110    | 2.6747     | 0.4635     | 1.1082       | 1.1029       | 0.9604     | 0.7939       | 0.6797   |           
120    | 2.8200     | 0.5120     | 1.1621       | 1.1459       | 0.9688     | 0.8436       | 0.7829   |           
130    | 2.7502     | 0.4647     | 1.1678       | 1.1177       | 0.9698     | 0.7053       | 0.7171   | (ADV 0.62)
140    | 2.7542     | 0.4500     | 1.1844       | 1.1198       | 0.9667     | 0.7365       | 0.7844   |           
150    | 2.8339     | 0.4761     | 1.2146       | 1.1432       | 0.9688     | 0.6660       | 0.7743   |           
160    | 2.8053     | 0.4657     | 1.2200       | 1.1196       | 0.9760     | 0.7254       | 0.7246   |           
170    | 2.8334     | 0.4405     | 1.2120       | 1.1809       | 0.9740     | 0.6181       | 0.7919   |           
180    | 2.8299     | 0.4332     | 1.2122       | 1.1845       | 0.9635     | 0.6433       | 0.7256   |           
190    | 2.7664     | 0.4092     | 1.1991       | 1.1581       | 0.9750     | 0.6065       | 0.7162   |           
200    | 2.8027     | 0.4085     | 1.2058       | 1.1884       | 0.9677     | 0.5914       | 0.7367   |           
210    | 2.7773     | 0.4120     | 1.2098       | 1.1555       | 0.9740     | 0.5761       | 0.6905   |           
220    | 2.8330     | 0.4303     | 1.2156       | 1.1871       | 0.9625     | 0.5605       | 0.7562   |           
230    | 2.8104     | 0.4069     | 1.2338       | 1.1698       | 0.9667     | 0.4931       | 0.7262   | (ADV 0.72)
240    | 2.8494     | 0.4246     | 1.2231       | 1.2017       | 0.9719     | 0.5597       | 0.7982   |           
250    | 2.8294     | 0.4204     | 1.2267       | 1.1823       | 0.9604     | 0.5124       | 0.6933   |           
260    | 2.8512     | 0.4260     | 1.2433       | 1.1819       | 0.9698     | 0.5326       | 0.8084   |           
270    | 2.7880     | 0.3875     | 1.2378       | 1.1627       | 0.9719     | 0.4992       | 0.8655   |           
280    | 2.8155     | 0.3978     | 1.2422       | 1.1755       | 0.9677     | 0.5800       | 0.8396   |           
290    | 2.8346     | 0.3985     | 1.2446       | 1.1916       | 0.9719     | 0.4916       | 0.7753   |           
300    | 2.8519     | 0.4307     | 1.2376       | 1.1836       | 0.9729     | 0.5096       | 0.7985   |           
310    | 2.7997     | 0.3875     | 1.2354       | 1.1768       | 0.9750     | 0.4823       | 0.7104   |           
320    | 2.8095     | 0.3749     | 1.2723       | 1.1624       | 0.9708     | 0.4780       | 0.7814   |           
330    | 2.8303     | 0.3916     | 1.2552       | 1.1835       | 0.9708     | 0.5132       | 0.7272   |           
340    | 2.8591     | 0.3991     | 1.2645       | 1.1955       | 0.9719     | 0.4622       | 0.7047   |           
350    | 2.8590     | 0.3823     | 1.2698       | 1.2068       | 0.9729     | 0.4693       | 0.7982   |           
360    | 2.7987     | 0.3713     | 1.2514       | 1.1761       | 0.9708     | 0.4565       | 0.7142   |           
370    | 2.8398     | 0.3874     | 1.2547       | 1.1977       | 0.9792     | 0.4848       | 0.7323   |           
380    | 2.7991     | 0.3489     | 1.2669       | 1.1833       | 0.9688     | 0.4625       | 0.7474   |           
390    | 2.8151     | 0.3668     | 1.2718       | 1.1766       | 0.9656     | 0.4456       | 0.7212   |           
400    | 2.8442     | 0.3750     | 1.2755       | 1.1938       | 0.9760     | 0.4598       | 0.8052   |           
410    | 2.8907     | 0.4014     | 1.2823       | 1.2070       | 0.9635     | 0.4674       | 0.6793   |           
420    | 2.8209     | 0.3527     | 1.2621       | 1.2061       | 0.9740     | 0.4790       | 0.8215   |           
430    | 2.9077     | 0.4009     | 1.2995       | 1.2073       | 0.9760     | 0.4504       | 0.6816   |           
440    | 2.8008     | 0.3147     | 1.2664       | 1.2197       | 0.9750     | 0.3964       | 0.7093   |           
450    | 2.8365     | 0.3421     | 1.2822       | 1.2122       | 0.9812     | 0.4409       | 0.7425   |           
460    | 2.8636     | 0.3229     | 1.3219       | 1.2188       | 0.9781     | 0.4152       | 0.7158   |           
470    | 2.8811     | 0.3651     | 1.3013       | 1.2148       | 0.9760     | 0.3918       | 0.7476   |           
480    | 2.8149     | 0.3151     | 1.3077       | 1.1922       | 0.9719     | 0.4368       | 0.7360   |           
490    | 2.7961     | 0.2766     | 1.3051       | 1.2144       | 0.9750     | 0.4209       | 0.8005   |           
500    | 2.8942     | 0.3594     | 1.3265       | 1.2082       | 0.9740     | 0.4036       | 0.7602   |           
Seed 67 | Src Acc: 98.3673 | Src MDE: 0.0180 | Tgt Acc: 34.5918 | Tgt MDE: 0.7304
>> Training Multi-Head PCN (Stage 2) on Source Domain for APs: [0, 1, 2, 3]...
>> Source PCN Training Finished. Avg Loss: 0.0162
>> Training Multi-Head PCN (Stage 2) on Target Domain for APs: [1, 3]...
>> Target PCN Training Finished. Avg Loss: 0.0074

Start GeoSPA-Net Training Seed 1024...
Epoch  | Total Loss | Tr Cls     | Tr Dom RSSI  | Tr Dom RTT   | Val T Acc  | Val T Entropy | Test MDE
------------------------------------------------------------------------------------------------------------------------
10     | 4.3047     | 2.0229     | 1.1252       | 1.1566       | 0.8698     | 3.1329       | 0.9458   |           
20     | 3.1623     | 1.1630     | 0.9701       | 1.0292       | 0.9552     | 2.3384       | 0.8500   | (ADV -0.21)
30     | 2.9236     | 0.9190     | 0.9753       | 1.0293       | 0.9583     | 1.8700       | 0.8567   |           
40     | 2.7943     | 0.7482     | 0.9972       | 1.0489       | 0.9740     | 1.5279       | 0.8501   |           
50     | 2.7351     | 0.6665     | 1.0379       | 1.0307       | 0.9802     | 1.3308       | 0.8509   |           
60     | 2.6256     | 0.5854     | 1.0142       | 1.0260       | 0.9771     | 1.1915       | 0.8473   | (ADV 0.38)
70     | 2.6046     | 0.5674     | 0.9918       | 1.0454       | 0.9781     | 1.1400       | 0.7797   |           
80     | 2.6529     | 0.5717     | 1.0070       | 1.0741       | 0.9760     | 1.0689       | 0.7863   |           
90     | 2.6958     | 0.5433     | 1.0458       | 1.1068       | 0.9635     | 0.9776       | 0.7854   |           
100    | 2.6965     | 0.5403     | 1.0693       | 1.0869       | 0.9792     | 0.9863       | 0.8236   |           
110    | 2.7730     | 0.5270     | 1.1253       | 1.1207       | 0.9615     | 0.9811       | 0.8049   |           
120    | 2.7182     | 0.4738     | 1.1381       | 1.1064       | 0.9635     | 0.8832       | 0.7400   |           
130    | 2.8257     | 0.5318     | 1.1583       | 1.1356       | 0.9750     | 0.7768       | 0.7974   | (ADV 0.59)
140    | 2.8473     | 0.5132     | 1.2085       | 1.1256       | 0.9667     | 0.7590       | 0.7502   | (ADV 0.59)
150    | 2.9157     | 0.5583     | 1.2063       | 1.1510       | 0.9698     | 0.8480       | 0.7715   |           
160    | 2.7515     | 0.4521     | 1.1902       | 1.1093       | 0.9719     | 0.6899       | 0.7779   | (ADV 0.63)
170    | 2.8571     | 0.4841     | 1.2225       | 1.1505       | 0.9688     | 0.7701       | 0.7645   |           
180    | 2.8175     | 0.4755     | 1.1892       | 1.1528       | 0.9698     | 0.6917       | 0.7914   |           
190    | 2.8477     | 0.4895     | 1.1963       | 1.1619       | 0.9719     | 0.6956       | 0.7116   |           
200    | 2.8110     | 0.4702     | 1.1915       | 1.1492       | 0.9688     | 0.6772       | 0.7558   |           
210    | 2.8777     | 0.4976     | 1.2122       | 1.1678       | 0.9688     | 0.6825       | 0.8444   |           
220    | 2.7772     | 0.4132     | 1.2115       | 1.1526       | 0.9740     | 0.6233       | 0.8536   |           
230    | 2.7603     | 0.4107     | 1.1985       | 1.1511       | 0.9677     | 0.6056       | 0.7255   |           
240    | 2.8468     | 0.4486     | 1.2249       | 1.1733       | 0.9729     | 0.5388       | 0.8122   |           
250    | 2.8267     | 0.4223     | 1.2275       | 1.1769       | 0.9729     | 0.5579       | 0.7424   |           
260    | 2.8230     | 0.4305     | 1.2230       | 1.1695       | 0.9740     | 0.5335       | 0.7432   |           
270    | 2.8159     | 0.3804     | 1.2530       | 1.1825       | 0.9635     | 0.5177       | 0.9018   |           
280    | 2.8253     | 0.4034     | 1.2396       | 1.1823       | 0.9688     | 0.5278       | 0.7779   |           
290    | 2.8555     | 0.4074     | 1.2427       | 1.2054       | 0.9771     | 0.5410       | 0.8250   |           
300    | 2.7588     | 0.3635     | 1.2130       | 1.1823       | 0.9792     | 0.4973       | 0.7767   |           
310    | 2.7898     | 0.3573     | 1.2292       | 1.2034       | 0.9635     | 0.5142       | 0.7770   |           
320    | 2.9134     | 0.4501     | 1.2481       | 1.2153       | 0.9740     | 0.4501       | 0.7151   |           
330    | 2.8684     | 0.3732     | 1.2733       | 1.2218       | 0.9781     | 0.5071       | 0.8180   |           
340    | 2.8592     | 0.3826     | 1.2572       | 1.2194       | 0.9750     | 0.4373       | 0.7664   |           
350    | 2.8230     | 0.3871     | 1.2445       | 1.1915       | 0.9708     | 0.4528       | 0.8984   |           
360    | 2.8331     | 0.3542     | 1.2672       | 1.2117       | 0.9719     | 0.4823       | 0.8285   |           
370    | 2.9228     | 0.4148     | 1.2605       | 1.2475       | 0.9760     | 0.4300       | 0.8273   |           
380    | 2.8403     | 0.3306     | 1.2824       | 1.2273       | 0.9708     | 0.4289       | 0.7815   |           
390    | 2.7854     | 0.3062     | 1.2557       | 1.2235       | 0.9771     | 0.4977       | 0.8094   |           
400    | 2.8513     | 0.3306     | 1.2900       | 1.2307       | 0.9635     | 0.4354       | 0.8221   |           
410    | 2.8544     | 0.3458     | 1.2637       | 1.2449       | 0.9781     | 0.4369       | 0.8113   |           
420    | 2.8842     | 0.3602     | 1.2779       | 1.2462       | 0.9635     | 0.4857       | 0.8617   |           
430    | 2.8560     | 0.3559     | 1.2689       | 1.2312       | 0.9740     | 0.4621       | 0.8223   |           
440    | 2.9729     | 0.4048     | 1.3067       | 1.2614       | 0.9729     | 0.4344       | 0.8921   |           
450    | 2.8753     | 0.3609     | 1.2740       | 1.2404       | 0.9594     | 0.4458       | 0.9256   |           
460    | 2.8760     | 0.3351     | 1.2996       | 1.2413       | 0.9771     | 0.4429       | 0.8750   |           
470    | 2.8751     | 0.3271     | 1.2946       | 1.2535       | 0.9688     | 0.4254       | 0.8883   |           
480    | 2.8760     | 0.3240     | 1.3041       | 1.2479       | 0.9708     | 0.3989       | 0.8971   |           
490    | 2.8589     | 0.3077     | 1.2983       | 1.2529       | 0.9729     | 0.4136       | 0.9549   |           
500    | 2.8827     | 0.3179     | 1.3043       | 1.2605       | 0.9760     | 0.4012       | 0.8627   |           
Seed 1024 | Src Acc: 97.2449 | Src MDE: 0.0404 | Tgt Acc: 32.4490 | Tgt MDE: 0.8858
Finished Combo GeoSPA_2_4. Results saved.
