==========================================
Current Architecture: GeoSPA-Net Version 6
mcAPs (Real Anchors): [1, 2, 3] (Indices: [0, 1, 2])
Legacy APs (Virtual): [4] (Indices: [3])
==========================================
>> Training Multi-Head PCN (Stage 2) on Source Domain for APs: [0, 1, 2, 3]...
>> Source PCN Training Finished. Avg Loss: 0.0179
>> Training Multi-Head PCN (Stage 2) on Target Domain for APs: [0, 1, 2]...
>> Target PCN Training Finished. Avg Loss: 0.0110

Start GeoSPA-Net Training Seed 42...
Epoch  | Total Loss | Tr Cls     | Tr Dom RSSI  | Tr Dom RTT   | Val T Acc  | Val T Entropy | Test MDE
------------------------------------------------------------------------------------------------------------------------
10     | 4.2399     | 1.9425     | 1.1505       | 1.1469       | 0.9344     | 3.2440       | 0.7927   |           
20     | 3.1765     | 1.1076     | 1.0165       | 1.0524       | 0.9542     | 2.4205       | 0.6787   | (ADV -0.26)
30     | 2.7969     | 0.7874     | 1.0006       | 1.0089       | 0.9760     | 1.8861       | 0.6599   | (ADV 0.03)
40     | 2.6394     | 0.6582     | 0.9954       | 0.9858       | 0.9812     | 1.6372       | 0.6570   |           
50     | 2.6530     | 0.6133     | 1.0014       | 1.0383       | 0.9854     | 1.3981       | 0.5972   | (ADV 0.29)
60     | 2.5682     | 0.5587     | 0.9903       | 1.0193       | 0.9833     | 1.2126       | 0.5864   |           
70     | 2.5487     | 0.5219     | 1.0264       | 1.0004       | 0.9885     | 1.1328       | 0.6112   | (ADV 0.42)
80     | 2.6565     | 0.5555     | 1.0862       | 1.0148       | 0.9792     | 1.0561       | 0.6442   | (ADV 0.45)
90     | 2.6177     | 0.4862     | 1.1060       | 1.0255       | 0.9812     | 0.9894       | 0.5731   |           
100    | 2.6663     | 0.5077     | 1.1055       | 1.0531       | 0.9792     | 0.9803       | 0.5713   |           
110    | 2.6682     | 0.4834     | 1.1194       | 1.0654       | 0.9896     | 0.9327       | 0.5687   |           
120    | 2.7529     | 0.4788     | 1.1666       | 1.1075       | 0.9802     | 0.7829       | 0.5842   | (ADV 0.59)
130    | 2.7275     | 0.4572     | 1.1728       | 1.0976       | 0.9729     | 0.7815       | 0.5733   |           
140    | 2.6954     | 0.4151     | 1.1663       | 1.1140       | 0.9792     | 0.8013       | 0.7004   |           
150    | 2.8051     | 0.4786     | 1.1762       | 1.1502       | 0.9792     | 0.7399       | 0.6083   |           
160    | 2.8216     | 0.4686     | 1.1932       | 1.1598       | 0.9812     | 0.7416       | 0.6031   |           
170    | 2.7801     | 0.4160     | 1.2112       | 1.1529       | 0.9875     | 0.7402       | 0.7145   |           
180    | 2.7596     | 0.4201     | 1.1774       | 1.1621       | 0.9677     | 0.6946       | 0.5830   |           
190    | 2.8722     | 0.4688     | 1.2143       | 1.1891       | 0.9823     | 0.6639       | 0.6737   | (ADV 0.65)
200    | 2.7853     | 0.4223     | 1.1918       | 1.1711       | 0.9823     | 0.7485       | 0.6974   |           
210    | 2.8582     | 0.4533     | 1.2230       | 1.1819       | 0.9802     | 0.6442       | 0.7130   |           
220    | 2.8616     | 0.4160     | 1.2399       | 1.2056       | 0.9854     | 0.6054       | 0.6403   | (ADV 0.68)
230    | 2.8294     | 0.4150     | 1.2098       | 1.2046       | 0.9812     | 0.6080       | 0.7044   |           
240    | 2.8455     | 0.3924     | 1.2459       | 1.2072       | 0.9792     | 0.5560       | 0.6135   |           
250    | 2.8499     | 0.3869     | 1.2463       | 1.2167       | 0.9792     | 0.5683       | 0.6690   |           
260    | 2.8835     | 0.4355     | 1.2212       | 1.2268       | 0.9760     | 0.5969       | 0.6490   |           
270    | 2.8534     | 0.3973     | 1.2483       | 1.2078       | 0.9812     | 0.5718       | 0.6487   |           
280    | 2.8941     | 0.4088     | 1.2519       | 1.2335       | 0.9823     | 0.5657       | 0.6763   |           
290    | 2.8670     | 0.3983     | 1.2421       | 1.2267       | 0.9792     | 0.5871       | 0.6508   |           
300    | 2.8367     | 0.3716     | 1.2434       | 1.2218       | 0.9792     | 0.4934       | 0.6093   |           
310    | 2.8457     | 0.3833     | 1.2460       | 1.2164       | 0.9760     | 0.5422       | 0.6291   |           
320    | 2.8326     | 0.3473     | 1.2513       | 1.2339       | 0.9844     | 0.4777       | 0.6068   | (ADV 0.75)
330    | 2.9070     | 0.3758     | 1.2627       | 1.2685       | 0.9771     | 0.5376       | 0.6937   |           
340    | 2.8264     | 0.3632     | 1.2468       | 1.2164       | 0.9781     | 0.4841       | 0.6645   |           
350    | 2.8468     | 0.3586     | 1.2589       | 1.2293       | 0.9740     | 0.5434       | 0.6585   |           
360    | 2.8331     | 0.3401     | 1.2733       | 1.2197       | 0.9792     | 0.4872       | 0.6100   |           
370    | 2.8026     | 0.3337     | 1.2407       | 1.2282       | 0.9833     | 0.4985       | 0.6827   |           
380    | 2.7860     | 0.3033     | 1.2556       | 1.2271       | 0.9802     | 0.4786       | 0.7006   |           
390    | 2.8539     | 0.3386     | 1.2815       | 1.2338       | 0.9844     | 0.4084       | 0.5883   | (ADV 0.78)
400    | 2.8236     | 0.3447     | 1.2610       | 1.2180       | 0.9823     | 0.4190       | 0.6558   |           
410    | 2.9265     | 0.3701     | 1.2832       | 1.2733       | 0.9865     | 0.4319       | 0.7112   |           
420    | 2.8491     | 0.3184     | 1.2701       | 1.2607       | 0.9771     | 0.4630       | 0.6454   |           
430    | 2.9027     | 0.3729     | 1.2818       | 1.2480       | 0.9844     | 0.4396       | 0.6239   |           
440    | 2.8591     | 0.3178     | 1.3030       | 1.2383       | 0.9771     | 0.4550       | 0.7239   |           
450    | 2.8393     | 0.2963     | 1.2908       | 1.2522       | 0.9854     | 0.4844       | 0.6096   |           
460    | 2.8615     | 0.3222     | 1.2922       | 1.2471       | 0.9792     | 0.5239       | 0.6616   |           
470    | 2.7987     | 0.2702     | 1.2954       | 1.2331       | 0.9833     | 0.4187       | 0.6596   |           
480    | 2.8331     | 0.2887     | 1.3008       | 1.2437       | 0.9760     | 0.3934       | 0.7277   |           
490    | 2.8826     | 0.3246     | 1.3017       | 1.2563       | 0.9854     | 0.3674       | 0.6849   | (ADV 0.80)
500    | 2.8581     | 0.3188     | 1.3079       | 1.2314       | 0.9812     | 0.4406       | 0.7361   |           
Seed 42 | Src Acc: 98.4694 | Src MDE: 0.0273 | Tgt Acc: 32.1429 | Tgt MDE: 0.6849
>> Training Multi-Head PCN (Stage 2) on Source Domain for APs: [0, 1, 2, 3]...
>> Source PCN Training Finished. Avg Loss: 0.0213
>> Training Multi-Head PCN (Stage 2) on Target Domain for APs: [0, 1, 2]...
>> Target PCN Training Finished. Avg Loss: 0.0125

Start GeoSPA-Net Training Seed 67...
Epoch  | Total Loss | Tr Cls     | Tr Dom RSSI  | Tr Dom RTT   | Val T Acc  | Val T Entropy | Test MDE
------------------------------------------------------------------------------------------------------------------------
10     | 4.0624     | 1.8200     | 1.1682       | 1.0742       | 0.9365     | 3.1610       | 0.6596   |           
20     | 2.9535     | 1.0495     | 1.0345       | 0.8695       | 0.9646     | 2.3366       | 0.6071   | (ADV -0.20)
30     | 2.7157     | 0.7773     | 0.9951       | 0.9433       | 0.9760     | 1.8490       | 0.6025   |           
40     | 2.5485     | 0.6349     | 0.9839       | 0.9296       | 0.9729     | 1.5548       | 0.5340   | (ADV 0.20)
50     | 2.4749     | 0.5599     | 0.9870       | 0.9280       | 0.9792     | 1.3520       | 0.6387   |           
60     | 2.4724     | 0.5129     | 0.9881       | 0.9714       | 0.9792     | 1.1438       | 0.6698   |           
70     | 2.5695     | 0.5156     | 1.0154       | 1.0384       | 0.9740     | 1.0854       | 0.5935   | (ADV 0.43)
80     | 2.5586     | 0.4799     | 1.0430       | 1.0357       | 0.9771     | 0.9901       | 0.6172   |           
90     | 2.6001     | 0.4838     | 1.0824       | 1.0339       | 0.9792     | 0.9822       | 0.6045   |           
100    | 2.6287     | 0.4956     | 1.0800       | 1.0531       | 0.9781     | 0.9642       | 0.6433   |           
110    | 2.6598     | 0.4654     | 1.1034       | 1.0910       | 0.9760     | 0.9070       | 0.5608   |           
120    | 2.7204     | 0.4636     | 1.1545       | 1.1023       | 0.9781     | 0.8412       | 0.5992   |           
130    | 2.7054     | 0.4552     | 1.1529       | 1.0974       | 0.9760     | 0.7957       | 0.6042   |           
140    | 2.7893     | 0.4815     | 1.1932       | 1.1146       | 0.9667     | 0.7939       | 0.5612   |           
150    | 2.7367     | 0.4479     | 1.1804       | 1.1084       | 0.9760     | 0.7163       | 0.5972   |           
160    | 2.7728     | 0.4566     | 1.1730       | 1.1431       | 0.9719     | 0.7722       | 0.6103   |           
170    | 2.7700     | 0.4293     | 1.1910       | 1.1497       | 0.9708     | 0.6843       | 0.5906   |           
180    | 2.7724     | 0.4222     | 1.1833       | 1.1669       | 0.9719     | 0.6734       | 0.6051   |           
190    | 2.7611     | 0.4388     | 1.1727       | 1.1496       | 0.9688     | 0.6436       | 0.6932   |           
200    | 2.7291     | 0.3883     | 1.2000       | 1.1408       | 0.9688     | 0.6912       | 0.6476   |           
210    | 2.7220     | 0.3894     | 1.1985       | 1.1341       | 0.9677     | 0.6457       | 0.5642   |           
220    | 2.7989     | 0.4133     | 1.2094       | 1.1762       | 0.9729     | 0.6070       | 0.6105   |           
230    | 2.8488     | 0.4335     | 1.2341       | 1.1812       | 0.9708     | 0.5767       | 0.5382   |           
240    | 2.7629     | 0.3926     | 1.2271       | 1.1432       | 0.9719     | 0.5682       | 0.5423   |           
250    | 2.7910     | 0.3964     | 1.2290       | 1.1656       | 0.9625     | 0.5670       | 0.5051   |           
260    | 2.8675     | 0.4495     | 1.2321       | 1.1858       | 0.9729     | 0.5785       | 0.6435   |           
270    | 2.8620     | 0.4282     | 1.2445       | 1.1892       | 0.9750     | 0.5567       | 0.5153   |           
280    | 2.8068     | 0.3890     | 1.2233       | 1.1945       | 0.9688     | 0.6140       | 0.6428   |           
290    | 2.8431     | 0.3921     | 1.2257       | 1.2253       | 0.9750     | 0.5830       | 0.6049   |           
300    | 2.8457     | 0.3730     | 1.2354       | 1.2372       | 0.9667     | 0.5574       | 0.5706   |           
310    | 2.7990     | 0.3468     | 1.2405       | 1.2117       | 0.9625     | 0.5391       | 0.5973   |           
320    | 2.7698     | 0.3446     | 1.2322       | 1.1929       | 0.9677     | 0.5616       | 0.5866   |           
330    | 2.7427     | 0.3243     | 1.2316       | 1.1868       | 0.9531     | 0.5236       | 0.5748   |           
340    | 2.7559     | 0.3486     | 1.2273       | 1.1801       | 0.9698     | 0.4783       | 0.5856   |           
350    | 2.8105     | 0.3450     | 1.2471       | 1.2184       | 0.9698     | 0.4915       | 0.5691   |           
360    | 2.8048     | 0.3388     | 1.2431       | 1.2229       | 0.9771     | 0.4537       | 0.6001   |           
370    | 2.7491     | 0.3300     | 1.2440       | 1.1751       | 0.9688     | 0.4480       | 0.5666   |           
380    | 2.8173     | 0.3359     | 1.2582       | 1.2232       | 0.9698     | 0.4378       | 0.6183   |           
390    | 2.8108     | 0.3422     | 1.2658       | 1.2028       | 0.9688     | 0.3971       | 0.5985   | (ADV 0.77)
400    | 2.8486     | 0.3523     | 1.2858       | 1.2105       | 0.9792     | 0.4301       | 0.5647   |           
410    | 2.7985     | 0.3165     | 1.2789       | 1.2031       | 0.9781     | 0.4547       | 0.6106   |           
420    | 2.7950     | 0.3047     | 1.2729       | 1.2174       | 0.9708     | 0.4117       | 0.6355   |           
430    | 2.8878     | 0.3582     | 1.2969       | 1.2327       | 0.9760     | 0.3789       | 0.5680   |           
440    | 2.7481     | 0.2834     | 1.2626       | 1.2020       | 0.9740     | 0.3730       | 0.6004   |           
450    | 2.8569     | 0.3237     | 1.2880       | 1.2452       | 0.9781     | 0.3943       | 0.5691   |           
460    | 2.8884     | 0.3284     | 1.3055       | 1.2545       | 0.9771     | 0.4059       | 0.6041   |           
470    | 2.8152     | 0.2964     | 1.3003       | 1.2185       | 0.9781     | 0.4213       | 0.6217   |           
480    | 2.8735     | 0.3337     | 1.3045       | 1.2354       | 0.9771     | 0.3971       | 0.6611   |           
490    | 2.8380     | 0.2818     | 1.3052       | 1.2510       | 0.9750     | 0.3880       | 0.5243   |           
500    | 2.8366     | 0.3124     | 1.2848       | 1.2393       | 0.9750     | 0.3614       | 0.4968   |           
Seed 67 | Src Acc: 98.0612 | Src MDE: 0.0242 | Tgt Acc: 41.7347 | Tgt MDE: 0.5504
>> Training Multi-Head PCN (Stage 2) on Source Domain for APs: [0, 1, 2, 3]...
>> Source PCN Training Finished. Avg Loss: 0.0162
>> Training Multi-Head PCN (Stage 2) on Target Domain for APs: [0, 1, 2]...
>> Target PCN Training Finished. Avg Loss: 0.0091

Start GeoSPA-Net Training Seed 1024...
Epoch  | Total Loss | Tr Cls     | Tr Dom RSSI  | Tr Dom RTT   | Val T Acc  | Val T Entropy | Test MDE
------------------------------------------------------------------------------------------------------------------------
10     | 4.2852     | 1.9673     | 1.1454       | 1.1725       | 0.9094     | 3.2109       | 0.7618   |           
20     | 3.0443     | 1.0520     | 0.9515       | 1.0407       | 0.9667     | 2.4597       | 0.6512   | (ADV -0.26)
30     | 2.7168     | 0.8082     | 0.9608       | 0.9478       | 0.9708     | 1.9011       | 0.5991   | (ADV 0.02)
40     | 2.5508     | 0.6487     | 0.9785       | 0.9236       | 0.9750     | 1.5639       | 0.6175   |           
50     | 2.4988     | 0.5666     | 0.9688       | 0.9634       | 0.9750     | 1.3257       | 0.6561   | (ADV 0.31)
60     | 2.4365     | 0.5095     | 0.9588       | 0.9682       | 0.9771     | 1.2254       | 0.6273   |           
70     | 2.4885     | 0.4832     | 1.0260       | 0.9793       | 0.9771     | 1.0968       | 0.6827   | (ADV 0.43)
80     | 2.6113     | 0.5084     | 1.0717       | 1.0313       | 0.9823     | 1.0250       | 0.6750   |           
90     | 2.6558     | 0.4997     | 1.1225       | 1.0336       | 0.9771     | 0.9225       | 0.6298   | (ADV 0.52)
100    | 2.6476     | 0.4663     | 1.1454       | 1.0358       | 0.9760     | 0.8865       | 0.5312   |           
110    | 2.6801     | 0.4712     | 1.1546       | 1.0543       | 0.9750     | 0.8983       | 0.6274   |           
120    | 2.6680     | 0.4410     | 1.1615       | 1.0655       | 0.9771     | 0.8406       | 0.6671   |           
130    | 2.7172     | 0.4474     | 1.1951       | 1.0748       | 0.9771     | 0.7944       | 0.5651   |           
140    | 2.7414     | 0.4117     | 1.2065       | 1.1232       | 0.9760     | 0.7371       | 0.5561   |           
150    | 2.8461     | 0.4617     | 1.2240       | 1.1604       | 0.9750     | 0.6656       | 0.5956   |           
160    | 2.7799     | 0.4083     | 1.2006       | 1.1710       | 0.9750     | 0.7170       | 0.5599   |           
170    | 2.7838     | 0.4151     | 1.2131       | 1.1556       | 0.9667     | 0.7022       | 0.5883   |           
180    | 2.7938     | 0.4032     | 1.1977       | 1.1928       | 0.9750     | 0.6613       | 0.4868   |           
190    | 2.8968     | 0.4861     | 1.2317       | 1.1790       | 0.9594     | 0.6389       | 0.5646   |           
200    | 2.7683     | 0.3895     | 1.2109       | 1.1679       | 0.9771     | 0.5505       | 0.5896   |           
210    | 2.8346     | 0.4080     | 1.2370       | 1.1896       | 0.9688     | 0.5472       | 0.5676   |           
220    | 2.7947     | 0.3857     | 1.2353       | 1.1737       | 0.9781     | 0.5328       | 0.5351   |           
230    | 2.8003     | 0.3696     | 1.2274       | 1.2033       | 0.9573     | 0.5181       | 0.5962   |           
240    | 2.8934     | 0.4275     | 1.2458       | 1.2201       | 0.9521     | 0.5254       | 0.5913   |           
250    | 2.8382     | 0.3813     | 1.2505       | 1.2064       | 0.9792     | 0.4758       | 0.5904   |           
260    | 2.8002     | 0.3620     | 1.2353       | 1.2030       | 0.9719     | 0.4605       | 0.6232   |           
270    | 2.8069     | 0.3613     | 1.2453       | 1.2004       | 0.9771     | 0.4291       | 0.5907   | (ADV 0.76)
280    | 2.8356     | 0.3777     | 1.2509       | 1.2070       | 0.9760     | 0.4032       | 0.5509   | (ADV 0.77)
290    | 2.8076     | 0.3513     | 1.2524       | 1.2040       | 0.9729     | 0.4157       | 0.5609   |           
300    | 2.7312     | 0.3299     | 1.2172       | 1.1840       | 0.9771     | 0.4073       | 0.5007   |           
310    | 2.7701     | 0.3326     | 1.2384       | 1.1990       | 0.9740     | 0.4181       | 0.5888   |           
320    | 2.8759     | 0.3871     | 1.2774       | 1.2115       | 0.9781     | 0.4163       | 0.6121   |           
330    | 2.7721     | 0.3234     | 1.2523       | 1.1965       | 0.9719     | 0.3751       | 0.5421   |           
340    | 2.7818     | 0.3208     | 1.2565       | 1.2046       | 0.9750     | 0.3996       | 0.5730   |           
350    | 2.8030     | 0.3220     | 1.2615       | 1.2195       | 0.9781     | 0.3502       | 0.5331   |           
360    | 2.7883     | 0.3170     | 1.2529       | 1.2185       | 0.9688     | 0.3724       | 0.4575   |           
370    | 2.8445     | 0.3591     | 1.2576       | 1.2277       | 0.9802     | 0.3993       | 0.5477   |           
380    | 2.8147     | 0.3309     | 1.2537       | 1.2301       | 0.9781     | 0.4551       | 0.5804   |           
390    | 2.7794     | 0.3115     | 1.2556       | 1.2122       | 0.9646     | 0.3889       | 0.4936   |           
400    | 2.7555     | 0.2887     | 1.2613       | 1.2055       | 0.9823     | 0.3566       | 0.5205   |           
410    | 2.7519     | 0.2936     | 1.2384       | 1.2199       | 0.9833     | 0.3280       | 0.5343   |           
420    | 2.8266     | 0.3330     | 1.2629       | 1.2307       | 0.9771     | 0.3604       | 0.5586   |           
430    | 2.7764     | 0.2801     | 1.2595       | 1.2369       | 0.9750     | 0.3392       | 0.5791   |           
440    | 2.8522     | 0.3515     | 1.2657       | 1.2351       | 0.9750     | 0.3775       | 0.5918   |           
450    | 2.7975     | 0.3022     | 1.2820       | 1.2134       | 0.9771     | 0.3714       | 0.5666   |           
460    | 2.7812     | 0.2760     | 1.2680       | 1.2372       | 0.9750     | 0.3730       | 0.5243   |           
470    | 2.8041     | 0.2904     | 1.2792       | 1.2344       | 0.9812     | 0.3297       | 0.5562   |           
480    | 2.8489     | 0.3123     | 1.2885       | 1.2481       | 0.9760     | 0.3490       | 0.5537   |           
490    | 2.8217     | 0.2772     | 1.3202       | 1.2244       | 0.9802     | 0.3350       | 0.5314   |           
500    | 2.8453     | 0.3007     | 1.3091       | 1.2354       | 0.9823     | 0.3394       | 0.5775   |           
Seed 1024 | Src Acc: 97.6531 | Src MDE: 0.0280 | Tgt Acc: 43.1633 | Tgt MDE: 0.5973
Finished Combo GeoSPA_1_2_3. Results saved.
