==========================================
Current Architecture: GeoSPA-Net (Fixed)
mcAPs (Real Anchors): [2, 3, 4] (Indices: [1, 2, 3])
Legacy APs (Virtual): [1] (Indices: [0])
==========================================
>> Training PCN (Stage 2) on Source Domain...
>> Source PCN Training Finished. Huber Loss: 0.0047
>> Training PCN (Stage 2) on Target Domain...
>> Target PCN Training Finished. Huber Loss: 0.0044

Start GeoSPA-Net Training Seed 42...
Epoch  | Total Loss | Tr Cls     | Tr Dom RSSI  | Tr Dom RTT   | Val T Acc  | Val T Entropy | Test MDE
------------------------------------------------------------------------------------------------------------------------
10     | 2.8341     | 0.9106     | 0.9440       | 0.9795       | 0.9729     | 2.7686       | 0.9171   |           
20     | 2.0979     | 0.5007     | 0.7999       | 0.7973       | 0.9792     | 1.8934       | 0.8156   | (ADV 0.03)
30     | 1.8929     | 0.3710     | 0.7499       | 0.7721       | 0.9781     | 1.4294       | 0.7311   |           
40     | 1.9332     | 0.3532     | 0.7989       | 0.7810       | 0.9833     | 1.0104       | 0.7679   | (ADV 0.48)
50     | 2.0927     | 0.3400     | 0.8747       | 0.8780       | 0.9792     | 0.8652       | 0.7436   | (ADV 0.55)
60     | 2.2033     | 0.3329     | 0.9554       | 0.9150       | 0.9812     | 0.7295       | 0.7671   | (ADV 0.62)
70     | 2.3710     | 0.3484     | 0.9853       | 1.0373       | 0.9781     | 0.6327       | 0.6711   |           
80     | 2.3867     | 0.3436     | 1.0679       | 0.9752       | 0.9802     | 0.6626       | 0.6730   |           
90     | 2.4512     | 0.3168     | 1.1022       | 1.0322       | 0.9781     | 0.6555       | 0.6480   |           
100    | 2.5142     | 0.3333     | 1.1445       | 1.0363       | 0.9844     | 0.5621       | 0.7490   |           
110    | 2.5947     | 0.3474     | 1.1607       | 1.0867       | 0.9792     | 0.5565       | 0.6890   |           
120    | 2.5755     | 0.3064     | 1.2011       | 1.0680       | 0.9854     | 0.5050       | 0.6697   |           
130    | 2.6467     | 0.3387     | 1.1929       | 1.1150       | 0.9719     | 0.4703       | 0.7378   |           
140    | 2.6619     | 0.3299     | 1.1991       | 1.1330       | 0.9781     | 0.4969       | 0.7403   |           
150    | 2.6732     | 0.3278     | 1.2024       | 1.1430       | 0.9740     | 0.5119       | 0.7405   |           
160    | 2.7116     | 0.3268     | 1.2150       | 1.1698       | 0.9760     | 0.4506       | 0.7337   |           
170    | 2.6819     | 0.2979     | 1.2411       | 1.1429       | 0.9833     | 0.4204       | 0.7131   |           
180    | 2.6794     | 0.2760     | 1.2544       | 1.1491       | 0.9812     | 0.4183       | 0.7268   |           
190    | 2.7663     | 0.3141     | 1.2527       | 1.1995       | 0.9802     | 0.3621       | 0.7113   | (ADV 0.80)
200    | 2.7242     | 0.2839     | 1.2761       | 1.1643       | 0.9729     | 0.4954       | 0.7391   |           
210    | 2.7402     | 0.2969     | 1.2680       | 1.1753       | 0.9802     | 0.4316       | 0.7622   |           
220    | 2.7509     | 0.2790     | 1.2714       | 1.2005       | 0.9823     | 0.3671       | 0.7911   |           
230    | 2.7701     | 0.2870     | 1.2707       | 1.2124       | 0.9802     | 0.4054       | 0.7889   |           
240    | 2.7605     | 0.2712     | 1.2860       | 1.2032       | 0.9802     | 0.3708       | 0.7086   |           
250    | 2.7528     | 0.2572     | 1.2765       | 1.2190       | 0.9760     | 0.3863       | 0.7847   |           
260    | 2.7281     | 0.2412     | 1.2815       | 1.2054       | 0.9781     | 0.4090       | 0.6418   |           
270    | 2.7576     | 0.2647     | 1.2736       | 1.2192       | 0.9781     | 0.2846       | 0.6794   | (ADV 0.84)
280    | 2.7618     | 0.2213     | 1.2796       | 1.2609       | 0.9812     | 0.3707       | 0.7177   |           
290    | 2.7836     | 0.2522     | 1.3055       | 1.2259       | 0.9781     | 0.3223       | 0.7259   |           
300    | 2.7664     | 0.2504     | 1.2820       | 1.2339       | 0.9823     | 0.3411       | 0.7466   |           
310    | 2.7757     | 0.2457     | 1.2756       | 1.2544       | 0.9781     | 0.3059       | 0.6718   |           
320    | 2.7436     | 0.2122     | 1.2858       | 1.2456       | 0.9833     | 0.3243       | 0.7970   |           
330    | 2.7817     | 0.2334     | 1.2978       | 1.2505       | 0.9812     | 0.3095       | 0.7541   |           
340    | 2.7628     | 0.2256     | 1.2955       | 1.2417       | 0.9792     | 0.3203       | 0.7211   |           
350    | 2.7680     | 0.2165     | 1.3080       | 1.2436       | 0.9823     | 0.3213       | 0.7557   |           
360    | 2.8009     | 0.2115     | 1.3296       | 1.2598       | 0.9802     | 0.2860       | 0.7532   |           
370    | 2.7741     | 0.2041     | 1.3180       | 1.2520       | 0.9771     | 0.2891       | 0.7166   |           
380    | 2.8110     | 0.2134     | 1.3290       | 1.2687       | 0.9823     | 0.2973       | 0.7567   |           
390    | 2.8331     | 0.2333     | 1.3305       | 1.2693       | 0.9823     | 0.3266       | 0.8149   |           
400    | 2.8326     | 0.2182     | 1.3270       | 1.2875       | 0.9781     | 0.3355       | 0.7380   |           
410    | 2.8526     | 0.2172     | 1.3361       | 1.2993       | 0.9781     | 0.3054       | 0.6919   |           
420    | 2.8448     | 0.2143     | 1.3371       | 1.2933       | 0.9792     | 0.3017       | 0.6960   |           
430    | 2.8174     | 0.1916     | 1.3308       | 1.2949       | 0.9812     | 0.3106       | 0.6622   |           
440    | 2.8576     | 0.2144     | 1.3450       | 1.2982       | 0.9823     | 0.3336       | 0.7126   |           
450    | 2.8398     | 0.1880     | 1.3415       | 1.3102       | 0.9708     | 0.2820       | 0.7096   |           
460    | 2.8299     | 0.2008     | 1.3365       | 1.2927       | 0.9781     | 0.2975       | 0.6234   |           
470    | 2.8271     | 0.1811     | 1.3465       | 1.2996       | 0.9792     | 0.2904       | 0.6679   |           
480    | 2.8033     | 0.1798     | 1.3365       | 1.2870       | 0.9823     | 0.3072       | 0.7177   |           
490    | 2.8437     | 0.2027     | 1.3443       | 1.2966       | 0.9771     | 0.2493       | 0.6728   |           
500    | 2.9507     | 0.1994     | 1.4615       | 1.2898       | 0.9802     | 0.2378       | 0.6432   |           
Seed 42 | Src Acc: 97.9592 | Src MDE: 0.0355 | Tgt Acc: 40.6122 | Tgt MDE: 0.6773
>> Training PCN (Stage 2) on Source Domain...
>> Source PCN Training Finished. Huber Loss: 0.0043
>> Training PCN (Stage 2) on Target Domain...
>> Target PCN Training Finished. Huber Loss: 0.0044

Start GeoSPA-Net Training Seed 67...
Epoch  | Total Loss | Tr Cls     | Tr Dom RSSI  | Tr Dom RTT   | Val T Acc  | Val T Entropy | Test MDE
------------------------------------------------------------------------------------------------------------------------
10     | 2.8171     | 0.9075     | 0.9586       | 0.9510       | 0.9750     | 2.8007       | 0.8549   |           
20     | 2.1139     | 0.5067     | 0.8226       | 0.7846       | 0.9833     | 1.9159       | 0.7742   | (ADV 0.03)
30     | 1.9487     | 0.3992     | 0.7917       | 0.7579       | 0.9854     | 1.3105       | 0.7879   | (ADV 0.33)
40     | 2.0039     | 0.3826     | 0.8430       | 0.7783       | 0.9865     | 1.0373       | 0.7811   | (ADV 0.47)
50     | 2.1123     | 0.3433     | 0.9348       | 0.8342       | 0.9823     | 0.8617       | 0.7678   |           
60     | 2.2416     | 0.3295     | 0.9470       | 0.9651       | 0.9802     | 0.7863       | 0.7075   |           
70     | 2.4296     | 0.3604     | 1.0186       | 1.0506       | 0.9781     | 0.6966       | 0.7673   |           
80     | 2.4609     | 0.3454     | 1.0654       | 1.0501       | 0.9812     | 0.6555       | 0.7617   |           
90     | 2.5091     | 0.3259     | 1.0899       | 1.0934       | 0.9625     | 0.6249       | 0.7380   |           
100    | 2.5408     | 0.3361     | 1.1027       | 1.1019       | 0.9698     | 0.6086       | 0.6967   |           
110    | 2.5713     | 0.3344     | 1.1202       | 1.1166       | 0.9771     | 0.5563       | 0.7700   |           
120    | 2.5876     | 0.3267     | 1.1196       | 1.1413       | 0.9760     | 0.5051       | 0.7988   |           
130    | 2.6339     | 0.3378     | 1.1282       | 1.1679       | 0.9833     | 0.4932       | 0.8027   |           
140    | 2.5646     | 0.3262     | 1.1298       | 1.1087       | 0.9771     | 0.4993       | 0.7512   |           
150    | 2.6354     | 0.3186     | 1.1214       | 1.1954       | 0.9792     | 0.4735       | 0.7840   |           
160    | 2.6795     | 0.3186     | 1.1629       | 1.1980       | 0.9771     | 0.4712       | 0.8053   |           
170    | 2.7280     | 0.3288     | 1.2066       | 1.1926       | 0.9823     | 0.5046       | 0.8011   |           
180    | 2.6858     | 0.2784     | 1.2202       | 1.1872       | 0.9792     | 0.4927       | 0.8178   |           
190    | 2.7260     | 0.2885     | 1.2307       | 1.2068       | 0.9823     | 0.4242       | 0.8602   |           
200    | 2.6937     | 0.2620     | 1.2265       | 1.2053       | 0.9802     | 0.4360       | 0.8356   |           
210    | 2.7483     | 0.2874     | 1.2425       | 1.2185       | 0.9823     | 0.4076       | 0.7639   |           
220    | 2.7356     | 0.2595     | 1.2536       | 1.2224       | 0.9802     | 0.3973       | 0.7734   |           
230    | 2.7734     | 0.2954     | 1.2415       | 1.2364       | 0.9823     | 0.4501       | 0.7195   |           
240    | 2.7712     | 0.2622     | 1.2848       | 1.2241       | 0.9823     | 0.3527       | 0.7138   |           
250    | 2.7845     | 0.2661     | 1.2895       | 1.2289       | 0.9781     | 0.3960       | 0.7168   |           
260    | 2.8239     | 0.2642     | 1.2942       | 1.2655       | 0.9823     | 0.4705       | 0.7137   |           
270    | 2.7657     | 0.2376     | 1.2988       | 1.2293       | 0.9781     | 0.4053       | 0.7583   |           
280    | 2.7439     | 0.2207     | 1.2926       | 1.2306       | 0.9719     | 0.3648       | 0.7431   |           
290    | 2.7803     | 0.2264     | 1.3247       | 1.2293       | 0.9792     | 0.3510       | 0.7766   |           
300    | 2.7935     | 0.2357     | 1.3148       | 1.2429       | 0.9760     | 0.3551       | 0.7493   |           
310    | 2.7677     | 0.2214     | 1.3038       | 1.2425       | 0.9812     | 0.3354       | 0.7198   |           
320    | 2.8142     | 0.2225     | 1.3196       | 1.2721       | 0.9760     | 0.2694       | 0.7363   |           
330    | 2.8097     | 0.2311     | 1.3137       | 1.2648       | 0.9792     | 0.2763       | 0.7116   |           
340    | 2.8532     | 0.2456     | 1.3323       | 1.2752       | 0.9729     | 0.3226       | 0.7861   |           
350    | 2.8381     | 0.2281     | 1.3213       | 1.2887       | 0.9792     | 0.3565       | 0.7513   |           
360    | 2.8237     | 0.2115     | 1.3258       | 1.2863       | 0.9781     | 0.3149       | 0.6944   |           
370    | 2.8342     | 0.2225     | 1.3277       | 1.2840       | 0.9865     | 0.3581       | 0.7360   |           
380    | 2.8059     | 0.2042     | 1.3161       | 1.2856       | 0.9823     | 0.3070       | 0.8334   |           
390    | 2.8197     | 0.1870     | 1.3331       | 1.2996       | 0.9854     | 0.2865       | 0.7665   |           
400    | 2.8290     | 0.2016     | 1.3285       | 1.2990       | 0.9802     | 0.2902       | 0.7499   |           
410    | 2.8178     | 0.1805     | 1.3317       | 1.3056       | 0.9771     | 0.2963       | 0.7424   |           
420    | 2.8116     | 0.1692     | 1.3269       | 1.3155       | 0.9781     | 0.2884       | 0.7969   |           
430    | 2.7931     | 0.1608     | 1.3344       | 1.2979       | 0.9823     | 0.2387       | 0.7826   |           
440    | 2.7913     | 0.1544     | 1.3301       | 1.3068       | 0.9802     | 0.2476       | 0.7391   |           
450    | 2.8407     | 0.1838     | 1.3447       | 1.3123       | 0.9812     | 0.2469       | 0.7362   |           
460    | 2.8471     | 0.1662     | 1.3789       | 1.3020       | 0.9823     | 0.2547       | 0.7286   |           
470    | 2.8066     | 0.1671     | 1.3266       | 1.3130       | 0.9854     | 0.2110       | 0.8082   |           
480    | 2.8290     | 0.1686     | 1.3467       | 1.3136       | 0.9781     | 0.2487       | 0.7261   |           
490    | 2.8295     | 0.1654     | 1.3466       | 1.3175       | 0.9792     | 0.2474       | 0.8168   |           
500    | 2.8108     | 0.1486     | 1.3467       | 1.3155       | 0.9833     | 0.2563       | 0.7597   |           
Seed 67 | Src Acc: 98.8776 | Src MDE: 0.0177 | Tgt Acc: 29.6939 | Tgt MDE: 0.7831
>> Training PCN (Stage 2) on Source Domain...
>> Source PCN Training Finished. Huber Loss: 0.0038
>> Training PCN (Stage 2) on Target Domain...
>> Target PCN Training Finished. Huber Loss: 0.0037

Start GeoSPA-Net Training Seed 1024...
Epoch  | Total Loss | Tr Cls     | Tr Dom RSSI  | Tr Dom RTT   | Val T Acc  | Val T Entropy | Test MDE
------------------------------------------------------------------------------------------------------------------------
10     | 2.9524     | 0.9707     | 0.9723       | 1.0094       | 0.9740     | 2.7776       | 0.7340   |           
20     | 2.1876     | 0.5490     | 0.7905       | 0.8481       | 0.9812     | 1.9361       | 0.7125   | (ADV 0.01)
30     | 1.9341     | 0.4160     | 0.7118       | 0.8063       | 0.9833     | 1.3452       | 0.6846   | (ADV 0.31)
40     | 2.0267     | 0.3858     | 0.7879       | 0.8530       | 0.9844     | 1.0680       | 0.7052   |           
50     | 2.2568     | 0.3892     | 0.9108       | 0.9567       | 0.9854     | 0.8948       | 0.6984   |           
60     | 2.2521     | 0.3540     | 0.9603       | 0.9377       | 0.9833     | 0.6853       | 0.6687   | (ADV 0.64)
70     | 2.2573     | 0.3352     | 0.9443       | 0.9778       | 0.9844     | 0.6925       | 0.6377   |           
80     | 2.4416     | 0.3661     | 1.0125       | 1.0630       | 0.9760     | 0.6086       | 0.7331   |           
90     | 2.4359     | 0.3268     | 1.0742       | 1.0349       | 0.9833     | 0.5973       | 0.6456   |           
100    | 2.4987     | 0.3342     | 1.1210       | 1.0435       | 0.9812     | 0.5634       | 0.6586   |           
110    | 2.5993     | 0.3531     | 1.1204       | 1.1258       | 0.9833     | 0.6180       | 0.6363   |           
120    | 2.6204     | 0.3314     | 1.1611       | 1.1279       | 0.9812     | 0.5013       | 0.6263   |           
130    | 2.6549     | 0.3149     | 1.1810       | 1.1590       | 0.9844     | 0.4639       | 0.6238   |           
140    | 2.6878     | 0.3128     | 1.2062       | 1.1689       | 0.9771     | 0.4637       | 0.6788   |           
150    | 2.6638     | 0.2767     | 1.2170       | 1.1701       | 0.9833     | 0.4122       | 0.6439   |           
160    | 2.7179     | 0.3138     | 1.2293       | 1.1748       | 0.9740     | 0.4470       | 0.6978   |           
170    | 2.7293     | 0.2979     | 1.2463       | 1.1851       | 0.9823     | 0.3704       | 0.6106   | (ADV 0.80)
180    | 2.7471     | 0.3095     | 1.2336       | 1.2040       | 0.9823     | 0.3760       | 0.7190   |           
190    | 2.7598     | 0.3051     | 1.2436       | 1.2111       | 0.9833     | 0.3956       | 0.6648   |           
200    | 2.7847     | 0.2968     | 1.2800       | 1.2078       | 0.9833     | 0.4125       | 0.6327   |           
210    | 2.7637     | 0.2949     | 1.2673       | 1.2015       | 0.9802     | 0.3684       | 0.6754   |           
220    | 2.7266     | 0.2543     | 1.2727       | 1.1996       | 0.9812     | 0.3827       | 0.6637   |           
230    | 2.7962     | 0.2823     | 1.2897       | 1.2242       | 0.9781     | 0.3262       | 0.6298   |           
240    | 2.7689     | 0.2512     | 1.2882       | 1.2296       | 0.9792     | 0.3308       | 0.7120   |           
250    | 2.7863     | 0.2613     | 1.2831       | 1.2419       | 0.9844     | 0.3161       | 0.6886   | (ADV 0.83)
260    | 2.7910     | 0.2572     | 1.3036       | 1.2302       | 0.9792     | 0.2877       | 0.6057   | (ADV 0.84)
270    | 2.7751     | 0.2317     | 1.3072       | 1.2363       | 0.9812     | 0.3499       | 0.6882   |           
280    | 2.8240     | 0.2524     | 1.3236       | 1.2480       | 0.9802     | 0.3629       | 0.5710   |           
290    | 2.8061     | 0.2436     | 1.3111       | 1.2514       | 0.9802     | 0.3633       | 0.6148   |           
300    | 2.8355     | 0.2438     | 1.3289       | 1.2628       | 0.9823     | 0.3094       | 0.6169   |           
310    | 2.8380     | 0.2545     | 1.3156       | 1.2679       | 0.9823     | 0.2905       | 0.6443   |           
320    | 2.8237     | 0.2418     | 1.3208       | 1.2610       | 0.9823     | 0.3729       | 0.7013   |           
330    | 2.8138     | 0.2268     | 1.3201       | 1.2669       | 0.9802     | 0.3003       | 0.7335   |           
340    | 2.8159     | 0.2191     | 1.3225       | 1.2743       | 0.9812     | 0.3001       | 0.6226   |           
350    | 2.7795     | 0.2089     | 1.3189       | 1.2517       | 0.9833     | 0.2755       | 0.6466   |           
360    | 2.8166     | 0.2188     | 1.3235       | 1.2744       | 0.9781     | 0.3283       | 0.6563   |           
370    | 2.8557     | 0.2411     | 1.3193       | 1.2953       | 0.9802     | 0.3045       | 0.6513   |           
380    | 2.8039     | 0.2126     | 1.3095       | 1.2818       | 0.9792     | 0.3049       | 0.6747   |           
390    | 2.8266     | 0.2049     | 1.3220       | 1.2997       | 0.9854     | 0.3040       | 0.6536   |           
400    | 2.8337     | 0.2185     | 1.3271       | 1.2881       | 0.9792     | 0.3199       | 0.6467   |           
410    | 2.8052     | 0.1834     | 1.3235       | 1.2983       | 0.9781     | 0.3409       | 0.6758   |           
420    | 2.8314     | 0.2026     | 1.3348       | 1.2940       | 0.9833     | 0.3248       | 0.6958   |           
430    | 2.8305     | 0.1970     | 1.3359       | 1.2975       | 0.9823     | 0.3347       | 0.6370   |           
440    | 2.8728     | 0.2250     | 1.3315       | 1.3164       | 0.9812     | 0.2979       | 0.6938   |           
450    | 2.8106     | 0.1739     | 1.3294       | 1.3073       | 0.9844     | 0.3046       | 0.6529   |           
460    | 2.8304     | 0.1980     | 1.3367       | 1.2957       | 0.9437     | 0.2897       | 0.7307   |           
470    | 2.8231     | 0.1921     | 1.3321       | 1.2989       | 0.9823     | 0.2671       | 0.6588   |           
480    | 2.8115     | 0.1897     | 1.3316       | 1.2902       | 0.9802     | 0.2705       | 0.6380   |           
490    | 2.8389     | 0.2002     | 1.3421       | 1.2966       | 0.9875     | 0.2917       | 0.6474   |           
500    | 2.8516     | 0.2085     | 1.3317       | 1.3113       | 0.9812     | 0.2562       | 0.6213   |           
Seed 1024 | Src Acc: 97.8571 | Src MDE: 0.0280 | Tgt Acc: 37.6531 | Tgt MDE: 0.6241
Finished Combo GeoSPA_2_3_4. Results saved.
