==========================================
Current Architecture: GeoSPA-Net Version 6
mcAPs (Real Anchors): [1, 3, 4] (Indices: [0, 2, 3])
Legacy APs (Virtual): [2] (Indices: [1])
==========================================
>> Training Multi-Head PCN (Stage 2) on Source Domain for APs: [0, 1, 2, 3]...
>> Source PCN Training Finished. Avg Loss: 0.0179
>> Training Multi-Head PCN (Stage 2) on Target Domain for APs: [0, 2, 3]...
>> Target PCN Training Finished. Avg Loss: 0.0146

Start GeoSPA-Net Training Seed 42...
Epoch  | Total Loss | Tr Cls     | Tr Dom RSSI  | Tr Dom RTT   | Val T Acc  | Val T Entropy | Test MDE
------------------------------------------------------------------------------------------------------------------------
10     | 4.1913     | 1.9073     | 1.1504       | 1.1336       | 0.9135     | 3.2440       | 0.8879   |           
20     | 3.0937     | 1.0978     | 1.0101       | 0.9858       | 0.9625     | 2.4409       | 0.7397   | (ADV -0.26)
30     | 2.7451     | 0.7759     | 0.9994       | 0.9698       | 0.9740     | 1.8985       | 0.7471   | (ADV 0.02)
40     | 2.6164     | 0.6468     | 1.0060       | 0.9635       | 0.9844     | 1.5773       | 0.7117   | (ADV 0.20)
50     | 2.5107     | 0.5699     | 0.9966       | 0.9442       | 0.9812     | 1.3203       | 0.6417   | (ADV 0.32)
60     | 2.5463     | 0.5527     | 1.0193       | 0.9743       | 0.9823     | 1.2531       | 0.6723   |           
70     | 2.5520     | 0.5186     | 1.0456       | 0.9878       | 0.9844     | 1.1275       | 0.7047   |           
80     | 2.6524     | 0.5330     | 1.0928       | 1.0266       | 0.9812     | 1.1205       | 0.6853   |           
90     | 2.6713     | 0.4701     | 1.1158       | 1.0854       | 0.9865     | 1.1066       | 0.6515   |           
100    | 2.7178     | 0.5151     | 1.1210       | 1.0816       | 0.9802     | 1.0164       | 0.6370   |           
110    | 2.7323     | 0.4910     | 1.1400       | 1.1013       | 0.9823     | 0.8898       | 0.7398   |           
120    | 2.7546     | 0.4743     | 1.1579       | 1.1224       | 0.9875     | 0.8471       | 0.7194   |           
130    | 2.7171     | 0.4530     | 1.1502       | 1.1139       | 0.9865     | 0.7601       | 0.5737   | (ADV 0.61)
140    | 2.6581     | 0.3890     | 1.1491       | 1.1200       | 0.9865     | 0.8016       | 0.6567   |           
150    | 2.7877     | 0.4609     | 1.2021       | 1.1247       | 0.9844     | 0.7342       | 0.6679   | (ADV 0.62)
160    | 2.7976     | 0.4513     | 1.1886       | 1.1577       | 0.9865     | 0.7095       | 0.6174   | (ADV 0.63)
170    | 2.8022     | 0.4269     | 1.2189       | 1.1564       | 0.9885     | 0.6892       | 0.6565   | (ADV 0.64)
180    | 2.8260     | 0.4184     | 1.2358       | 1.1719       | 0.9812     | 0.6572       | 0.6370   |           
190    | 2.7954     | 0.3996     | 1.2230       | 1.1728       | 0.9688     | 0.6571       | 0.6535   |           
200    | 2.7895     | 0.3857     | 1.2250       | 1.1788       | 0.9906     | 0.6409       | 0.6585   |           
210    | 2.8328     | 0.4190     | 1.2292       | 1.1846       | 0.9865     | 0.6052       | 0.6455   |           
220    | 2.8501     | 0.3981     | 1.2572       | 1.1947       | 0.9781     | 0.5897       | 0.6510   |           
230    | 2.8095     | 0.3846     | 1.2468       | 1.1781       | 0.9906     | 0.4769       | 0.6001   | (ADV 0.75)
240    | 2.8352     | 0.3698     | 1.2608       | 1.2046       | 0.9885     | 0.5084       | 0.6011   |           
250    | 2.8264     | 0.3467     | 1.2777       | 1.2021       | 0.9833     | 0.5478       | 0.6510   |           
260    | 2.7997     | 0.3329     | 1.2479       | 1.2189       | 0.9854     | 0.4797       | 0.6180   |           
270    | 2.8271     | 0.3484     | 1.2801       | 1.1987       | 0.9865     | 0.5003       | 0.6610   |           
280    | 2.8885     | 0.3973     | 1.2586       | 1.2326       | 0.9844     | 0.5088       | 0.6188   |           
290    | 2.8515     | 0.3681     | 1.2624       | 1.2210       | 0.9854     | 0.5354       | 0.6617   |           
300    | 2.8416     | 0.3662     | 1.2494       | 1.2260       | 0.9896     | 0.4773       | 0.7625   |           
310    | 2.8730     | 0.3844     | 1.2633       | 1.2253       | 0.9854     | 0.4898       | 0.6878   |           
320    | 2.8007     | 0.3295     | 1.2599       | 1.2113       | 0.9885     | 0.4545       | 0.6766   |           
330    | 2.8717     | 0.3842     | 1.2540       | 1.2336       | 0.9823     | 0.4922       | 0.6229   |           
340    | 2.8286     | 0.3265     | 1.2540       | 1.2480       | 0.9906     | 0.4317       | 0.6771   |           
350    | 2.8454     | 0.3261     | 1.2737       | 1.2455       | 0.9896     | 0.4743       | 0.6154   |           
360    | 2.9053     | 0.3482     | 1.2869       | 1.2702       | 0.9844     | 0.4412       | 0.5069   |           
370    | 2.8012     | 0.2950     | 1.2598       | 1.2464       | 0.9938     | 0.4021       | 0.6582   |           
380    | 2.7740     | 0.2956     | 1.2711       | 1.2072       | 0.9865     | 0.4506       | 0.6079   |           
390    | 2.8215     | 0.3175     | 1.2670       | 1.2370       | 0.9844     | 0.3767       | 0.5445   |           
400    | 2.8349     | 0.3233     | 1.2815       | 1.2301       | 0.9875     | 0.4067       | 0.5811   |           
410    | 2.8260     | 0.3206     | 1.2799       | 1.2255       | 0.9823     | 0.3759       | 0.6024   |           
420    | 2.8150     | 0.3000     | 1.2690       | 1.2460       | 0.9844     | 0.3983       | 0.5870   |           
430    | 2.8420     | 0.3248     | 1.2781       | 1.2391       | 0.9812     | 0.3675       | 0.5323   |           
440    | 2.8588     | 0.3073     | 1.2829       | 1.2687       | 0.9865     | 0.3768       | 0.5924   |           
450    | 2.8391     | 0.3010     | 1.2792       | 1.2590       | 0.9781     | 0.3566       | 0.5387   |           
460    | 2.8946     | 0.3382     | 1.3005       | 1.2560       | 0.9854     | 0.4652       | 0.5403   |           
470    | 2.8072     | 0.2686     | 1.2725       | 1.2661       | 0.9844     | 0.4093       | 0.6284   |           
480    | 2.9104     | 0.3207     | 1.2805       | 1.3091       | 0.9854     | 0.4670       | 0.6974   |           
490    | 2.8660     | 0.3015     | 1.2811       | 1.2835       | 0.9854     | 0.3192       | 0.5765   |           
500    | 2.8187     | 0.2651     | 1.2855       | 1.2681       | 0.9885     | 0.4038       | 0.6159   |           
Seed 42 | Src Acc: 98.7755 | Src MDE: 0.0209 | Tgt Acc: 48.9796 | Tgt MDE: 0.5729
>> Training Multi-Head PCN (Stage 2) on Source Domain for APs: [0, 1, 2, 3]...
>> Source PCN Training Finished. Avg Loss: 0.0213
>> Training Multi-Head PCN (Stage 2) on Target Domain for APs: [0, 2, 3]...
>> Target PCN Training Finished. Avg Loss: 0.0137

Start GeoSPA-Net Training Seed 67...
Epoch  | Total Loss | Tr Cls     | Tr Dom RSSI  | Tr Dom RTT   | Val T Acc  | Val T Entropy | Test MDE
------------------------------------------------------------------------------------------------------------------------
10     | 4.1644     | 1.8828     | 1.1713       | 1.1103       | 0.9406     | 3.2156       | 0.8840   |           
20     | 3.0202     | 1.0804     | 1.0306       | 0.9093       | 0.9688     | 2.4062       | 0.7328   | (ADV -0.23)
30     | 2.7151     | 0.8051     | 0.9974       | 0.9125       | 0.9781     | 1.8950       | 0.7751   |           
40     | 2.6672     | 0.7044     | 0.9921       | 0.9707       | 0.9792     | 1.5101       | 0.7325   | (ADV 0.22)
50     | 2.5114     | 0.5928     | 1.0119       | 0.9067       | 0.9792     | 1.3383       | 0.6509   | (ADV 0.31)
60     | 2.3799     | 0.5057     | 0.9772       | 0.8970       | 0.9771     | 1.1396       | 0.6792   | (ADV 0.41)
70     | 2.5304     | 0.5402     | 1.0431       | 0.9471       | 0.9823     | 1.0992       | 0.7137   |           
80     | 2.5121     | 0.4785     | 1.0679       | 0.9657       | 0.9792     | 0.9507       | 0.6893   | (ADV 0.50)
90     | 2.5391     | 0.4612     | 1.0890       | 0.9889       | 0.9854     | 0.9711       | 0.6139   |           
100    | 2.6095     | 0.4748     | 1.0971       | 1.0376       | 0.9812     | 0.9867       | 0.6502   |           
110    | 2.6010     | 0.4510     | 1.1038       | 1.0462       | 0.9792     | 0.9278       | 0.6578   |           
120    | 2.7005     | 0.4690     | 1.1454       | 1.0860       | 0.9802     | 0.8819       | 0.6349   |           
130    | 2.7056     | 0.4330     | 1.1746       | 1.0980       | 0.9812     | 0.8338       | 0.6274   |           
140    | 2.7869     | 0.4950     | 1.1881       | 1.1038       | 0.9812     | 0.8153       | 0.7087   |           
150    | 2.7376     | 0.4548     | 1.1786       | 1.1043       | 0.9792     | 0.7513       | 0.5854   |           
160    | 2.7475     | 0.4303     | 1.1886       | 1.1286       | 0.9854     | 0.7808       | 0.7036   |           
170    | 2.8130     | 0.4630     | 1.2082       | 1.1418       | 0.9823     | 0.7103       | 0.6028   |           
180    | 2.7659     | 0.4208     | 1.2014       | 1.1436       | 0.9760     | 0.6687       | 0.6236   |           
190    | 2.7834     | 0.4266     | 1.1998       | 1.1569       | 0.9781     | 0.6177       | 0.5220   |           
200    | 2.7060     | 0.3763     | 1.1870       | 1.1427       | 0.9865     | 0.6447       | 0.6350   |           
210    | 2.7722     | 0.3830     | 1.2209       | 1.1683       | 0.9812     | 0.6235       | 0.6132   |           
220    | 2.7534     | 0.3553     | 1.2290       | 1.1692       | 0.9781     | 0.6085       | 0.7492   |           
230    | 2.8379     | 0.4245     | 1.2371       | 1.1763       | 0.9823     | 0.5733       | 0.7744   |           
240    | 2.7959     | 0.3910     | 1.2372       | 1.1678       | 0.9781     | 0.5815       | 0.6536   |           
250    | 2.7697     | 0.3711     | 1.2212       | 1.1774       | 0.9802     | 0.6019       | 0.6677   |           
260    | 2.8686     | 0.4311     | 1.2440       | 1.1935       | 0.9802     | 0.5791       | 0.6353   |           
270    | 2.7820     | 0.3574     | 1.2473       | 1.1773       | 0.9854     | 0.5783       | 0.6666   |           
280    | 2.8183     | 0.3771     | 1.2548       | 1.1864       | 0.9760     | 0.5462       | 0.7076   |           
290    | 2.8320     | 0.3891     | 1.2661       | 1.1769       | 0.9854     | 0.5269       | 0.6380   |           
300    | 2.8018     | 0.3559     | 1.2421       | 1.2039       | 0.9875     | 0.5035       | 0.6752   |           
310    | 2.7762     | 0.3400     | 1.2442       | 1.1920       | 0.9812     | 0.5131       | 0.6511   |           
320    | 2.8344     | 0.3548     | 1.2643       | 1.2153       | 0.9833     | 0.5292       | 0.6623   |           
330    | 2.8424     | 0.3436     | 1.2705       | 1.2283       | 0.9833     | 0.5163       | 0.6887   |           
340    | 2.8311     | 0.3290     | 1.2759       | 1.2262       | 0.9833     | 0.4420       | 0.6578   |           
350    | 2.8311     | 0.3214     | 1.2627       | 1.2470       | 0.9833     | 0.4483       | 0.6089   |           
360    | 2.8199     | 0.3113     | 1.2722       | 1.2364       | 0.9854     | 0.4458       | 0.5733   |           
370    | 2.8339     | 0.3262     | 1.2523       | 1.2554       | 0.9750     | 0.4280       | 0.6353   |           
380    | 2.8828     | 0.3435     | 1.2855       | 1.2538       | 0.9865     | 0.4189       | 0.6897   |           
390    | 2.8597     | 0.3253     | 1.2896       | 1.2447       | 0.9802     | 0.3934       | 0.5908   |           
400    | 2.8277     | 0.3109     | 1.2874       | 1.2294       | 0.9875     | 0.3595       | 0.6379   | (ADV 0.81)
410    | 2.8475     | 0.3043     | 1.2981       | 1.2451       | 0.9802     | 0.3612       | 0.5437   |           
420    | 2.8155     | 0.2826     | 1.2824       | 1.2505       | 0.9771     | 0.3868       | 0.6895   |           
430    | 2.9278     | 0.3601     | 1.3081       | 1.2596       | 0.9865     | 0.2894       | 0.6541   | (ADV 0.84)
440    | 2.8497     | 0.2641     | 1.3207       | 1.2649       | 0.9865     | 0.3425       | 0.5842   |           
450    | 2.8166     | 0.2783     | 1.2834       | 1.2549       | 0.9781     | 0.3872       | 0.5990   |           
460    | 2.8511     | 0.2825     | 1.3089       | 1.2597       | 0.9854     | 0.3537       | 0.6320   |           
470    | 2.8625     | 0.3075     | 1.2981       | 1.2570       | 0.9865     | 0.3702       | 0.6294   |           
480    | 2.8581     | 0.2908     | 1.3045       | 1.2628       | 0.9833     | 0.3153       | 0.5521   |           
490    | 2.8122     | 0.2491     | 1.3088       | 1.2543       | 0.9844     | 0.2633       | 0.5587   | (ADV 0.85)
500    | 2.8668     | 0.2935     | 1.3198       | 1.2535       | 0.9708     | 0.3452       | 0.6005   |           
Seed 67 | Src Acc: 98.0612 | Src MDE: 0.0333 | Tgt Acc: 48.7755 | Tgt MDE: 0.6033
>> Training Multi-Head PCN (Stage 2) on Source Domain for APs: [0, 1, 2, 3]...
>> Source PCN Training Finished. Avg Loss: 0.0162
>> Training Multi-Head PCN (Stage 2) on Target Domain for APs: [0, 2, 3]...
>> Target PCN Training Finished. Avg Loss: 0.0116

Start GeoSPA-Net Training Seed 1024...
Epoch  | Total Loss | Tr Cls     | Tr Dom RSSI  | Tr Dom RTT   | Val T Acc  | Val T Entropy | Test MDE
------------------------------------------------------------------------------------------------------------------------
10     | 4.2095     | 1.9432     | 1.1468       | 1.1195       | 0.8938     | 3.2246       | 0.8241   |           
20     | 2.9550     | 1.0471     | 0.9777       | 0.9303       | 0.9635     | 2.4188       | 0.8232   | (ADV -0.25)
30     | 2.8185     | 0.8498     | 1.0141       | 0.9545       | 0.9729     | 1.9371       | 0.8787   | (ADV 0.00)
40     | 2.5328     | 0.6391     | 0.9795       | 0.9142       | 0.9771     | 1.5662       | 0.8629   | (ADV 0.19)
50     | 2.5147     | 0.5769     | 0.9858       | 0.9520       | 0.9771     | 1.3339       | 0.8020   | (ADV 0.31)
60     | 2.4866     | 0.5138     | 0.9880       | 0.9847       | 0.9719     | 1.1620       | 0.7485   | (ADV 0.39)
70     | 2.5222     | 0.4856     | 1.0212       | 1.0154       | 0.9750     | 1.1226       | 0.8419   |           
80     | 2.6339     | 0.5099     | 1.0815       | 1.0426       | 0.9740     | 0.9753       | 0.7316   | (ADV 0.49)
90     | 2.6199     | 0.4798     | 1.0665       | 1.0736       | 0.9740     | 0.8682       | 0.7039   | (ADV 0.54)
100    | 2.5945     | 0.4450     | 1.0636       | 1.0859       | 0.9740     | 0.8788       | 0.7423   |           
110    | 2.6575     | 0.4481     | 1.0934       | 1.1161       | 0.9646     | 0.8928       | 0.7450   |           
120    | 2.6540     | 0.4433     | 1.1237       | 1.0870       | 0.9760     | 0.8061       | 0.7253   |           
130    | 2.7148     | 0.4512     | 1.1396       | 1.1240       | 0.9719     | 0.7712       | 0.7010   |           
140    | 2.8092     | 0.4629     | 1.1674       | 1.1788       | 0.9729     | 0.7726       | 0.7460   |           
150    | 2.7742     | 0.4580     | 1.1736       | 1.1426       | 0.9771     | 0.7053       | 0.7532   |           
160    | 2.6696     | 0.3673     | 1.1671       | 1.1352       | 0.9729     | 0.6695       | 0.7785   |           
170    | 2.7704     | 0.3933     | 1.2212       | 1.1559       | 0.9729     | 0.6653       | 0.7102   |           
180    | 2.7395     | 0.4039     | 1.1715       | 1.1641       | 0.9708     | 0.6530       | 0.6623   |           
190    | 2.8312     | 0.4512     | 1.2094       | 1.1706       | 0.9740     | 0.6171       | 0.7462   |           
200    | 2.7556     | 0.4080     | 1.1820       | 1.1656       | 0.9729     | 0.6336       | 0.7956   |           
210    | 2.8497     | 0.4341     | 1.2006       | 1.2151       | 0.9677     | 0.5421       | 0.7930   |           
220    | 2.8585     | 0.4243     | 1.2305       | 1.2038       | 0.9760     | 0.5535       | 0.6506   |           
230    | 2.8322     | 0.3934     | 1.2350       | 1.2038       | 0.9781     | 0.5726       | 0.6945   |           
240    | 2.8039     | 0.3914     | 1.2166       | 1.1959       | 0.9740     | 0.5379       | 0.7138   |           
250    | 2.8069     | 0.3761     | 1.2316       | 1.1991       | 0.9812     | 0.5551       | 0.6705   |           
260    | 2.8311     | 0.4000     | 1.2160       | 1.2150       | 0.9792     | 0.5333       | 0.6463   |           
270    | 2.7912     | 0.3393     | 1.2290       | 1.2228       | 0.9833     | 0.5417       | 0.7486   |           
280    | 2.8101     | 0.3638     | 1.2554       | 1.1908       | 0.9750     | 0.4921       | 0.7599   |           
290    | 2.7558     | 0.3335     | 1.2054       | 1.2169       | 0.9719     | 0.4804       | 0.7773   |           
300    | 2.8025     | 0.3636     | 1.2297       | 1.2092       | 0.9760     | 0.4898       | 0.7047   |           
310    | 2.7940     | 0.3341     | 1.2413       | 1.2186       | 0.9750     | 0.4747       | 0.7690   |           
320    | 2.8679     | 0.3867     | 1.2597       | 1.2215       | 0.9729     | 0.4849       | 0.7497   |           
330    | 2.8091     | 0.3218     | 1.2637       | 1.2236       | 0.9708     | 0.4460       | 0.7534   |           
340    | 2.8087     | 0.3192     | 1.2665       | 1.2230       | 0.9729     | 0.4457       | 0.7487   |           
350    | 2.8208     | 0.3244     | 1.2620       | 1.2344       | 0.9812     | 0.4052       | 0.6749   |           
360    | 2.8887     | 0.3346     | 1.3122       | 1.2419       | 0.9708     | 0.3796       | 0.7376   |           
370    | 2.8139     | 0.3241     | 1.2769       | 1.2129       | 0.9812     | 0.4227       | 0.6154   |           
380    | 2.8215     | 0.3252     | 1.2667       | 1.2296       | 0.9802     | 0.4124       | 0.6568   |           
390    | 2.8366     | 0.3060     | 1.2931       | 1.2374       | 0.9771     | 0.4491       | 0.6315   |           
400    | 2.8093     | 0.3424     | 1.2483       | 1.2187       | 0.9771     | 0.4010       | 0.6667   |           
410    | 2.8216     | 0.3233     | 1.2391       | 1.2593       | 0.9708     | 0.3689       | 0.6901   |           
420    | 2.8007     | 0.2973     | 1.2537       | 1.2498       | 0.9760     | 0.4739       | 0.7835   |           
430    | 2.7925     | 0.2719     | 1.2723       | 1.2483       | 0.9781     | 0.4166       | 0.7266   |           
440    | 2.8354     | 0.3300     | 1.2774       | 1.2280       | 0.9802     | 0.3502       | 0.6744   |           
450    | 2.8438     | 0.3248     | 1.2880       | 1.2311       | 0.9802     | 0.3185       | 0.6891   | (ADV 0.82)
460    | 2.8114     | 0.2910     | 1.2816       | 1.2388       | 0.9688     | 0.3559       | 0.7100   |           
470    | 2.8048     | 0.2864     | 1.2884       | 1.2301       | 0.9792     | 0.3338       | 0.7537   |           
480    | 2.8247     | 0.2770     | 1.3122       | 1.2356       | 0.9792     | 0.3317       | 0.7173   |           
490    | 2.8025     | 0.2494     | 1.3130       | 1.2401       | 0.9771     | 0.3648       | 0.7508   |           
500    | 2.7670     | 0.2277     | 1.3086       | 1.2308       | 0.9792     | 0.3260       | 0.6759   |           
Seed 1024 | Src Acc: 97.7551 | Src MDE: 0.0318 | Tgt Acc: 46.4286 | Tgt MDE: 0.6891
Finished Combo GeoSPA_1_3_4. Results saved.
