==========================================
Current Architecture: GeoSPA-Net Version 6
mcAPs (Real Anchors): [3, 4] (Indices: [2, 3])
Legacy APs (Virtual): [1, 2] (Indices: [0, 1])
==========================================
>> Training Multi-Head PCN (Stage 2) on Source Domain for APs: [0, 1, 2, 3]...
>> Source PCN Training Finished. Avg Loss: 0.0179
>> Training Multi-Head PCN (Stage 2) on Target Domain for APs: [2, 3]...
>> Target PCN Training Finished. Avg Loss: 0.0106

Start GeoSPA-Net Training Seed 42...
Epoch  | Total Loss | Tr Cls     | Tr Dom RSSI  | Tr Dom RTT   | Val T Acc  | Val T Entropy | Test MDE
------------------------------------------------------------------------------------------------------------------------
10     | 4.3760     | 2.0278     | 1.1514       | 1.1968       | 0.8854     | 3.2459       | 0.9803   |           
20     | 3.2315     | 1.2314     | 0.9937       | 1.0063       | 0.9469     | 2.4582       | 0.9155   | (ADV -0.28)
30     | 2.9317     | 0.9250     | 1.0306       | 0.9761       | 0.9594     | 1.8980       | 0.9086   | (ADV 0.01)
40     | 2.7584     | 0.7750     | 1.0109       | 0.9725       | 0.9635     | 1.6200       | 0.9237   | (ADV 0.15)
50     | 2.7328     | 0.7227     | 1.0141       | 0.9961       | 0.9646     | 1.3178       | 0.8247   | (ADV 0.31)
60     | 2.7173     | 0.6801     | 1.0226       | 1.0146       | 0.9667     | 1.3175       | 0.8862   |           
70     | 2.6847     | 0.6191     | 1.0710       | 0.9946       | 0.9677     | 1.0761       | 0.8716   | (ADV 0.43)
80     | 2.8149     | 0.6632     | 1.1111       | 1.0406       | 0.9531     | 1.0163       | 0.9094   | (ADV 0.44)
90     | 2.7402     | 0.5501     | 1.1031       | 1.0871       | 0.9781     | 1.0173       | 0.8894   |           
100    | 2.8220     | 0.5924     | 1.1170       | 1.1126       | 0.9656     | 0.9426       | 0.8958   |           
110    | 2.8532     | 0.5773     | 1.1520       | 1.1239       | 0.9719     | 0.8602       | 0.8997   |           
120    | 2.8536     | 0.5434     | 1.1894       | 1.1207       | 0.9677     | 0.8382       | 0.8899   |           
130    | 2.8389     | 0.5406     | 1.1528       | 1.1454       | 0.9604     | 0.7845       | 0.7641   |           
140    | 2.8153     | 0.4926     | 1.1772       | 1.1456       | 0.9479     | 0.8090       | 0.7716   |           
150    | 2.8452     | 0.5292     | 1.1699       | 1.1461       | 0.9563     | 0.7263       | 0.7953   |           
160    | 2.9196     | 0.5319     | 1.2152       | 1.1726       | 0.9677     | 0.7146       | 0.8268   | (ADV 0.61)
170    | 2.8383     | 0.4844     | 1.1953       | 1.1585       | 0.9667     | 0.7753       | 0.8142   |           
180    | 2.8877     | 0.5047     | 1.2029       | 1.1801       | 0.9688     | 0.7095       | 0.8335   |           
190    | 2.8864     | 0.5070     | 1.2003       | 1.1791       | 0.9708     | 0.6489       | 0.7106   |           
200    | 2.9316     | 0.5042     | 1.2173       | 1.2101       | 0.9615     | 0.6613       | 0.6860   |           
210    | 2.9510     | 0.5460     | 1.2021       | 1.2029       | 0.9635     | 0.6539       | 0.8034   |           
220    | 2.8877     | 0.4905     | 1.2167       | 1.1805       | 0.9729     | 0.6203       | 0.8195   |           
230    | 2.8852     | 0.4753     | 1.2268       | 1.1831       | 0.9719     | 0.6112       | 0.8644   |           
240    | 2.9035     | 0.4688     | 1.2395       | 1.1952       | 0.9698     | 0.5894       | 0.7623   |           
250    | 2.9621     | 0.4860     | 1.2462       | 1.2300       | 0.9594     | 0.6505       | 0.8184   |           
260    | 2.8761     | 0.4470     | 1.2374       | 1.1917       | 0.9750     | 0.6110       | 0.7650   |           
270    | 2.8847     | 0.4373     | 1.2242       | 1.2232       | 0.9708     | 0.5274       | 0.8039   |           
280    | 2.9155     | 0.4503     | 1.2504       | 1.2149       | 0.9635     | 0.5827       | 0.9008   |           
290    | 2.9181     | 0.4875     | 1.2197       | 1.2109       | 0.9771     | 0.5146       | 0.8731   | (ADV 0.72)
300    | 2.8868     | 0.4266     | 1.2449       | 1.2153       | 0.9740     | 0.5068       | 0.8035   |           
310    | 2.9293     | 0.4624     | 1.2580       | 1.2088       | 0.9750     | 0.5140       | 0.8771   |           
320    | 2.8461     | 0.3812     | 1.2633       | 1.2016       | 0.9719     | 0.4989       | 0.7910   |           
330    | 2.8626     | 0.4148     | 1.2357       | 1.2120       | 0.9656     | 0.5628       | 0.9170   |           
340    | 2.8969     | 0.4099     | 1.2608       | 1.2262       | 0.9729     | 0.5140       | 0.8524   |           
350    | 2.8825     | 0.4016     | 1.2554       | 1.2254       | 0.9740     | 0.5031       | 0.7601   |           
360    | 2.9246     | 0.4192     | 1.2649       | 1.2405       | 0.9729     | 0.4528       | 0.8066   | (ADV 0.75)
370    | 2.8596     | 0.3884     | 1.2549       | 1.2164       | 0.9677     | 0.5047       | 0.8737   |           
380    | 2.8678     | 0.3946     | 1.2651       | 1.2082       | 0.9615     | 0.5099       | 0.8483   |           
390    | 2.9066     | 0.4140     | 1.2664       | 1.2262       | 0.9740     | 0.4643       | 0.8170   |           
400    | 2.9029     | 0.4055     | 1.2576       | 1.2399       | 0.9688     | 0.5123       | 0.7594   |           
410    | 2.9055     | 0.4157     | 1.2827       | 1.2070       | 0.9646     | 0.5178       | 0.8066   |           
420    | 2.9153     | 0.4119     | 1.2787       | 1.2247       | 0.9760     | 0.4394       | 0.7919   |           
430    | 2.9295     | 0.4068     | 1.2839       | 1.2389       | 0.9781     | 0.4658       | 0.8271   |           
440    | 2.8577     | 0.3473     | 1.2653       | 1.2450       | 0.9740     | 0.4623       | 0.7681   |           
450    | 2.8904     | 0.3731     | 1.2656       | 1.2517       | 0.9740     | 0.4375       | 0.8908   |           
460    | 2.9399     | 0.4178     | 1.2767       | 1.2454       | 0.9615     | 0.4642       | 0.8255   |           
470    | 2.8554     | 0.3480     | 1.2649       | 1.2425       | 0.9677     | 0.4277       | 0.7920   |           
480    | 2.9320     | 0.4013     | 1.2863       | 1.2444       | 0.9719     | 0.4554       | 0.8250   |           
490    | 2.9384     | 0.4040     | 1.2936       | 1.2409       | 0.9688     | 0.4315       | 0.8485   |           
500    | 2.8989     | 0.3696     | 1.2943       | 1.2350       | 0.9740     | 0.4457       | 0.8535   |           
Seed 42 | Src Acc: 96.8367 | Src MDE: 0.0676 | Tgt Acc: 31.8367 | Tgt MDE: 0.8079
>> Training Multi-Head PCN (Stage 2) on Source Domain for APs: [0, 1, 2, 3]...
>> Source PCN Training Finished. Avg Loss: 0.0213
>> Training Multi-Head PCN (Stage 2) on Target Domain for APs: [2, 3]...
>> Target PCN Training Finished. Avg Loss: 0.0096

Start GeoSPA-Net Training Seed 67...
Epoch  | Total Loss | Tr Cls     | Tr Dom RSSI  | Tr Dom RTT   | Val T Acc  | Val T Entropy | Test MDE
------------------------------------------------------------------------------------------------------------------------
10     | 4.3388     | 1.9731     | 1.1701       | 1.1956       | 0.8719     | 3.1607       | 0.8955   |           
20     | 3.2490     | 1.2146     | 1.0317       | 1.0027       | 0.9437     | 2.3912       | 0.9474   | (ADV -0.25)
30     | 2.9221     | 0.9359     | 1.0104       | 0.9758       | 0.9573     | 1.8803       | 0.8974   | (ADV 0.02)
40     | 2.7590     | 0.7900     | 0.9790       | 0.9900       | 0.9573     | 1.5437       | 0.8560   | (ADV 0.19)
50     | 2.6965     | 0.7288     | 0.9897       | 0.9780       | 0.9542     | 1.4191       | 0.8367   |           
60     | 2.4948     | 0.5927     | 0.9553       | 0.9468       | 0.9500     | 1.2406       | 0.7166   | (ADV 0.33)
70     | 2.6831     | 0.6217     | 1.0473       | 1.0140       | 0.9542     | 1.1860       | 0.8244   |           
80     | 2.6616     | 0.6162     | 1.0530       | 0.9924       | 0.9573     | 1.0712       | 0.7727   |           
90     | 2.7107     | 0.5827     | 1.1153       | 1.0127       | 0.9583     | 1.0373       | 0.8384   |           
100    | 2.7233     | 0.5683     | 1.1109       | 1.0442       | 0.9542     | 0.9772       | 0.8032   |           
110    | 2.8225     | 0.5778     | 1.1149       | 1.1298       | 0.9573     | 0.9625       | 0.9132   |           
120    | 2.8237     | 0.5596     | 1.1558       | 1.1083       | 0.9500     | 0.9198       | 0.7726   |           
130    | 2.7789     | 0.5300     | 1.1380       | 1.1110       | 0.9625     | 0.8667       | 0.7565   | (ADV 0.53)
140    | 2.9116     | 0.5689     | 1.2062       | 1.1365       | 0.9563     | 0.8845       | 0.7601   |           
150    | 2.9315     | 0.5611     | 1.1964       | 1.1740       | 0.9542     | 0.8200       | 0.6969   |           
160    | 2.8953     | 0.5378     | 1.2160       | 1.1415       | 0.9542     | 0.8101       | 0.6842   |           
170    | 2.8802     | 0.5102     | 1.2203       | 1.1497       | 0.9583     | 0.7746       | 0.8030   |           
180    | 2.9600     | 0.5529     | 1.2240       | 1.1832       | 0.9667     | 0.7435       | 0.8090   |           
190    | 2.9273     | 0.5416     | 1.2168       | 1.1690       | 0.9677     | 0.7329       | 0.8274   |           
200    | 2.8235     | 0.4623     | 1.2059       | 1.1552       | 0.9635     | 0.7435       | 0.8169   |           
210    | 2.8293     | 0.4751     | 1.1908       | 1.1634       | 0.9656     | 0.7479       | 0.7494   |           
220    | 2.8400     | 0.4860     | 1.2024       | 1.1517       | 0.9635     | 0.6512       | 0.7934   |           
230    | 2.9041     | 0.5081     | 1.2390       | 1.1570       | 0.9677     | 0.6908       | 0.7976   |           
240    | 2.8476     | 0.4665     | 1.2059       | 1.1752       | 0.9667     | 0.6947       | 0.8157   |           
250    | 2.8690     | 0.4659     | 1.2367       | 1.1664       | 0.9635     | 0.6663       | 0.8005   |           
260    | 2.8820     | 0.4937     | 1.2317       | 1.1565       | 0.9490     | 0.6553       | 0.8135   |           
270    | 2.9566     | 0.4836     | 1.2521       | 1.2209       | 0.9646     | 0.6332       | 0.8095   |           
280    | 2.9129     | 0.4668     | 1.2530       | 1.1931       | 0.9719     | 0.7038       | 0.7309   |           
290    | 2.9072     | 0.4629     | 1.2566       | 1.1877       | 0.9604     | 0.5840       | 0.7248   | (ADV 0.67)
300    | 2.9488     | 0.4862     | 1.2536       | 1.2090       | 0.9615     | 0.6006       | 0.7911   |           
310    | 2.8861     | 0.4333     | 1.2440       | 1.2089       | 0.9677     | 0.6762       | 0.9037   |           
320    | 2.8694     | 0.4191     | 1.2643       | 1.1860       | 0.9667     | 0.6032       | 0.8181   |           
330    | 2.8874     | 0.4472     | 1.2620       | 1.1781       | 0.9500     | 0.5916       | 0.8352   |           
340    | 2.8915     | 0.4344     | 1.2623       | 1.1948       | 0.9677     | 0.5910       | 0.7569   |           
350    | 2.8946     | 0.4359     | 1.2744       | 1.1844       | 0.9531     | 0.5943       | 0.8654   |           
360    | 2.8896     | 0.4099     | 1.2655       | 1.2142       | 0.9698     | 0.5832       | 0.8153   |           
370    | 2.8699     | 0.3781     | 1.2847       | 1.2071       | 0.9635     | 0.5266       | 0.7913   |           
380    | 2.9291     | 0.4315     | 1.2688       | 1.2289       | 0.9583     | 0.5334       | 0.7869   |           
390    | 2.9081     | 0.4132     | 1.2577       | 1.2372       | 0.9458     | 0.5603       | 0.7798   |           
400    | 2.9219     | 0.4063     | 1.2739       | 1.2417       | 0.9594     | 0.5241       | 0.7670   |           
410    | 2.8977     | 0.3665     | 1.2900       | 1.2413       | 0.9656     | 0.5000       | 0.8238   |           
420    | 2.8664     | 0.3640     | 1.2900       | 1.2124       | 0.9635     | 0.5292       | 0.8788   |           
430    | 2.9454     | 0.4368     | 1.2641       | 1.2445       | 0.9771     | 0.4967       | 0.8644   | (ADV 0.73)
440    | 2.8736     | 0.3529     | 1.2839       | 1.2368       | 0.9667     | 0.5347       | 0.8572   |           
450    | 2.8635     | 0.3387     | 1.2920       | 1.2328       | 0.9635     | 0.5220       | 0.8613   |           
460    | 2.8908     | 0.3603     | 1.3039       | 1.2266       | 0.9677     | 0.4411       | 0.7217   |           
470    | 2.9297     | 0.3710     | 1.3077       | 1.2510       | 0.9615     | 0.4613       | 0.7383   |           
480    | 2.8869     | 0.3503     | 1.3048       | 1.2319       | 0.9677     | 0.4419       | 0.8319   |           
490    | 2.8877     | 0.3482     | 1.3012       | 1.2384       | 0.9521     | 0.4507       | 0.6918   |           
500    | 2.9272     | 0.3386     | 1.3147       | 1.2739       | 0.9573     | 0.4650       | 0.7426   |           
Seed 67 | Src Acc: 97.4490 | Src MDE: 0.0528 | Tgt Acc: 37.6531 | Tgt MDE: 0.8266
>> Training Multi-Head PCN (Stage 2) on Source Domain for APs: [0, 1, 2, 3]...
>> Source PCN Training Finished. Avg Loss: 0.0162
>> Training Multi-Head PCN (Stage 2) on Target Domain for APs: [2, 3]...
>> Target PCN Training Finished. Avg Loss: 0.0076

Start GeoSPA-Net Training Seed 1024...
Epoch  | Total Loss | Tr Cls     | Tr Dom RSSI  | Tr Dom RTT   | Val T Acc  | Val T Entropy | Test MDE
------------------------------------------------------------------------------------------------------------------------
10     | 4.3415     | 2.0275     | 1.1353       | 1.1787       | 0.8969     | 3.1817       | 1.0437   |           
20     | 3.1014     | 1.1610     | 0.9699       | 0.9705       | 0.9385     | 2.4439       | 0.9211   | (ADV -0.28)
30     | 2.9254     | 0.9450     | 1.0126       | 0.9678       | 0.9469     | 1.9225       | 0.9272   |           
40     | 2.6966     | 0.7522     | 1.0014       | 0.9430       | 0.9531     | 1.6073       | 0.9351   |           
50     | 2.7048     | 0.7024     | 1.0210       | 0.9814       | 0.9510     | 1.3632       | 0.9266   |           
60     | 2.6108     | 0.6067     | 1.0184       | 0.9857       | 0.9573     | 1.2595       | 0.9896   | (ADV 0.33)
70     | 2.5490     | 0.5689     | 1.0045       | 0.9757       | 0.9583     | 1.1451       | 0.9249   |           
80     | 2.6887     | 0.6132     | 1.0640       | 1.0115       | 0.9594     | 1.0582       | 0.8919   |           
90     | 2.7154     | 0.5786     | 1.0868       | 1.0500       | 0.9490     | 0.9833       | 0.8823   |           
100    | 2.7374     | 0.5371     | 1.1121       | 1.0883       | 0.9552     | 0.9048       | 0.8243   |           
110    | 2.7831     | 0.5644     | 1.1431       | 1.0755       | 0.9490     | 0.8993       | 0.9279   |           
120    | 2.7574     | 0.5403     | 1.1148       | 1.1023       | 0.9583     | 0.7961       | 0.8487   |           
130    | 2.8431     | 0.5590     | 1.1505       | 1.1337       | 0.9646     | 0.7556       | 0.8646   |           
140    | 2.8222     | 0.5321     | 1.1385       | 1.1516       | 0.9490     | 0.6957       | 0.8761   |           
150    | 2.8812     | 0.5602     | 1.1696       | 1.1514       | 0.9563     | 0.7105       | 0.8936   |           
160    | 2.7669     | 0.4583     | 1.1517       | 1.1569       | 0.9583     | 0.6763       | 0.8366   |           
170    | 2.8490     | 0.4694     | 1.2139       | 1.1658       | 0.9604     | 0.6994       | 0.8914   |           
180    | 2.8382     | 0.4502     | 1.2028       | 1.1852       | 0.9583     | 0.7285       | 0.9177   |           
190    | 2.9090     | 0.5155     | 1.2148       | 1.1787       | 0.9646     | 0.6762       | 0.8987   |           
200    | 2.8718     | 0.4837     | 1.2013       | 1.1868       | 0.9437     | 0.6295       | 0.8751   |           
210    | 2.9107     | 0.5120     | 1.2281       | 1.1705       | 0.9521     | 0.5782       | 0.9122   |           
220    | 2.8973     | 0.4753     | 1.2359       | 1.1861       | 0.9583     | 0.6048       | 0.9136   |           
230    | 2.8348     | 0.4371     | 1.2130       | 1.1847       | 0.9615     | 0.5416       | 0.8022   |           
240    | 2.8491     | 0.4452     | 1.2145       | 1.1894       | 0.9531     | 0.5347       | 0.7971   |           
250    | 2.9108     | 0.4660     | 1.2414       | 1.2034       | 0.9635     | 0.5125       | 0.7955   |           
260    | 2.8818     | 0.4481     | 1.2494       | 1.1843       | 0.9656     | 0.5241       | 0.8248   |           
270    | 2.8767     | 0.4321     | 1.2415       | 1.2031       | 0.9667     | 0.4686       | 0.8543   |           
280    | 2.9144     | 0.4673     | 1.2436       | 1.2035       | 0.9594     | 0.4604       | 0.7859   |           
290    | 2.8524     | 0.4102     | 1.2244       | 1.2178       | 0.9656     | 0.4714       | 0.8712   |           
300    | 2.8041     | 0.4006     | 1.2127       | 1.1909       | 0.9583     | 0.5246       | 0.8624   |           
310    | 2.8156     | 0.3836     | 1.2269       | 1.2051       | 0.9615     | 0.4902       | 0.8757   |           
320    | 2.9346     | 0.4868     | 1.2466       | 1.2012       | 0.9552     | 0.5206       | 0.8948   |           
330    | 2.8817     | 0.4278     | 1.2362       | 1.2177       | 0.9656     | 0.4651       | 0.8402   |           
340    | 2.8737     | 0.4031     | 1.2627       | 1.2078       | 0.9573     | 0.4421       | 0.8262   |           
350    | 2.8854     | 0.4176     | 1.2604       | 1.2074       | 0.9667     | 0.4874       | 0.8331   |           
360    | 2.8461     | 0.3915     | 1.2545       | 1.2001       | 0.9594     | 0.4808       | 0.8017   |           
370    | 2.9060     | 0.4392     | 1.2542       | 1.2126       | 0.9656     | 0.4726       | 0.8384   |           
380    | 2.8462     | 0.3858     | 1.2513       | 1.2090       | 0.9563     | 0.4685       | 0.7319   |           
390    | 2.8504     | 0.3508     | 1.2710       | 1.2285       | 0.9500     | 0.4470       | 0.7568   |           
400    | 2.8747     | 0.3850     | 1.2919       | 1.1978       | 0.9656     | 0.4644       | 0.8232   |           
410    | 2.8712     | 0.3636     | 1.2627       | 1.2449       | 0.9573     | 0.4764       | 0.8349   |           
420    | 2.8957     | 0.3989     | 1.2673       | 1.2295       | 0.9594     | 0.4866       | 0.8625   |           
430    | 2.8884     | 0.3554     | 1.2975       | 1.2355       | 0.9656     | 0.4817       | 0.8217   |           
440    | 2.8918     | 0.3993     | 1.2735       | 1.2190       | 0.9635     | 0.4815       | 0.8031   |           
450    | 2.9015     | 0.4066     | 1.2834       | 1.2114       | 0.9625     | 0.4329       | 0.8184   |           
460    | 2.8595     | 0.3749     | 1.2827       | 1.2018       | 0.9615     | 0.4137       | 0.8472   |           
470    | 2.8868     | 0.3665     | 1.2868       | 1.2334       | 0.9635     | 0.4294       | 0.8275   |           
480    | 2.8999     | 0.3638     | 1.2886       | 1.2475       | 0.9677     | 0.3916       | 0.7726   |           
490    | 2.8527     | 0.3391     | 1.2774       | 1.2362       | 0.9646     | 0.4070       | 0.7518   |           
500    | 2.8500     | 0.3443     | 1.2881       | 1.2176       | 0.9698     | 0.4532       | 0.7830   |           
Seed 1024 | Src Acc: 96.7347 | Src MDE: 0.0526 | Tgt Acc: 31.9388 | Tgt MDE: 0.8540
Finished Combo GeoSPA_3_4. Results saved.
