==========================================
Current Architecture: GeoSPA-Net (Fixed)
mcAPs (Real Anchors): [4] (Indices: [3])
Legacy APs (Virtual): [1, 2, 3] (Indices: [0, 1, 2])
==========================================
>> Training PCN (Stage 2) on Source Domain...
>> Source PCN Training Finished. Huber Loss: 0.0045
>> Training PCN (Stage 2) on Target Domain...
>> Target PCN Training Finished. Huber Loss: 0.0053

Start GeoSPA-Net Training Seed 42...
Epoch  | Total Loss | Tr Cls     | Tr Dom RSSI  | Tr Dom RTT   | Val T Acc  | Val T Entropy | Test MDE
------------------------------------------------------------------------------------------------------------------------
10     | 3.4013     | 1.1654     | 1.0099       | 1.2260       | 0.9427     | 2.6132       | 1.2469   |           
20     | 2.7144     | 0.7161     | 0.8425       | 1.1559       | 0.9604     | 1.6409       | 1.2205   | (ADV 0.14)
30     | 2.4745     | 0.5654     | 0.8051       | 1.1040       | 0.9646     | 1.3003       | 1.1408   | (ADV 0.31)
40     | 2.4137     | 0.5271     | 0.7977       | 1.0888       | 0.9469     | 1.0276       | 1.2076   | (ADV 0.43)
50     | 2.3909     | 0.4821     | 0.8255       | 1.0834       | 0.9583     | 0.9089       | 1.1529   |           
60     | 2.5045     | 0.4716     | 0.8991       | 1.1338       | 0.9719     | 0.7360       | 1.1376   | (ADV 0.60)
70     | 2.5733     | 0.4549     | 0.9538       | 1.1647       | 0.9531     | 0.6744       | 1.1687   |           
80     | 2.6931     | 0.4713     | 1.0130       | 1.2087       | 0.9677     | 0.6421       | 1.1483   |           
90     | 2.6908     | 0.4576     | 1.0089       | 1.2243       | 0.9708     | 0.6215       | 1.1405   |           
100    | 2.6936     | 0.4578     | 1.0251       | 1.2107       | 0.9573     | 0.5895       | 1.0910   |           
110    | 2.7002     | 0.4449     | 1.0276       | 1.2276       | 0.9656     | 0.5489       | 1.0746   |           
120    | 2.7769     | 0.4681     | 1.0854       | 1.2234       | 0.9677     | 0.5543       | 1.0619   |           
130    | 2.7575     | 0.4378     | 1.0958       | 1.2238       | 0.9573     | 0.4739       | 1.1592   |           
140    | 2.7538     | 0.4347     | 1.0937       | 1.2254       | 0.9646     | 0.4972       | 1.1029   |           
150    | 2.8229     | 0.4652     | 1.1305       | 1.2272       | 0.9667     | 0.4960       | 1.1543   |           
160    | 2.8421     | 0.4455     | 1.1491       | 1.2475       | 0.9635     | 0.4893       | 1.1586   |           
170    | 2.7640     | 0.4147     | 1.1307       | 1.2186       | 0.9698     | 0.5232       | 1.1874   |           
180    | 2.8160     | 0.4397     | 1.1434       | 1.2329       | 0.9521     | 0.4725       | 1.1679   |           
190    | 2.7932     | 0.4163     | 1.1380       | 1.2389       | 0.9646     | 0.4514       | 1.1556   |           
200    | 2.7622     | 0.3882     | 1.1455       | 1.2285       | 0.9635     | 0.4136       | 1.1597   |           
210    | 2.8078     | 0.4180     | 1.1618       | 1.2279       | 0.9458     | 0.4590       | 1.1491   |           
220    | 2.7809     | 0.3982     | 1.1673       | 1.2154       | 0.9677     | 0.4193       | 1.1620   |           
230    | 2.7915     | 0.4076     | 1.1648       | 1.2191       | 0.9708     | 0.4338       | 1.1547   |           
240    | 2.7908     | 0.3962     | 1.1659       | 1.2287       | 0.9708     | 0.4138       | 1.1591   |           
250    | 2.8054     | 0.4017     | 1.1807       | 1.2230       | 0.9635     | 0.3924       | 1.2160   |           
260    | 2.8397     | 0.4041     | 1.1926       | 1.2430       | 0.9667     | 0.4079       | 1.1814   |           
270    | 2.8083     | 0.3815     | 1.2032       | 1.2236       | 0.9667     | 0.4063       | 1.1809   |           
280    | 2.7952     | 0.3691     | 1.1805       | 1.2456       | 0.9719     | 0.3666       | 1.1232   |           
290    | 2.8550     | 0.3864     | 1.2141       | 1.2546       | 0.9625     | 0.3782       | 1.1584   |           
300    | 2.8387     | 0.3892     | 1.2129       | 1.2366       | 0.9698     | 0.3544       | 1.1387   |           
310    | 2.8344     | 0.3903     | 1.2158       | 1.2283       | 0.9594     | 0.3860       | 1.1833   |           
320    | 2.8870     | 0.4235     | 1.2110       | 1.2525       | 0.9510     | 0.3999       | 1.2042   |           
330    | 2.8996     | 0.4201     | 1.2357       | 1.2437       | 0.9656     | 0.3925       | 1.1210   |           
340    | 2.7977     | 0.3482     | 1.2107       | 1.2387       | 0.9635     | 0.3574       | 1.1619   |           
350    | 2.8847     | 0.3997     | 1.2275       | 1.2575       | 0.9542     | 0.4081       | 1.1250   |           
360    | 2.8730     | 0.3755     | 1.2327       | 1.2648       | 0.9354     | 0.4005       | 1.1704   |           
370    | 2.8235     | 0.3468     | 1.2241       | 1.2526       | 0.9698     | 0.4031       | 1.1211   |           
380    | 2.8593     | 0.3822     | 1.2265       | 1.2506       | 0.9594     | 0.3810       | 1.1939   |           
390    | 2.8826     | 0.3790     | 1.2376       | 1.2659       | 0.9615     | 0.3761       | 1.1296   |           
400    | 2.8601     | 0.3548     | 1.2494       | 1.2559       | 0.9667     | 0.3420       | 1.1587   |           
410    | 2.9059     | 0.3658     | 1.2708       | 1.2693       | 0.9698     | 0.3914       | 1.1340   |           
420    | 2.9648     | 0.4047     | 1.2776       | 1.2825       | 0.9573     | 0.3867       | 1.2316   |           
430    | 2.9726     | 0.3984     | 1.2842       | 1.2899       | 0.9625     | 0.3743       | 1.0803   |           
440    | 2.9147     | 0.3661     | 1.2679       | 1.2807       | 0.9688     | 0.3889       | 1.1417   |           
450    | 2.9154     | 0.3593     | 1.2738       | 1.2823       | 0.9604     | 0.3618       | 1.1617   |           
460    | 2.9373     | 0.3781     | 1.2630       | 1.2961       | 0.9667     | 0.3713       | 1.1368   |           
470    | 2.9655     | 0.3794     | 1.2927       | 1.2935       | 0.9667     | 0.3696       | 1.1591   |           
480    | 2.9450     | 0.3707     | 1.2788       | 1.2955       | 0.9115     | 0.4135       | 1.1273   |           
490    | 2.9661     | 0.3811     | 1.2860       | 1.2989       | 0.9677     | 0.3619       | 1.1360   |           
500    | 2.9662     | 0.3806     | 1.2761       | 1.3095       | 0.9667     | 0.4181       | 1.1665   |           
Seed 42 | Src Acc: 95.9184 | Src MDE: 0.0740 | Tgt Acc: 25.3061 | Tgt MDE: 1.1380
>> Training PCN (Stage 2) on Source Domain...
>> Source PCN Training Finished. Huber Loss: 0.0040
>> Training PCN (Stage 2) on Target Domain...
>> Target PCN Training Finished. Huber Loss: 0.0046

Start GeoSPA-Net Training Seed 67...
Epoch  | Total Loss | Tr Cls     | Tr Dom RSSI  | Tr Dom RTT   | Val T Acc  | Val T Entropy | Test MDE
------------------------------------------------------------------------------------------------------------------------
10     | 3.5048     | 1.2389     | 1.0348       | 1.2311       | 0.9469     | 2.6185       | 1.1705   |           
20     | 2.8457     | 0.7947     | 0.8999       | 1.1511       | 0.9573     | 1.8222       | 1.1784   | (ADV 0.05)
30     | 2.5510     | 0.6096     | 0.8259       | 1.1155       | 0.9625     | 1.3280       | 1.1415   | (ADV 0.30)
40     | 2.4217     | 0.5576     | 0.7860       | 1.0781       | 0.9615     | 1.0897       | 1.1406   | (ADV 0.42)
50     | 2.4778     | 0.5452     | 0.8599       | 1.0727       | 0.9406     | 0.9535       | 1.0374   |           
60     | 2.4136     | 0.4757     | 0.8514       | 1.0865       | 0.9635     | 0.9204       | 1.0453   |           
70     | 2.5078     | 0.4886     | 0.9124       | 1.1068       | 0.9583     | 0.7282       | 1.0901   | (ADV 0.59)
80     | 2.6379     | 0.5260     | 0.9776       | 1.1344       | 0.9573     | 0.6737       | 1.0984   |           
90     | 2.5896     | 0.4893     | 0.9555       | 1.1447       | 0.9521     | 0.6718       | 1.1816   |           
100    | 2.7050     | 0.4936     | 0.9887       | 1.2227       | 0.9552     | 0.6612       | 1.1622   |           
110    | 2.7584     | 0.5028     | 1.0535       | 1.2022       | 0.9646     | 0.6616       | 1.1129   |           
120    | 2.7786     | 0.5087     | 1.0612       | 1.2087       | 0.9583     | 0.6682       | 1.0932   |           
130    | 2.7921     | 0.5029     | 1.0542       | 1.2350       | 0.9594     | 0.5649       | 1.0666   |           
140    | 2.7994     | 0.4913     | 1.0726       | 1.2355       | 0.9563     | 0.5788       | 1.1131   |           
150    | 2.7716     | 0.4676     | 1.0787       | 1.2253       | 0.9625     | 0.5601       | 1.0913   |           
160    | 2.7837     | 0.4769     | 1.0802       | 1.2266       | 0.9646     | 0.5122       | 1.1160   | (ADV 0.71)
170    | 2.8124     | 0.4857     | 1.1171       | 1.2096       | 0.9667     | 0.5743       | 1.2935   |           
180    | 2.8050     | 0.4576     | 1.1130       | 1.2343       | 0.9521     | 0.5698       | 1.0639   |           
190    | 2.8686     | 0.4831     | 1.1478       | 1.2376       | 0.9563     | 0.5364       | 1.1373   |           
200    | 2.8659     | 0.4788     | 1.1373       | 1.2497       | 0.9500     | 0.5506       | 1.1672   |           
210    | 2.9024     | 0.4730     | 1.1783       | 1.2511       | 0.9656     | 0.4758       | 1.2337   |           
220    | 2.8815     | 0.4588     | 1.1624       | 1.2603       | 0.9292     | 0.4873       | 1.2261   |           
230    | 2.8572     | 0.4391     | 1.1694       | 1.2487       | 0.9635     | 0.4416       | 1.1132   | (ADV 0.74)
240    | 2.8870     | 0.4380     | 1.1995       | 1.2496       | 0.9354     | 0.5038       | 1.0486   |           
250    | 2.8893     | 0.4657     | 1.1859       | 1.2377       | 0.9427     | 0.4560       | 1.0896   |           
260    | 2.9037     | 0.4432     | 1.2083       | 1.2522       | 0.9667     | 0.4479       | 1.1297   |           
270    | 2.9363     | 0.4705     | 1.2191       | 1.2467       | 0.9469     | 0.4048       | 1.1767   |           
280    | 2.9103     | 0.4487     | 1.2151       | 1.2465       | 0.9635     | 0.4518       | 1.1649   |           
290    | 2.8900     | 0.4179     | 1.2352       | 1.2369       | 0.9656     | 0.4058       | 1.0601   |           
300    | 2.8807     | 0.4090     | 1.2239       | 1.2478       | 0.9521     | 0.4425       | 1.1396   |           
310    | 2.9052     | 0.4287     | 1.2365       | 1.2399       | 0.9698     | 0.4073       | 1.1126   |           
320    | 2.9282     | 0.4394     | 1.2395       | 1.2494       | 0.9615     | 0.4428       | 1.0928   |           
330    | 2.9540     | 0.4485     | 1.2340       | 1.2715       | 0.9583     | 0.4378       | 1.1504   |           
340    | 2.9524     | 0.4654     | 1.2252       | 1.2618       | 0.9625     | 0.4203       | 1.1631   |           
350    | 2.9235     | 0.4287     | 1.2357       | 1.2591       | 0.9635     | 0.3872       | 1.1423   |           
360    | 2.9310     | 0.4358     | 1.2307       | 1.2645       | 0.9688     | 0.4238       | 1.1828   |           
370    | 2.9007     | 0.4021     | 1.2452       | 1.2534       | 0.9646     | 0.3942       | 1.0804   |           
380    | 2.9130     | 0.4095     | 1.2517       | 1.2518       | 0.9604     | 0.4521       | 1.1510   |           
390    | 2.8758     | 0.3723     | 1.2467       | 1.2568       | 0.9677     | 0.4126       | 1.1582   |           
400    | 2.9604     | 0.4194     | 1.2615       | 1.2794       | 0.9646     | 0.4039       | 1.1830   |           
410    | 2.9533     | 0.4110     | 1.2509       | 1.2915       | 0.9615     | 0.4513       | 1.2322   |           
420    | 2.9314     | 0.4023     | 1.2517       | 1.2774       | 0.9510     | 0.4074       | 1.0988   |           
430    | 2.9485     | 0.3784     | 1.2702       | 1.2999       | 0.9583     | 0.4047       | 1.1232   |           
440    | 2.9407     | 0.3613     | 1.2779       | 1.3015       | 0.9635     | 0.3849       | 1.0564   |           
450    | 2.9863     | 0.4124     | 1.2804       | 1.2935       | 0.9552     | 0.3911       | 1.2444   |           
460    | 2.9530     | 0.3892     | 1.2738       | 1.2900       | 0.9552     | 0.4131       | 1.1580   |           
470    | 2.9531     | 0.3812     | 1.2821       | 1.2897       | 0.9677     | 0.4199       | 1.1127   |           
480    | 2.9771     | 0.4061     | 1.2749       | 1.2961       | 0.9521     | 0.4112       | 1.2087   |           
490    | 2.9707     | 0.3981     | 1.2800       | 1.2926       | 0.9552     | 0.4128       | 1.1561   |           
500    | 2.9378     | 0.3505     | 1.2856       | 1.3017       | 0.9625     | 0.3872       | 1.1193   |           
Seed 67 | Src Acc: 96.7347 | Src MDE: 0.0464 | Tgt Acc: 27.7551 | Tgt MDE: 1.1765
>> Training PCN (Stage 2) on Source Domain...
>> Source PCN Training Finished. Huber Loss: 0.0038
>> Training PCN (Stage 2) on Target Domain...
>> Target PCN Training Finished. Huber Loss: 0.0044

Start GeoSPA-Net Training Seed 1024...
Epoch  | Total Loss | Tr Cls     | Tr Dom RSSI  | Tr Dom RTT   | Val T Acc  | Val T Entropy | Test MDE
------------------------------------------------------------------------------------------------------------------------
10     | 3.6113     | 1.3121     | 1.0298       | 1.2694       | 0.9302     | 2.6938       | 1.1257   |           
20     | 2.8868     | 0.8100     | 0.8756       | 1.2012       | 0.9333     | 1.8536       | 1.1653   | (ADV 0.01)
30     | 2.5545     | 0.6265     | 0.7973       | 1.1308       | 0.9510     | 1.3432       | 1.1984   | (ADV 0.28)
40     | 2.5038     | 0.5782     | 0.8146       | 1.1111       | 0.9479     | 1.1007       | 1.2198   |           
50     | 2.4333     | 0.5199     | 0.7980       | 1.1154       | 0.9396     | 0.9311       | 1.1375   |           
60     | 2.4327     | 0.4959     | 0.8302       | 1.1066       | 0.9573     | 0.7756       | 1.2076   | (ADV 0.57)
70     | 2.5442     | 0.5125     | 0.8807       | 1.1510       | 0.9333     | 0.7616       | 1.1913   |           
80     | 2.6341     | 0.5202     | 0.9468       | 1.1671       | 0.9333     | 0.7056       | 1.2399   |           
90     | 2.5922     | 0.4621     | 0.9634       | 1.1667       | 0.9208     | 0.7064       | 1.2160   |           
100    | 2.6512     | 0.4759     | 0.9863       | 1.1890       | 0.9542     | 0.6464       | 1.2632   |           
110    | 2.7388     | 0.5151     | 1.0026       | 1.2210       | 0.9344     | 0.6364       | 1.2452   |           
120    | 2.7450     | 0.4779     | 1.0538       | 1.2132       | 0.9365     | 0.5929       | 1.1842   |           
130    | 2.7894     | 0.4654     | 1.0862       | 1.2378       | 0.9031     | 0.5682       | 1.1259   |           
140    | 2.8085     | 0.4846     | 1.0854       | 1.2385       | 0.9563     | 0.5661       | 1.1735   |           
150    | 2.8054     | 0.4685     | 1.1010       | 1.2359       | 0.9542     | 0.5301       | 1.1388   |           
160    | 2.8143     | 0.4673     | 1.1142       | 1.2328       | 0.9427     | 0.5653       | 1.2232   |           
170    | 2.8062     | 0.4411     | 1.1307       | 1.2345       | 0.9292     | 0.5287       | 1.2426   |           
180    | 2.7726     | 0.4336     | 1.1109       | 1.2281       | 0.9563     | 0.4957       | 1.1149   |           
190    | 2.8103     | 0.4145     | 1.1403       | 1.2555       | 0.9042     | 0.5051       | 1.1353   |           
200    | 2.8102     | 0.4436     | 1.1274       | 1.2392       | 0.9208     | 0.5768       | 1.1556   |           
210    | 2.8818     | 0.4450     | 1.1878       | 1.2490       | 0.9417     | 0.5069       | 1.1966   |           
220    | 2.8646     | 0.4415     | 1.1720       | 1.2511       | 0.9583     | 0.5065       | 1.2248   |           
230    | 2.8354     | 0.4220     | 1.1379       | 1.2756       | 0.9563     | 0.4687       | 1.2498   |           
240    | 2.8818     | 0.4370     | 1.1818       | 1.2630       | 0.9333     | 0.4606       | 1.2642   |           
250    | 2.8948     | 0.4385     | 1.1987       | 1.2576       | 0.9625     | 0.4471       | 1.2623   |           
260    | 2.8480     | 0.4327     | 1.1680       | 1.2474       | 0.9479     | 0.4598       | 1.1078   |           
270    | 2.8948     | 0.4400     | 1.1915       | 1.2633       | 0.9500     | 0.4781       | 1.1047   |           
280    | 2.8839     | 0.4178     | 1.1894       | 1.2768       | 0.9375     | 0.5101       | 1.1671   |           
290    | 2.9026     | 0.4156     | 1.2212       | 1.2658       | 0.9573     | 0.4540       | 1.1460   |           
300    | 2.9046     | 0.4381     | 1.2089       | 1.2576       | 0.9500     | 0.4858       | 1.1542   |           
310    | 2.8831     | 0.4143     | 1.2089       | 1.2600       | 0.9594     | 0.4517       | 1.1539   |           
320    | 2.8982     | 0.4179     | 1.2123       | 1.2680       | 0.9542     | 0.4541       | 1.1899   |           
330    | 2.9179     | 0.4146     | 1.2351       | 1.2682       | 0.9656     | 0.4412       | 1.1527   |           
340    | 2.8733     | 0.3746     | 1.2273       | 1.2713       | 0.9490     | 0.4285       | 1.2176   |           
350    | 2.8902     | 0.3974     | 1.2363       | 1.2565       | 0.9615     | 0.4803       | 1.2057   |           
360    | 2.8749     | 0.3808     | 1.2421       | 1.2520       | 0.9490     | 0.4366       | 1.1731   |           
370    | 2.8797     | 0.4013     | 1.2250       | 1.2535       | 0.9594     | 0.4930       | 1.1766   |           
380    | 2.9289     | 0.4180     | 1.2349       | 1.2760       | 0.9552     | 0.4434       | 1.1537   |           
390    | 2.9311     | 0.3865     | 1.2499       | 1.2947       | 0.9510     | 0.4413       | 1.1384   |           
400    | 2.8900     | 0.3747     | 1.2310       | 1.2844       | 0.9635     | 0.4323       | 1.1405   |           
410    | 2.9085     | 0.3669     | 1.2539       | 1.2877       | 0.9510     | 0.4559       | 1.2303   |           
420    | 2.9523     | 0.4083     | 1.2705       | 1.2734       | 0.9583     | 0.4303       | 1.2293   |           
430    | 2.9268     | 0.3928     | 1.2551       | 1.2789       | 0.9646     | 0.4273       | 1.2050   |           
440    | 2.9084     | 0.3657     | 1.2636       | 1.2791       | 0.9521     | 0.3978       | 1.1890   |           
450    | 2.9336     | 0.3618     | 1.2756       | 1.2962       | 0.9479     | 0.4192       | 1.1802   |           
460    | 2.9282     | 0.3638     | 1.2723       | 1.2921       | 0.9552     | 0.4128       | 1.1234   |           
470    | 2.9339     | 0.3420     | 1.2964       | 1.2955       | 0.9635     | 0.3818       | 1.1125   |           
480    | 2.9394     | 0.3615     | 1.2790       | 1.2989       | 0.9552     | 0.4368       | 1.0875   |           
490    | 2.9771     | 0.3777     | 1.2904       | 1.3090       | 0.9635     | 0.4217       | 1.0817   |           
500    | 2.9756     | 0.3922     | 1.2858       | 1.2977       | 0.9594     | 0.4569       | 1.1253   |           
Seed 1024 | Src Acc: 95.3061 | Src MDE: 0.0683 | Tgt Acc: 32.2449 | Tgt MDE: 1.1890
Finished Combo GeoSPA_4. Results saved.
