==========================================
Current Architecture: GeoSPA-Net (Fixed)
mcAPs (Real Anchors): [1, 2] (Indices: [0, 1])
Legacy APs (Virtual): [3, 4] (Indices: [2, 3])
==========================================
>> Training PCN (Stage 2) on Source Domain...
>> Source PCN Training Finished. Huber Loss: 0.0042
>> Training PCN (Stage 2) on Target Domain...
>> Target PCN Training Finished. Huber Loss: 0.0035

Start GeoSPA-Net Training Seed 42...
Epoch  | Total Loss | Tr Cls     | Tr Dom RSSI  | Tr Dom RTT   | Val T Acc  | Val T Entropy | Test MDE
------------------------------------------------------------------------------------------------------------------------
10     | 3.1443     | 0.9969     | 0.9411       | 1.2063       | 0.9760     | 2.7283       | 0.9557   |           
20     | 2.3992     | 0.5730     | 0.7934       | 1.0327       | 0.9875     | 1.7936       | 1.0431   | (ADV 0.09)
30     | 2.0881     | 0.4313     | 0.7267       | 0.9301       | 0.9917     | 1.4009       | 0.9125   | (ADV 0.29)
40     | 2.0275     | 0.3922     | 0.7342       | 0.9010       | 0.9906     | 1.1391       | 0.9507   | (ADV 0.42)
50     | 2.0469     | 0.3589     | 0.7812       | 0.9068       | 0.9906     | 0.9234       | 0.9119   | (ADV 0.53)
60     | 2.2030     | 0.3724     | 0.8684       | 0.9622       | 0.9885     | 0.8460       | 0.7991   | (ADV 0.57)
70     | 2.3252     | 0.3688     | 0.9335       | 1.0228       | 0.9833     | 0.7485       | 0.9088   | (ADV 0.61)
80     | 2.3543     | 0.3517     | 0.9682       | 1.0344       | 0.9833     | 0.6872       | 0.6908   | (ADV 0.64)
90     | 2.4180     | 0.3709     | 0.9810       | 1.0661       | 0.9865     | 0.7328       | 0.7943   |           
100    | 2.4637     | 0.3650     | 1.0211       | 1.0776       | 0.9833     | 0.6886       | 0.6775   |           
110    | 2.5107     | 0.3592     | 1.0563       | 1.0952       | 0.9812     | 0.5846       | 0.7790   | (ADV 0.69)
120    | 2.5094     | 0.3594     | 1.0706       | 1.0795       | 0.9823     | 0.6008       | 0.6918   |           
130    | 2.5419     | 0.3529     | 1.1017       | 1.0873       | 0.9802     | 0.6046       | 0.8131   |           
140    | 2.6121     | 0.3739     | 1.1314       | 1.1068       | 0.9802     | 0.6371       | 0.7156   |           
150    | 2.5929     | 0.3480     | 1.1280       | 1.1169       | 0.9615     | 0.6083       | 0.9087   |           
160    | 2.6489     | 0.3726     | 1.1592       | 1.1172       | 0.9740     | 0.5211       | 0.7120   |           
170    | 2.5993     | 0.3347     | 1.1478       | 1.1168       | 0.9854     | 0.6046       | 0.9446   |           
180    | 2.7256     | 0.3676     | 1.1678       | 1.1902       | 0.9865     | 0.5642       | 0.9288   |           
190    | 2.7227     | 0.3474     | 1.2017       | 1.1736       | 0.9854     | 0.6113       | 0.8506   |           
200    | 2.7380     | 0.3501     | 1.2101       | 1.1777       | 0.9875     | 0.5591       | 0.6233   |           
210    | 2.7014     | 0.3332     | 1.1899       | 1.1783       | 0.9844     | 0.5055       | 0.6763   |           
220    | 2.7189     | 0.3277     | 1.2049       | 1.1863       | 0.9885     | 0.4990       | 0.8365   | (ADV 0.74)
230    | 2.7714     | 0.3523     | 1.2274       | 1.1917       | 0.9833     | 0.5260       | 0.7417   |           
240    | 2.7119     | 0.3163     | 1.2198       | 1.1758       | 0.9823     | 0.4435       | 0.7662   |           
250    | 2.7508     | 0.3083     | 1.2308       | 1.2116       | 0.9844     | 0.4630       | 0.7247   |           
260    | 2.7512     | 0.3301     | 1.2345       | 1.1866       | 0.9875     | 0.5316       | 0.8111   |           
270    | 2.7662     | 0.3069     | 1.2591       | 1.2002       | 0.9771     | 0.5043       | 0.8493   |           
280    | 2.7479     | 0.2911     | 1.2516       | 1.2051       | 0.9906     | 0.4817       | 0.8235   |           
290    | 2.8166     | 0.3254     | 1.2660       | 1.2253       | 0.9677     | 0.4931       | 0.7280   |           
300    | 2.8210     | 0.3208     | 1.2723       | 1.2279       | 0.9844     | 0.4567       | 0.7691   |           
310    | 2.8481     | 0.3279     | 1.2765       | 1.2437       | 0.9875     | 0.4816       | 0.9718   |           
320    | 2.8085     | 0.2770     | 1.2761       | 1.2554       | 0.9844     | 0.4718       | 0.9338   |           
330    | 2.8565     | 0.2966     | 1.2971       | 1.2627       | 0.9635     | 0.4887       | 0.9731   |           
340    | 2.8285     | 0.2652     | 1.2915       | 1.2718       | 0.9865     | 0.4061       | 0.8076   |           
350    | 2.8598     | 0.2754     | 1.2981       | 1.2862       | 0.9833     | 0.4235       | 0.9080   |           
360    | 2.8504     | 0.2610     | 1.3054       | 1.2839       | 0.9812     | 0.3558       | 0.8613   |           
370    | 2.8573     | 0.2633     | 1.3080       | 1.2861       | 0.9885     | 0.3453       | 0.6769   |           
380    | 2.8597     | 0.2743     | 1.3038       | 1.2816       | 0.9823     | 0.3420       | 0.8318   |           
390    | 2.8561     | 0.2570     | 1.3170       | 1.2821       | 0.9885     | 0.3910       | 0.8158   |           
400    | 2.8243     | 0.2354     | 1.3142       | 1.2746       | 0.9729     | 0.3497       | 0.8300   |           
410    | 2.8486     | 0.2538     | 1.3056       | 1.2892       | 0.9917     | 0.3473       | 0.7823   |           
420    | 2.8328     | 0.2362     | 1.3117       | 1.2849       | 0.9812     | 0.3868       | 0.8336   |           
430    | 2.8562     | 0.2489     | 1.3107       | 1.2966       | 0.9875     | 0.3215       | 0.8229   |           
440    | 2.8579     | 0.2464     | 1.3081       | 1.3034       | 0.9812     | 0.3089       | 0.8161   |           
450    | 2.8577     | 0.2451     | 1.3147       | 1.2980       | 0.9615     | 0.3213       | 0.9018   |           
460    | 2.9129     | 0.2367     | 1.3656       | 1.3106       | 0.9854     | 0.3012       | 0.9326   |           
470    | 2.8911     | 0.2442     | 1.3258       | 1.3211       | 0.9885     | 0.3389       | 0.9808   |           
480    | 2.8644     | 0.2279     | 1.3197       | 1.3168       | 0.9885     | 0.2827       | 0.9366   |           
490    | 2.9104     | 0.2437     | 1.3305       | 1.3362       | 0.9865     | 0.3150       | 0.9204   |           
500    | 2.8660     | 0.2203     | 1.3133       | 1.3324       | 0.9854     | 0.2791       | 0.8844   |           
Seed 42 | Src Acc: 97.5510 | Src MDE: 0.0315 | Tgt Acc: 41.5306 | Tgt MDE: 0.8561
>> Training PCN (Stage 2) on Source Domain...
>> Source PCN Training Finished. Huber Loss: 0.0050
>> Training PCN (Stage 2) on Target Domain...
>> Target PCN Training Finished. Huber Loss: 0.0038

Start GeoSPA-Net Training Seed 67...
Epoch  | Total Loss | Tr Cls     | Tr Dom RSSI  | Tr Dom RTT   | Val T Acc  | Val T Entropy | Test MDE
------------------------------------------------------------------------------------------------------------------------
10     | 3.1726     | 0.9944     | 0.9766       | 1.2016       | 0.9635     | 2.7539       | 0.7998   |           
20     | 2.3894     | 0.5570     | 0.8250       | 1.0074       | 0.9781     | 1.8039       | 0.8203   | (ADV 0.08)
30     | 2.1259     | 0.4293     | 0.7595       | 0.9372       | 0.9812     | 1.3654       | 0.8135   | (ADV 0.30)
40     | 2.0545     | 0.3752     | 0.7487       | 0.9306       | 0.9854     | 1.1115       | 0.8416   |           
50     | 2.1477     | 0.3588     | 0.8303       | 0.9586       | 0.9823     | 0.8804       | 0.9179   | (ADV 0.54)
60     | 2.1613     | 0.3391     | 0.8434       | 0.9788       | 0.9802     | 0.7814       | 0.8684   | (ADV 0.59)
70     | 2.3095     | 0.3736     | 0.9268       | 1.0091       | 0.9771     | 0.8350       | 0.6520   |           
80     | 2.2936     | 0.3352     | 0.9404       | 1.0180       | 0.9729     | 0.8124       | 0.7525   |           
90     | 2.3911     | 0.3332     | 0.9892       | 1.0687       | 0.9708     | 0.7396       | 0.8671   |           
100    | 2.5002     | 0.3592     | 1.0408       | 1.1003       | 0.9750     | 0.6573       | 0.7895   | (ADV 0.65)
110    | 2.5524     | 0.3640     | 1.0853       | 1.1030       | 0.9719     | 0.6697       | 0.7803   |           
120    | 2.6275     | 0.3722     | 1.1011       | 1.1542       | 0.9708     | 0.5777       | 0.6078   | (ADV 0.68)
130    | 2.5842     | 0.3752     | 1.0750       | 1.1340       | 0.9771     | 0.5874       | 0.6320   |           
140    | 2.7149     | 0.3943     | 1.1660       | 1.1546       | 0.9771     | 0.5008       | 0.7562   | (ADV 0.73)
150    | 2.6414     | 0.3481     | 1.1330       | 1.1603       | 0.9677     | 0.5307       | 0.6273   |           
160    | 2.7121     | 0.3492     | 1.1587       | 1.2041       | 0.9760     | 0.5309       | 0.7602   |           
170    | 2.7202     | 0.3337     | 1.1814       | 1.2052       | 0.9698     | 0.5197       | 0.8543   |           
180    | 2.7534     | 0.3575     | 1.2039       | 1.1921       | 0.9667     | 0.5396       | 0.7528   |           
190    | 2.7155     | 0.3510     | 1.1905       | 1.1740       | 0.9677     | 0.4940       | 0.7249   |           
200    | 2.7276     | 0.3195     | 1.1914       | 1.2167       | 0.9740     | 0.4766       | 0.8459   |           
210    | 2.7187     | 0.3008     | 1.2118       | 1.2061       | 0.9635     | 0.4066       | 0.8016   |           
220    | 2.7230     | 0.3130     | 1.2047       | 1.2053       | 0.9750     | 0.3902       | 0.7518   | (ADV 0.78)
230    | 2.7523     | 0.3115     | 1.2313       | 1.2095       | 0.9740     | 0.4298       | 0.8443   |           
240    | 2.7615     | 0.3114     | 1.2335       | 1.2166       | 0.9771     | 0.4568       | 0.8538   |           
250    | 2.8056     | 0.3249     | 1.2397       | 1.2410       | 0.9521     | 0.4400       | 0.7930   |           
260    | 2.7321     | 0.2745     | 1.2318       | 1.2258       | 0.9760     | 0.4173       | 0.8223   |           
270    | 2.7640     | 0.3004     | 1.2436       | 1.2199       | 0.9719     | 0.4332       | 0.8203   |           
280    | 2.7295     | 0.2886     | 1.2184       | 1.2225       | 0.9719     | 0.3712       | 0.8423   |           
290    | 2.7535     | 0.2715     | 1.2473       | 1.2348       | 0.9688     | 0.3603       | 0.8211   |           
300    | 2.7659     | 0.2720     | 1.2486       | 1.2453       | 0.9802     | 0.3669       | 0.7628   |           
310    | 2.7971     | 0.2918     | 1.2716       | 1.2337       | 0.9823     | 0.3697       | 0.8420   |           
320    | 2.8099     | 0.2845     | 1.2624       | 1.2630       | 0.9708     | 0.3767       | 1.0134   |           
330    | 2.7974     | 0.2702     | 1.2839       | 1.2433       | 0.9781     | 0.3468       | 0.8185   |           
340    | 2.7984     | 0.2738     | 1.2814       | 1.2433       | 0.9740     | 0.3313       | 0.7349   |           
350    | 2.8283     | 0.2730     | 1.2820       | 1.2734       | 0.9729     | 0.4394       | 0.9225   |           
360    | 2.7947     | 0.2408     | 1.2829       | 1.2711       | 0.9594     | 0.3675       | 0.8565   |           
370    | 2.8043     | 0.2511     | 1.2782       | 1.2750       | 0.9781     | 0.3817       | 0.8533   |           
380    | 2.8338     | 0.2549     | 1.3039       | 1.2751       | 0.9812     | 0.3195       | 0.8446   |           
390    | 2.8204     | 0.2462     | 1.2931       | 1.2811       | 0.9760     | 0.3153       | 0.6931   |           
400    | 2.8376     | 0.2489     | 1.3012       | 1.2875       | 0.9802     | 0.3206       | 0.7610   |           
410    | 2.8298     | 0.2406     | 1.3003       | 1.2889       | 0.9812     | 0.3706       | 0.8094   |           
420    | 2.8635     | 0.2670     | 1.3178       | 1.2788       | 0.9781     | 0.3259       | 0.8380   |           
430    | 2.7950     | 0.2345     | 1.2938       | 1.2668       | 0.9750     | 0.3354       | 0.8264   |           
440    | 2.7995     | 0.2252     | 1.3011       | 1.2732       | 0.9719     | 0.3117       | 0.9561   |           
450    | 2.8095     | 0.2330     | 1.3083       | 1.2682       | 0.9792     | 0.3574       | 0.9234   |           
460    | 2.8106     | 0.2304     | 1.3075       | 1.2727       | 0.9729     | 0.3240       | 1.0052   |           
470    | 2.8231     | 0.2447     | 1.3030       | 1.2753       | 0.9698     | 0.2956       | 0.8693   |           
480    | 2.8461     | 0.2624     | 1.3064       | 1.2774       | 0.9750     | 0.3062       | 0.9153   |           
490    | 2.8228     | 0.2386     | 1.3055       | 1.2788       | 0.9750     | 0.3311       | 0.8012   |           
500    | 2.8301     | 0.2256     | 1.3079       | 1.2966       | 0.9771     | 0.2469       | 0.8225   | (ADV 0.85)
Seed 67 | Src Acc: 98.6735 | Src MDE: 0.0216 | Tgt Acc: 38.1633 | Tgt MDE: 0.8225
>> Training PCN (Stage 2) on Source Domain...
>> Source PCN Training Finished. Huber Loss: 0.0042
>> Training PCN (Stage 2) on Target Domain...
>> Target PCN Training Finished. Huber Loss: 0.0036

Start GeoSPA-Net Training Seed 1024...
Epoch  | Total Loss | Tr Cls     | Tr Dom RSSI  | Tr Dom RTT   | Val T Acc  | Val T Entropy | Test MDE
------------------------------------------------------------------------------------------------------------------------
10     | 3.2170     | 1.0340     | 0.9750       | 1.2081       | 0.9740     | 2.8034       | 0.8088   |           
20     | 2.3944     | 0.5740     | 0.7994       | 1.0209       | 0.9760     | 1.8686       | 0.8952   | (ADV 0.04)
30     | 2.0688     | 0.4239     | 0.7219       | 0.9230       | 0.9760     | 1.3546       | 0.8440   | (ADV 0.30)
40     | 2.1664     | 0.4123     | 0.7882       | 0.9660       | 0.9740     | 1.1320       | 0.8780   |           
50     | 2.0979     | 0.3626     | 0.7682       | 0.9670       | 0.9823     | 0.9589       | 0.8484   |           
60     | 2.3359     | 0.3857     | 0.9264       | 1.0238       | 0.9719     | 0.8035       | 0.7013   | (ADV 0.57)
70     | 2.3541     | 0.3988     | 0.9026       | 1.0527       | 0.9698     | 0.7463       | 0.7742   |           
80     | 2.3335     | 0.3592     | 0.9203       | 1.0540       | 0.9760     | 0.6931       | 0.7298   |           
90     | 2.3991     | 0.3651     | 0.9461       | 1.0879       | 0.9823     | 0.6710       | 0.6955   |           
100    | 2.5110     | 0.3779     | 1.0189       | 1.1142       | 0.9750     | 0.6448       | 0.9215   |           
110    | 2.5466     | 0.3801     | 1.0589       | 1.1076       | 0.9771     | 0.6625       | 0.8395   |           
120    | 2.5378     | 0.3717     | 1.0733       | 1.0928       | 0.9750     | 0.6464       | 0.8665   |           
130    | 2.5385     | 0.3416     | 1.0803       | 1.1166       | 0.9865     | 0.5895       | 0.7923   |           
140    | 2.5597     | 0.3718     | 1.0777       | 1.1102       | 0.9823     | 0.5480       | 0.9316   | (ADV 0.71)
150    | 2.5911     | 0.3398     | 1.1120       | 1.1394       | 0.9823     | 0.5229       | 0.7165   | (ADV 0.72)
160    | 2.6378     | 0.3504     | 1.1630       | 1.1244       | 0.9688     | 0.5648       | 0.7582   |           
170    | 2.6242     | 0.3486     | 1.1367       | 1.1389       | 0.9812     | 0.5730       | 0.9493   |           
180    | 2.6650     | 0.3624     | 1.1579       | 1.1447       | 0.9792     | 0.5553       | 0.9075   |           
190    | 2.6540     | 0.3469     | 1.1536       | 1.1536       | 0.9802     | 0.5181       | 0.9062   |           
200    | 2.7034     | 0.3444     | 1.1899       | 1.1691       | 0.9771     | 0.5096       | 0.9661   |           
210    | 2.7010     | 0.3589     | 1.1926       | 1.1495       | 0.9760     | 0.5020       | 0.8837   |           
220    | 2.7048     | 0.3324     | 1.2249       | 1.1475       | 0.9792     | 0.5530       | 0.8271   |           
230    | 2.6678     | 0.3000     | 1.1947       | 1.1731       | 0.9802     | 0.5148       | 0.8909   |           
240    | 2.7459     | 0.3238     | 1.2370       | 1.1852       | 0.9781     | 0.4582       | 0.9908   |           
250    | 2.7196     | 0.3213     | 1.2193       | 1.1790       | 0.9823     | 0.4644       | 0.9039   |           
260    | 2.7553     | 0.3291     | 1.2638       | 1.1624       | 0.9781     | 0.4585       | 0.8257   |           
270    | 2.7551     | 0.3180     | 1.2644       | 1.1728       | 0.9812     | 0.4689       | 0.9031   |           
280    | 2.7582     | 0.3088     | 1.2501       | 1.1993       | 0.9781     | 0.5598       | 1.0296   |           
290    | 2.7236     | 0.2894     | 1.2563       | 1.1779       | 0.9823     | 0.4131       | 0.8508   | (ADV 0.78)
300    | 2.7779     | 0.3195     | 1.2774       | 1.1810       | 0.9688     | 0.4211       | 1.0132   |           
310    | 2.7285     | 0.2867     | 1.2533       | 1.1885       | 0.9792     | 0.4378       | 1.0286   |           
320    | 2.7771     | 0.2958     | 1.2773       | 1.2041       | 0.9677     | 0.4175       | 0.9217   |           
330    | 2.7767     | 0.2810     | 1.2832       | 1.2124       | 0.9781     | 0.4589       | 0.8195   |           
340    | 2.8312     | 0.3042     | 1.3077       | 1.2194       | 0.9844     | 0.4315       | 0.8882   |           
350    | 2.7974     | 0.2706     | 1.2865       | 1.2403       | 0.9740     | 0.4078       | 1.0328   |           
360    | 2.8080     | 0.2562     | 1.3046       | 1.2472       | 0.9771     | 0.4620       | 0.9617   |           
370    | 2.8257     | 0.2627     | 1.2997       | 1.2633       | 0.9812     | 0.4342       | 0.9981   |           
380    | 2.8253     | 0.2592     | 1.3024       | 1.2636       | 0.9792     | 0.5253       | 1.2515   |           
390    | 2.8208     | 0.2548     | 1.2993       | 1.2667       | 0.9802     | 0.3894       | 0.9240   |           
400    | 2.8247     | 0.2403     | 1.3130       | 1.2713       | 0.9802     | 0.4292       | 0.9426   |           
410    | 2.7779     | 0.2314     | 1.2789       | 1.2677       | 0.9844     | 0.3971       | 0.9014   |           
420    | 2.8411     | 0.2753     | 1.2912       | 1.2746       | 0.9823     | 0.4637       | 0.9495   |           
430    | 2.8158     | 0.2528     | 1.2854       | 1.2775       | 0.9844     | 0.4301       | 1.0589   |           
440    | 2.8095     | 0.2284     | 1.2947       | 1.2863       | 0.9708     | 0.4124       | 0.9208   |           
450    | 2.8322     | 0.2529     | 1.2905       | 1.2888       | 0.9760     | 0.3169       | 0.9294   |           
460    | 2.8266     | 0.2459     | 1.2995       | 1.2812       | 0.9740     | 0.3562       | 0.8984   |           
470    | 2.8289     | 0.2433     | 1.2999       | 1.2857       | 0.9760     | 0.3101       | 0.8393   |           
480    | 2.8083     | 0.2288     | 1.2909       | 1.2886       | 0.9833     | 0.3136       | 0.7982   |           
490    | 2.8396     | 0.2454     | 1.2974       | 1.2968       | 0.9812     | 0.3138       | 0.8067   |           
500    | 2.8221     | 0.2190     | 1.3002       | 1.3029       | 0.9823     | 0.2455       | 0.8857   | (ADV 0.86)
Seed 1024 | Src Acc: 98.1633 | Src MDE: 0.0266 | Tgt Acc: 36.9388 | Tgt MDE: 0.8857
Finished Combo GeoSPA_1_2. Results saved.
