==========================================
Current Architecture: GeoSPA-Net (Fixed)
mcAPs (Real Anchors): [1, 2, 4] (Indices: [0, 1, 3])
Legacy APs (Virtual): [3] (Indices: [2])
==========================================
>> Training PCN (Stage 2) on Source Domain...
>> Source PCN Training Finished. Huber Loss: 0.0049
>> Training PCN (Stage 2) on Target Domain...
>> Target PCN Training Finished. Huber Loss: 0.0041

Start GeoSPA-Net Training Seed 42...
Epoch  | Total Loss | Tr Cls     | Tr Dom RSSI  | Tr Dom RTT   | Val T Acc  | Val T Entropy | Test MDE
------------------------------------------------------------------------------------------------------------------------
10     | 2.8076     | 0.8847     | 0.9403       | 0.9826       | 0.9865     | 2.8459       | 0.7156   |           
20     | 2.0903     | 0.4782     | 0.8045       | 0.8077       | 0.9906     | 2.0339       | 0.7449   | (ADV -0.03)
30     | 1.9299     | 0.3567     | 0.7751       | 0.7980       | 0.9948     | 1.4958       | 0.6566   |           
40     | 1.8935     | 0.3245     | 0.7816       | 0.7874       | 0.9917     | 1.1940       | 0.7019   |           
50     | 2.0767     | 0.3289     | 0.9143       | 0.8335       | 0.9948     | 0.9714       | 0.7224   | (ADV 0.51)
60     | 2.1859     | 0.3172     | 0.9977       | 0.8709       | 0.9896     | 0.8298       | 0.6103   |           
70     | 2.2949     | 0.3323     | 1.0482       | 0.9144       | 0.9917     | 0.7357       | 0.6877   | (ADV 0.62)
80     | 2.3203     | 0.3136     | 1.0608       | 0.9460       | 0.9927     | 0.6649       | 0.6121   |           
90     | 2.4128     | 0.3240     | 1.0879       | 1.0010       | 0.9865     | 0.6408       | 0.5512   |           
100    | 2.4855     | 0.3380     | 1.1470       | 1.0006       | 0.9865     | 0.5734       | 0.5870   |           
110    | 2.4588     | 0.3151     | 1.1221       | 1.0216       | 0.9927     | 0.5266       | 0.6036   |           
120    | 2.4942     | 0.2952     | 1.1664       | 1.0326       | 0.9948     | 0.4967       | 0.6361   |           
130    | 2.5801     | 0.3438     | 1.1729       | 1.0634       | 0.9917     | 0.5256       | 0.5299   |           
140    | 2.5659     | 0.3084     | 1.1649       | 1.0926       | 0.9917     | 0.4624       | 0.4523   |           
150    | 2.6572     | 0.3172     | 1.2318       | 1.1082       | 0.9885     | 0.4750       | 0.4879   |           
160    | 2.7094     | 0.3226     | 1.2272       | 1.1596       | 0.9896     | 0.4717       | 0.5602   |           
170    | 2.6830     | 0.3107     | 1.2283       | 1.1440       | 0.9979     | 0.4452       | 0.6250   | (ADV 0.78)
180    | 2.6754     | 0.2797     | 1.2413       | 1.1544       | 0.9938     | 0.4460       | 0.6210   |           
190    | 2.7741     | 0.3241     | 1.2531       | 1.1970       | 0.9917     | 0.4977       | 0.7133   |           
200    | 2.6732     | 0.2687     | 1.2525       | 1.1520       | 0.9948     | 0.4389       | 0.5758   |           
210    | 2.6770     | 0.2652     | 1.2418       | 1.1700       | 0.9927     | 0.3826       | 0.6485   | (ADV 0.80)
220    | 2.6952     | 0.2517     | 1.2685       | 1.1750       | 0.9927     | 0.4188       | 0.5894   |           
230    | 2.7495     | 0.2634     | 1.2702       | 1.2159       | 0.9917     | 0.3513       | 0.6686   |           
240    | 2.7831     | 0.2541     | 1.2869       | 1.2420       | 0.9958     | 0.3590       | 0.7288   |           
250    | 2.7506     | 0.2311     | 1.3020       | 1.2176       | 0.9958     | 0.3438       | 0.5918   |           
260    | 2.7633     | 0.2315     | 1.2860       | 1.2459       | 0.9938     | 0.2984       | 0.5790   |           
270    | 2.7494     | 0.2240     | 1.2749       | 1.2505       | 0.9885     | 0.3432       | 0.5930   |           
280    | 2.7520     | 0.2141     | 1.2828       | 1.2551       | 0.9927     | 0.3338       | 0.5956   |           
290    | 2.7931     | 0.2128     | 1.3121       | 1.2681       | 0.9948     | 0.2945       | 0.6041   |           
300    | 2.7722     | 0.2226     | 1.3080       | 1.2416       | 0.9917     | 0.3119       | 0.6584   |           
310    | 2.8044     | 0.2226     | 1.3110       | 1.2708       | 0.9885     | 0.2913       | 0.7443   |           
320    | 2.7663     | 0.1932     | 1.3117       | 1.2615       | 0.9948     | 0.2755       | 0.6929   |           
330    | 2.7822     | 0.2048     | 1.3096       | 1.2678       | 0.9948     | 0.3021       | 0.6398   |           
340    | 2.7520     | 0.1849     | 1.3033       | 1.2638       | 0.9875     | 0.2615       | 0.6314   |           
350    | 2.7716     | 0.1973     | 1.3141       | 1.2602       | 0.9948     | 0.2740       | 0.6414   |           
360    | 2.7527     | 0.1679     | 1.3132       | 1.2716       | 0.9938     | 0.2968       | 0.6637   |           
370    | 2.7705     | 0.1750     | 1.3213       | 1.2742       | 0.9885     | 0.2848       | 0.6803   |           
380    | 2.7714     | 0.1876     | 1.3131       | 1.2708       | 0.9948     | 0.3025       | 0.6988   |           
390    | 2.7974     | 0.1774     | 1.3393       | 1.2808       | 0.9948     | 0.2789       | 0.6807   |           
400    | 2.7977     | 0.1868     | 1.3311       | 1.2798       | 0.9927     | 0.2550       | 0.6940   |           
410    | 2.7904     | 0.1659     | 1.3404       | 1.2841       | 0.9938     | 0.2467       | 0.6556   |           
420    | 2.8442     | 0.1854     | 1.3610       | 1.2978       | 0.9938     | 0.2787       | 0.6640   |           
430    | 2.8077     | 0.1877     | 1.3371       | 1.2829       | 0.9958     | 0.2648       | 0.6312   |           
440    | 2.7930     | 0.1594     | 1.3453       | 1.2884       | 0.9927     | 0.2166       | 0.6575   |           
450    | 2.7867     | 0.1566     | 1.3402       | 1.2898       | 0.9958     | 0.2535       | 0.6845   |           
460    | 2.7930     | 0.1571     | 1.3395       | 1.2964       | 0.9896     | 0.2353       | 0.5805   |           
470    | 2.8179     | 0.1686     | 1.3409       | 1.3084       | 0.9938     | 0.2630       | 0.6989   |           
480    | 2.7788     | 0.1363     | 1.3489       | 1.2936       | 0.9917     | 0.2533       | 0.7193   |           
490    | 2.8184     | 0.1814     | 1.3424       | 1.2946       | 0.9938     | 0.2508       | 0.7102   |           
500    | 2.8116     | 0.1693     | 1.3459       | 1.2964       | 0.9948     | 0.2463       | 0.6425   |           
Seed 42 | Src Acc: 98.5714 | Src MDE: 0.0198 | Tgt Acc: 41.6327 | Tgt MDE: 0.6676
>> Training PCN (Stage 2) on Source Domain...
>> Source PCN Training Finished. Huber Loss: 0.0050
>> Training PCN (Stage 2) on Target Domain...
>> Target PCN Training Finished. Huber Loss: 0.0043

Start GeoSPA-Net Training Seed 67...
Epoch  | Total Loss | Tr Cls     | Tr Dom RSSI  | Tr Dom RTT   | Val T Acc  | Val T Entropy | Test MDE
------------------------------------------------------------------------------------------------------------------------
10     | 2.7979     | 0.8918     | 0.9742       | 0.9318       | 0.9781     | 2.8120       | 0.6670   |           
20     | 2.1131     | 0.4879     | 0.8258       | 0.7994       | 0.9844     | 1.9864       | 0.6925   | (ADV -0.01)
30     | 2.0296     | 0.3823     | 0.7852       | 0.8622       | 0.9896     | 1.3797       | 0.6565   | (ADV 0.30)
40     | 1.9688     | 0.3358     | 0.7989       | 0.8342       | 0.9802     | 1.0405       | 0.6082   | (ADV 0.46)
50     | 2.0418     | 0.3256     | 0.8610       | 0.8553       | 0.9823     | 0.8703       | 0.5709   | (ADV 0.55)
60     | 2.1625     | 0.3022     | 0.9522       | 0.9081       | 0.9833     | 0.7999       | 0.5506   |           
70     | 2.3825     | 0.3429     | 1.0622       | 0.9775       | 0.9802     | 0.6683       | 0.5577   | (ADV 0.65)
80     | 2.3311     | 0.3084     | 1.0357       | 0.9870       | 0.9844     | 0.6498       | 0.5762   | (ADV 0.66)
90     | 2.3488     | 0.3075     | 1.0386       | 1.0027       | 0.9844     | 0.6205       | 0.5215   |           
100    | 2.4384     | 0.3167     | 1.0636       | 1.0581       | 0.9833     | 0.6107       | 0.5655   |           
110    | 2.4600     | 0.3157     | 1.0901       | 1.0542       | 0.9885     | 0.5750       | 0.5629   |           
120    | 2.5085     | 0.2989     | 1.1282       | 1.0814       | 0.9792     | 0.5209       | 0.5718   |           
130    | 2.5757     | 0.3008     | 1.1610       | 1.1140       | 0.9781     | 0.4982       | 0.6204   |           
140    | 2.5778     | 0.2931     | 1.1838       | 1.1009       | 0.9844     | 0.4527       | 0.5786   | (ADV 0.76)
150    | 2.5980     | 0.2914     | 1.1995       | 1.1070       | 0.9802     | 0.4198       | 0.4898   |           
160    | 2.6259     | 0.2961     | 1.2047       | 1.1251       | 0.9719     | 0.4764       | 0.6268   |           
170    | 2.6576     | 0.2760     | 1.2272       | 1.1545       | 0.9802     | 0.4632       | 0.6579   |           
180    | 2.7038     | 0.2922     | 1.2068       | 1.2048       | 0.9771     | 0.5157       | 0.6383   |           
190    | 2.7146     | 0.2663     | 1.2671       | 1.1812       | 0.9812     | 0.4729       | 0.6102   |           
200    | 2.6789     | 0.2649     | 1.2333       | 1.1808       | 0.9740     | 0.4816       | 0.6857   |           
210    | 2.7100     | 0.2479     | 1.2676       | 1.1944       | 0.9823     | 0.3986       | 0.5795   |           
220    | 2.7120     | 0.2233     | 1.2875       | 1.2012       | 0.9865     | 0.4160       | 0.7065   |           
230    | 2.7006     | 0.2181     | 1.2810       | 1.2014       | 0.9833     | 0.3911       | 0.5819   |           
240    | 2.7619     | 0.2384     | 1.3118       | 1.2116       | 0.9802     | 0.3637       | 0.5897   |           
250    | 2.7495     | 0.2264     | 1.3164       | 1.2068       | 0.9854     | 0.3315       | 0.5862   |           
260    | 2.7407     | 0.2035     | 1.3204       | 1.2168       | 0.9896     | 0.4145       | 0.6432   |           
270    | 2.7425     | 0.1985     | 1.3115       | 1.2325       | 0.9854     | 0.3021       | 0.6516   |           
280    | 2.7459     | 0.1958     | 1.3271       | 1.2230       | 0.9865     | 0.3171       | 0.6158   |           
290    | 2.7809     | 0.1914     | 1.3330       | 1.2565       | 0.9854     | 0.4035       | 0.7025   |           
300    | 2.7942     | 0.1870     | 1.3308       | 1.2764       | 0.9854     | 0.3818       | 0.7046   |           
310    | 2.8047     | 0.1833     | 1.3389       | 1.2824       | 0.9854     | 0.4257       | 0.5956   |           
320    | 2.8184     | 0.1901     | 1.3394       | 1.2889       | 0.9854     | 0.3186       | 0.6184   |           
330    | 2.8043     | 0.2047     | 1.3321       | 1.2674       | 0.9854     | 0.3603       | 0.6387   |           
340    | 2.8150     | 0.1958     | 1.3361       | 1.2831       | 0.9865     | 0.2805       | 0.6596   |           
350    | 2.8224     | 0.1852     | 1.3409       | 1.2963       | 0.9865     | 0.3426       | 0.7011   |           
360    | 2.8038     | 0.1736     | 1.3422       | 1.2880       | 0.9875     | 0.3345       | 0.6541   |           
370    | 2.8014     | 0.1681     | 1.3375       | 1.2957       | 0.9844     | 0.2803       | 0.7138   |           
380    | 2.7964     | 0.1836     | 1.3386       | 1.2742       | 0.9875     | 0.2780       | 0.6740   |           
390    | 2.7888     | 0.1596     | 1.3342       | 1.2951       | 0.9875     | 0.3221       | 0.6759   |           
400    | 2.8151     | 0.1855     | 1.3371       | 1.2924       | 0.9885     | 0.2927       | 0.5832   |           
410    | 2.7966     | 0.1740     | 1.3426       | 1.2800       | 0.9865     | 0.2866       | 0.6171   |           
420    | 2.7891     | 0.1440     | 1.3424       | 1.3026       | 0.9865     | 0.3022       | 0.7041   |           
430    | 2.7654     | 0.1399     | 1.3305       | 1.2950       | 0.9792     | 0.2873       | 0.6571   |           
440    | 2.7849     | 0.1555     | 1.3377       | 1.2916       | 0.9833     | 0.2975       | 0.6895   |           
450    | 2.7668     | 0.1368     | 1.3394       | 1.2906       | 0.9844     | 0.2967       | 0.6241   |           
460    | 2.7890     | 0.1406     | 1.3493       | 1.2990       | 0.9844     | 0.2662       | 0.7150   |           
470    | 2.7927     | 0.1620     | 1.3339       | 1.2968       | 0.9833     | 0.2680       | 0.5809   |           
480    | 2.7816     | 0.1374     | 1.3550       | 1.2892       | 0.9854     | 0.2368       | 0.5452   |           
490    | 2.7744     | 0.1341     | 1.3440       | 1.2962       | 0.9906     | 0.2218       | 0.6795   | (ADV 0.88)
500    | 2.7696     | 0.1391     | 1.3423       | 1.2882       | 0.9802     | 0.2714       | 0.6022   |           
Seed 67 | Src Acc: 99.2857 | Src MDE: 0.0070 | Tgt Acc: 39.4898 | Tgt MDE: 0.6795
>> Training PCN (Stage 2) on Source Domain...
>> Source PCN Training Finished. Huber Loss: 0.0046
>> Training PCN (Stage 2) on Target Domain...
>> Target PCN Training Finished. Huber Loss: 0.0041

Start GeoSPA-Net Training Seed 1024...
Epoch  | Total Loss | Tr Cls     | Tr Dom RSSI  | Tr Dom RTT   | Val T Acc  | Val T Entropy | Test MDE
------------------------------------------------------------------------------------------------------------------------
10     | 2.9883     | 0.9448     | 0.9958       | 1.0476       | 0.9823     | 2.8784       | 0.6921   |           
20     | 2.1782     | 0.4940     | 0.7990       | 0.8851       | 0.9875     | 2.0015       | 0.6047   | (ADV -0.01)
30     | 1.9035     | 0.3672     | 0.7104       | 0.8259       | 0.9896     | 1.3526       | 0.5753   | (ADV 0.31)
40     | 2.0282     | 0.3355     | 0.8113       | 0.8814       | 0.9885     | 1.0551       | 0.5864   |           
50     | 2.1167     | 0.3276     | 0.8534       | 0.9357       | 0.9896     | 0.8153       | 0.6153   |           
60     | 2.2251     | 0.3394     | 0.9318       | 0.9539       | 0.9885     | 0.6401       | 0.6092   | (ADV 0.67)
70     | 2.2453     | 0.3322     | 0.9622       | 0.9508       | 0.9885     | 0.6509       | 0.6292   |           
80     | 2.3401     | 0.3183     | 0.9925       | 1.0293       | 0.9823     | 0.5353       | 0.5920   | (ADV 0.71)
90     | 2.3712     | 0.3160     | 1.0148       | 1.0404       | 0.9885     | 0.5848       | 0.6101   |           
100    | 2.3721     | 0.2992     | 1.0394       | 1.0336       | 0.9885     | 0.5618       | 0.5112   |           
110    | 2.4378     | 0.2870     | 1.0935       | 1.0573       | 0.9865     | 0.5314       | 0.5230   |           
120    | 2.4938     | 0.3031     | 1.1172       | 1.0736       | 0.9792     | 0.5354       | 0.5412   |           
130    | 2.6408     | 0.3306     | 1.1511       | 1.1592       | 0.9823     | 0.5569       | 0.5327   |           
140    | 2.6284     | 0.3189     | 1.1866       | 1.1229       | 0.9844     | 0.5251       | 0.5299   |           
150    | 2.5643     | 0.2810     | 1.1946       | 1.0887       | 0.9865     | 0.5087       | 0.5479   |           
160    | 2.6357     | 0.2872     | 1.2228       | 1.1257       | 0.9812     | 0.4909       | 0.5412   |           
170    | 2.6717     | 0.2730     | 1.2370       | 1.1617       | 0.9854     | 0.4562       | 0.5335   |           
180    | 2.6489     | 0.2856     | 1.2251       | 1.1382       | 0.9740     | 0.4277       | 0.5861   |           
190    | 2.6680     | 0.2739     | 1.2328       | 1.1613       | 0.9844     | 0.4436       | 0.6881   |           
200    | 2.7121     | 0.2905     | 1.2565       | 1.1651       | 0.9854     | 0.4271       | 0.6436   |           
210    | 2.7446     | 0.2888     | 1.2689       | 1.1870       | 0.9854     | 0.4128       | 0.8182   |           
220    | 2.7466     | 0.2725     | 1.2840       | 1.1901       | 0.9823     | 0.4397       | 0.7926   |           
230    | 2.7031     | 0.2484     | 1.2605       | 1.1942       | 0.9885     | 0.3455       | 0.7143   | (ADV 0.82)
240    | 2.7149     | 0.2385     | 1.2747       | 1.2018       | 0.9865     | 0.4640       | 0.6842   |           
250    | 2.6887     | 0.2295     | 1.2626       | 1.1966       | 0.9885     | 0.3894       | 0.5627   |           
260    | 2.7227     | 0.2525     | 1.2810       | 1.1893       | 0.9865     | 0.4089       | 0.6175   |           
270    | 2.7250     | 0.2337     | 1.2845       | 1.2068       | 0.9896     | 0.3700       | 0.7205   |           
280    | 2.7358     | 0.2012     | 1.3017       | 1.2329       | 0.9906     | 0.3668       | 0.6578   |           
290    | 2.7609     | 0.2191     | 1.2970       | 1.2448       | 0.9875     | 0.3684       | 0.6652   |           
300    | 2.7760     | 0.2174     | 1.3093       | 1.2493       | 0.9854     | 0.3961       | 0.8430   |           
310    | 2.8246     | 0.2241     | 1.3292       | 1.2713       | 0.9844     | 0.3816       | 0.7274   |           
320    | 2.8044     | 0.2096     | 1.3259       | 1.2689       | 0.9812     | 0.3871       | 0.6954   |           
330    | 2.8176     | 0.2040     | 1.3394       | 1.2742       | 0.9865     | 0.3413       | 0.6014   |           
340    | 2.8372     | 0.2068     | 1.3182       | 1.3122       | 0.9823     | 0.3364       | 0.5902   |           
350    | 2.7753     | 0.1796     | 1.3182       | 1.2775       | 0.9854     | 0.3361       | 0.6385   |           
360    | 2.7930     | 0.1796     | 1.3365       | 1.2769       | 0.9875     | 0.3631       | 0.6727   |           
370    | 2.7978     | 0.1745     | 1.3429       | 1.2804       | 0.9917     | 0.3493       | 0.7666   |           
380    | 2.8033     | 0.1736     | 1.3356       | 1.2940       | 0.9885     | 0.3380       | 0.6426   |           
390    | 2.8086     | 0.1763     | 1.3224       | 1.3099       | 0.9844     | 0.3515       | 0.6940   |           
400    | 2.8238     | 0.1885     | 1.3316       | 1.3037       | 0.9875     | 0.3183       | 0.6287   |           
410    | 2.8274     | 0.1786     | 1.3363       | 1.3125       | 0.9823     | 0.2668       | 0.6676   |           
420    | 2.8123     | 0.1635     | 1.3406       | 1.3081       | 0.9906     | 0.2732       | 0.7465   |           
430    | 2.8079     | 0.1696     | 1.3324       | 1.3060       | 0.9865     | 0.2835       | 0.7025   |           
440    | 2.7844     | 0.1513     | 1.3391       | 1.2940       | 0.9875     | 0.2564       | 0.7400   |           
450    | 2.8260     | 0.1661     | 1.3459       | 1.3141       | 0.9906     | 0.2774       | 0.6341   |           
460    | 2.7914     | 0.1531     | 1.3346       | 1.3037       | 0.9896     | 0.2700       | 0.6579   |           
470    | 2.7994     | 0.1514     | 1.3345       | 1.3136       | 0.9833     | 0.2319       | 0.6831   |           
480    | 2.8044     | 0.1611     | 1.3370       | 1.3063       | 0.9865     | 0.2251       | 0.6688   |           
490    | 2.8326     | 0.1651     | 1.3400       | 1.3274       | 0.9844     | 0.2555       | 0.7906   |           
500    | 2.8474     | 0.1847     | 1.3428       | 1.3198       | 0.9875     | 0.2525       | 0.6688   |           
Seed 1024 | Src Acc: 98.1633 | Src MDE: 0.0215 | Tgt Acc: 48.4694 | Tgt MDE: 0.7019
Finished Combo GeoSPA_1_2_4. Results saved.
