==========================================
Current Architecture: GeoSPA-Net (Fixed)
mcAPs (Real Anchors): [1, 3] (Indices: [0, 2])
Legacy APs (Virtual): [2, 4] (Indices: [1, 3])
==========================================
>> Training PCN (Stage 2) on Source Domain...
>> Source PCN Training Finished. Huber Loss: 0.0045
>> Training PCN (Stage 2) on Target Domain...
>> Target PCN Training Finished. Huber Loss: 0.0048

Start GeoSPA-Net Training Seed 42...
Epoch  | Total Loss | Tr Cls     | Tr Dom RSSI  | Tr Dom RTT   | Val T Acc  | Val T Entropy | Test MDE
------------------------------------------------------------------------------------------------------------------------
10     | 3.3069     | 1.0811     | 1.0072       | 1.2187       | 0.9531     | 2.5862       | 0.7970   |           
20     | 2.5569     | 0.6348     | 0.8560       | 1.0661       | 0.9625     | 1.8209       | 0.8144   | (ADV 0.05)
30     | 2.3266     | 0.5018     | 0.8065       | 1.0183       | 0.9646     | 1.4660       | 0.6572   | (ADV 0.23)
40     | 2.2751     | 0.4562     | 0.8259       | 0.9930       | 0.9656     | 1.1799       | 0.7350   | (ADV 0.38)
50     | 2.2905     | 0.4369     | 0.8527       | 1.0008       | 0.9698     | 1.0201       | 0.7752   | (ADV 0.46)
60     | 2.3781     | 0.4128     | 0.9424       | 1.0228       | 0.9740     | 0.9366       | 0.8238   |           
70     | 2.4630     | 0.4065     | 0.9927       | 1.0638       | 0.9667     | 0.8267       | 0.7537   |           
80     | 2.5036     | 0.3996     | 0.9823       | 1.1217       | 0.9646     | 0.7845       | 0.8198   |           
90     | 2.5385     | 0.4178     | 1.0312       | 1.0895       | 0.9750     | 0.7628       | 0.7443   |           
100    | 2.5910     | 0.4018     | 1.0644       | 1.1247       | 0.9708     | 0.6618       | 0.8047   |           
110    | 2.6133     | 0.4216     | 1.0800       | 1.1117       | 0.9615     | 0.7148       | 0.8205   |           
120    | 2.6304     | 0.4049     | 1.0927       | 1.1328       | 0.9771     | 0.6926       | 0.7876   |           
130    | 2.6534     | 0.4182     | 1.1046       | 1.1307       | 0.9646     | 0.6169       | 0.6917   |           
140    | 2.7176     | 0.4207     | 1.1644       | 1.1326       | 0.9708     | 0.6020       | 0.8230   |           
150    | 2.7308     | 0.4045     | 1.1630       | 1.1632       | 0.9656     | 0.5975       | 0.8411   |           
160    | 2.7831     | 0.4287     | 1.1712       | 1.1832       | 0.9667     | 0.6122       | 0.9155   |           
170    | 2.7352     | 0.3818     | 1.1854       | 1.1681       | 0.9604     | 0.5847       | 0.8351   |           
180    | 2.8204     | 0.4219     | 1.2213       | 1.1771       | 0.9646     | 0.5234       | 0.7970   | (ADV 0.70)
190    | 2.7479     | 0.3806     | 1.1910       | 1.1763       | 0.9667     | 0.5628       | 0.8461   |           
200    | 2.7658     | 0.3846     | 1.1950       | 1.1861       | 0.9563     | 0.5334       | 0.8680   |           
210    | 2.7889     | 0.3798     | 1.2063       | 1.2028       | 0.9708     | 0.5214       | 0.6762   |           
220    | 2.8240     | 0.3906     | 1.2280       | 1.2054       | 0.9719     | 0.5084       | 0.7368   | (ADV 0.72)
230    | 2.8354     | 0.3825     | 1.2232       | 1.2297       | 0.9719     | 0.5151       | 0.8348   |           
240    | 2.8292     | 0.3672     | 1.2188       | 1.2432       | 0.9635     | 0.4634       | 0.7353   | (ADV 0.73)
250    | 2.7960     | 0.3558     | 1.2173       | 1.2228       | 0.9708     | 0.4573       | 0.7191   | (ADV 0.74)
260    | 2.8426     | 0.3699     | 1.2555       | 1.2173       | 0.9708     | 0.5020       | 0.7479   |           
270    | 2.8006     | 0.3372     | 1.2431       | 1.2203       | 0.9708     | 0.4149       | 0.7237   | (ADV 0.76)
280    | 2.7857     | 0.3309     | 1.2392       | 1.2156       | 0.9521     | 0.3667       | 0.6963   | (ADV 0.77)
290    | 2.8609     | 0.3638     | 1.2633       | 1.2338       | 0.9646     | 0.4756       | 0.7000   |           
300    | 2.8393     | 0.3327     | 1.2472       | 1.2594       | 0.9760     | 0.4147       | 0.7071   |           
310    | 2.8842     | 0.3596     | 1.2643       | 1.2603       | 0.9688     | 0.4256       | 0.6668   |           
320    | 2.8931     | 0.3662     | 1.2795       | 1.2474       | 0.9635     | 0.4187       | 0.6673   |           
330    | 2.8935     | 0.3409     | 1.2857       | 1.2670       | 0.9688     | 0.4394       | 0.7717   |           
340    | 2.8639     | 0.3263     | 1.2768       | 1.2608       | 0.9625     | 0.4194       | 0.7451   |           
350    | 2.9265     | 0.3405     | 1.2808       | 1.3052       | 0.9594     | 0.4225       | 0.8444   |           
360    | 2.9510     | 0.3469     | 1.3035       | 1.3006       | 0.9604     | 0.4670       | 0.7482   |           
370    | 2.8989     | 0.3143     | 1.2873       | 1.2974       | 0.9677     | 0.4285       | 0.8342   |           
380    | 2.9285     | 0.3206     | 1.2970       | 1.3109       | 0.9760     | 0.4538       | 0.6871   |           
390    | 2.9167     | 0.3190     | 1.2961       | 1.3016       | 0.9615     | 0.4043       | 0.8037   |           
400    | 2.9261     | 0.3218     | 1.2995       | 1.3048       | 0.9563     | 0.3276       | 0.7627   |           
410    | 2.9195     | 0.3167     | 1.3070       | 1.2958       | 0.9635     | 0.3792       | 0.8421   |           
420    | 2.9093     | 0.3072     | 1.3072       | 1.2949       | 0.9760     | 0.3720       | 0.8411   |           
430    | 2.9259     | 0.3093     | 1.3081       | 1.3086       | 0.9688     | 0.4048       | 0.7989   |           
440    | 2.9065     | 0.3047     | 1.3037       | 1.2981       | 0.9635     | 0.3519       | 0.7741   |           
450    | 2.8733     | 0.2761     | 1.3082       | 1.2890       | 0.9604     | 0.3434       | 0.7793   |           
460    | 2.9025     | 0.2909     | 1.3079       | 1.3037       | 0.9677     | 0.3109       | 0.8284   |           
470    | 3.0042     | 0.3329     | 1.3071       | 1.3642       | 0.9656     | 0.3453       | 0.8040   |           
480    | 2.9175     | 0.2825     | 1.3180       | 1.3170       | 0.9698     | 0.3242       | 0.8030   |           
490    | 2.9502     | 0.3298     | 1.2941       | 1.3263       | 0.9708     | 0.3325       | 0.8306   |           
500    | 2.9298     | 0.3038     | 1.3170       | 1.3091       | 0.9646     | 0.3600       | 0.8880   |           
Seed 42 | Src Acc: 96.0204 | Src MDE: 0.0795 | Tgt Acc: 44.5918 | Tgt MDE: 0.7493
>> Training PCN (Stage 2) on Source Domain...
>> Source PCN Training Finished. Huber Loss: 0.0044
>> Training PCN (Stage 2) on Target Domain...
>> Target PCN Training Finished. Huber Loss: 0.0040

Start GeoSPA-Net Training Seed 67...
Epoch  | Total Loss | Tr Cls     | Tr Dom RSSI  | Tr Dom RTT   | Val T Acc  | Val T Entropy | Test MDE
------------------------------------------------------------------------------------------------------------------------
10     | 3.1398     | 1.0001     | 0.9828       | 1.1569       | 0.9531     | 2.6876       | 0.8735   |           
20     | 2.4909     | 0.6433     | 0.8340       | 1.0136       | 0.9427     | 1.9651       | 0.8498   |           
30     | 2.2659     | 0.5001     | 0.7918       | 0.9740       | 0.9729     | 1.4369       | 0.8841   | (ADV 0.25)
40     | 2.2299     | 0.4433     | 0.8247       | 0.9619       | 0.9437     | 1.1695       | 0.8196   |           
50     | 2.2519     | 0.4170     | 0.8961       | 0.9388       | 0.9625     | 0.9644       | 0.7288   |           
60     | 2.3298     | 0.4417     | 0.9150       | 0.9730       | 0.9688     | 0.9498       | 0.7569   |           
70     | 2.4397     | 0.4310     | 0.9819       | 1.0268       | 0.9635     | 0.7937       | 0.7481   | (ADV 0.57)
80     | 2.5339     | 0.4387     | 1.0342       | 1.0610       | 0.9656     | 0.7855       | 0.8245   |           
90     | 2.5258     | 0.4340     | 1.0416       | 1.0502       | 0.9510     | 0.6817       | 0.8420   | (ADV 0.61)
100    | 2.6145     | 0.4275     | 1.0826       | 1.1044       | 0.9583     | 0.7167       | 0.7986   |           
110    | 2.6494     | 0.4182     | 1.0865       | 1.1446       | 0.9625     | 0.7138       | 0.8348   |           
120    | 2.7003     | 0.4455     | 1.1278       | 1.1270       | 0.9615     | 0.6879       | 0.7893   |           
130    | 2.6859     | 0.4363     | 1.1069       | 1.1427       | 0.9531     | 0.5748       | 0.6737   |           
140    | 2.7343     | 0.4035     | 1.1694       | 1.1614       | 0.9542     | 0.5368       | 0.7047   |           
150    | 2.7080     | 0.4262     | 1.1360       | 1.1458       | 0.9469     | 0.5421       | 0.6756   |           
160    | 2.7620     | 0.4189     | 1.1794       | 1.1637       | 0.9698     | 0.5230       | 0.6725   |           
170    | 2.7899     | 0.4118     | 1.2030       | 1.1751       | 0.9437     | 0.6283       | 0.8271   |           
180    | 2.7082     | 0.3656     | 1.1770       | 1.1656       | 0.9500     | 0.5272       | 0.6386   |           
190    | 2.7715     | 0.4015     | 1.1916       | 1.1783       | 0.9615     | 0.5133       | 0.7680   |           
200    | 2.7656     | 0.3945     | 1.2092       | 1.1618       | 0.9656     | 0.4939       | 0.7597   |           
210    | 2.7659     | 0.3744     | 1.2097       | 1.1818       | 0.9563     | 0.4935       | 0.7726   |           
220    | 2.8052     | 0.4010     | 1.2173       | 1.1870       | 0.9500     | 0.5226       | 0.7748   |           
230    | 2.8254     | 0.3959     | 1.2383       | 1.1911       | 0.9635     | 0.4706       | 0.7257   |           
240    | 2.8323     | 0.3916     | 1.2209       | 1.2198       | 0.9458     | 0.4185       | 0.6367   |           
250    | 2.8185     | 0.3847     | 1.2417       | 1.1921       | 0.9604     | 0.4629       | 0.7171   |           
260    | 2.8326     | 0.3532     | 1.2386       | 1.2407       | 0.9594     | 0.4530       | 0.7450   |           
270    | 2.8336     | 0.3620     | 1.2403       | 1.2313       | 0.9625     | 0.4699       | 0.7274   |           
280    | 2.8600     | 0.3841     | 1.2446       | 1.2313       | 0.9604     | 0.4767       | 0.7599   |           
290    | 2.7893     | 0.3430     | 1.2169       | 1.2294       | 0.9583     | 0.4143       | 0.6562   |           
300    | 2.8002     | 0.3285     | 1.2431       | 1.2287       | 0.9698     | 0.4556       | 0.6931   |           
310    | 2.8452     | 0.3537     | 1.2426       | 1.2489       | 0.9667     | 0.4551       | 0.8018   |           
320    | 2.8435     | 0.3352     | 1.2484       | 1.2599       | 0.9698     | 0.4191       | 0.7444   |           
330    | 2.8516     | 0.3424     | 1.2571       | 1.2521       | 0.9635     | 0.3745       | 0.7591   |           
340    | 2.9423     | 0.3730     | 1.2849       | 1.2844       | 0.9406     | 0.3930       | 0.7128   |           
350    | 2.8595     | 0.3318     | 1.2501       | 1.2776       | 0.9604     | 0.3778       | 0.7687   |           
360    | 2.8723     | 0.3091     | 1.2859       | 1.2773       | 0.9646     | 0.3692       | 0.8893   |           
370    | 2.8825     | 0.3145     | 1.2833       | 1.2847       | 0.9594     | 0.4451       | 0.6975   |           
380    | 2.8889     | 0.3271     | 1.2706       | 1.2912       | 0.9688     | 0.4379       | 0.8158   |           
390    | 2.9211     | 0.3143     | 1.3007       | 1.3061       | 0.9656     | 0.3684       | 0.9150   |           
400    | 2.9012     | 0.3024     | 1.2924       | 1.3064       | 0.9708     | 0.4004       | 0.9247   |           
410    | 2.8827     | 0.2912     | 1.3029       | 1.2885       | 0.9719     | 0.3592       | 0.7722   | (ADV 0.79)
420    | 2.8744     | 0.2847     | 1.2978       | 1.2919       | 0.9677     | 0.4591       | 0.8364   |           
430    | 2.8804     | 0.2929     | 1.2975       | 1.2900       | 0.9719     | 0.3958       | 0.7192   |           
440    | 2.8763     | 0.2819     | 1.2969       | 1.2975       | 0.9688     | 0.4287       | 0.7458   |           
450    | 2.9176     | 0.3003     | 1.3205       | 1.2968       | 0.9469     | 0.3200       | 0.8369   |           
460    | 2.9105     | 0.2921     | 1.3140       | 1.3043       | 0.9667     | 0.3956       | 0.8059   |           
470    | 2.8701     | 0.2691     | 1.3071       | 1.2938       | 0.9615     | 0.3317       | 0.8004   |           
480    | 2.8743     | 0.2777     | 1.2941       | 1.3025       | 0.9635     | 0.3885       | 0.7835   |           
490    | 2.8615     | 0.2653     | 1.3043       | 1.2919       | 0.9688     | 0.4066       | 0.8727   |           
500    | 2.9123     | 0.2995     | 1.3156       | 1.2972       | 0.9667     | 0.3995       | 0.7048   |           
Seed 67 | Src Acc: 97.7551 | Src MDE: 0.0312 | Tgt Acc: 39.5918 | Tgt MDE: 0.8617
>> Training PCN (Stage 2) on Source Domain...
>> Source PCN Training Finished. Huber Loss: 0.0037
>> Training PCN (Stage 2) on Target Domain...
>> Target PCN Training Finished. Huber Loss: 0.0031

Start GeoSPA-Net Training Seed 1024...
Epoch  | Total Loss | Tr Cls     | Tr Dom RSSI  | Tr Dom RTT   | Val T Acc  | Val T Entropy | Test MDE
------------------------------------------------------------------------------------------------------------------------
10     | 3.2878     | 1.0778     | 1.0147       | 1.1953       | 0.9542     | 2.7296       | 0.9676   |           
20     | 2.5331     | 0.6321     | 0.8387       | 1.0622       | 0.9583     | 1.9432       | 0.8828   | (ADV -0.01)
30     | 2.2433     | 0.5015     | 0.7596       | 0.9823       | 0.9635     | 1.5012       | 0.9569   | (ADV 0.21)
40     | 2.2504     | 0.4693     | 0.8129       | 0.9683       | 0.9583     | 1.2179       | 0.9863   |           
50     | 2.3188     | 0.4434     | 0.8635       | 1.0118       | 0.9583     | 1.0649       | 0.8730   |           
60     | 2.4205     | 0.4387     | 0.9138       | 1.0680       | 0.9563     | 0.8726       | 0.8714   | (ADV 0.52)
70     | 2.4040     | 0.4235     | 0.9178       | 1.0628       | 0.9646     | 0.8422       | 0.9301   |           
80     | 2.4321     | 0.4272     | 0.9566       | 1.0482       | 0.9552     | 0.7467       | 0.9082   |           
90     | 2.4674     | 0.4279     | 0.9604       | 1.0791       | 0.9573     | 0.7161       | 0.8581   |           
100    | 2.5457     | 0.4261     | 1.0052       | 1.1145       | 0.9708     | 0.6284       | 0.8242   | (ADV 0.66)
110    | 2.5961     | 0.4425     | 1.0403       | 1.1132       | 0.9646     | 0.6781       | 0.8067   |           
120    | 2.6354     | 0.4472     | 1.0497       | 1.1386       | 0.9688     | 0.5989       | 0.7409   | (ADV 0.67)
130    | 2.6641     | 0.4292     | 1.0726       | 1.1624       | 0.9677     | 0.5663       | 0.8576   |           
140    | 2.6893     | 0.4293     | 1.1036       | 1.1564       | 0.9635     | 0.5036       | 0.7274   | (ADV 0.71)
150    | 2.6631     | 0.3778     | 1.1188       | 1.1665       | 0.9667     | 0.5039       | 0.8375   | (ADV 0.71)
160    | 2.7347     | 0.4105     | 1.1587       | 1.1655       | 0.9573     | 0.4726       | 0.7748   |           
170    | 2.7705     | 0.4213     | 1.1643       | 1.1849       | 0.9573     | 0.4780       | 0.7972   |           
180    | 2.7095     | 0.3848     | 1.1419       | 1.1827       | 0.9635     | 0.5667       | 0.9025   |           
190    | 2.7013     | 0.3478     | 1.1562       | 1.1973       | 0.9594     | 0.5563       | 0.8923   |           
200    | 2.7671     | 0.3915     | 1.1642       | 1.2114       | 0.9583     | 0.5911       | 0.8889   |           
210    | 2.7921     | 0.4146     | 1.1807       | 1.1968       | 0.9604     | 0.4894       | 0.8645   |           
220    | 2.7859     | 0.3843     | 1.2080       | 1.1936       | 0.9625     | 0.4032       | 0.8323   | (ADV 0.76)
230    | 2.7705     | 0.3883     | 1.1991       | 1.1831       | 0.9656     | 0.4521       | 0.8661   |           
240    | 2.7896     | 0.3631     | 1.2241       | 1.2023       | 0.9698     | 0.4769       | 0.8154   |           
250    | 2.8372     | 0.3892     | 1.2151       | 1.2328       | 0.9698     | 0.5464       | 0.8888   |           
260    | 2.8425     | 0.3999     | 1.2240       | 1.2186       | 0.9677     | 0.4690       | 0.7708   |           
270    | 2.8132     | 0.3633     | 1.2134       | 1.2365       | 0.9604     | 0.4742       | 0.8442   |           
280    | 2.8921     | 0.4008     | 1.2533       | 1.2379       | 0.9604     | 0.5212       | 0.7768   |           
290    | 2.7988     | 0.3564     | 1.2287       | 1.2138       | 0.9594     | 0.5268       | 0.7572   |           
300    | 2.8581     | 0.3774     | 1.2442       | 1.2365       | 0.9615     | 0.4843       | 0.9244   |           
310    | 2.8216     | 0.3283     | 1.2497       | 1.2436       | 0.9688     | 0.4874       | 0.9630   |           
320    | 2.7936     | 0.3253     | 1.2275       | 1.2409       | 0.9646     | 0.3923       | 0.7553   |           
330    | 2.9108     | 0.3559     | 1.2765       | 1.2784       | 0.9677     | 0.4132       | 0.7819   |           
340    | 2.8452     | 0.3109     | 1.2635       | 1.2708       | 0.9667     | 0.4068       | 0.7398   |           
350    | 2.8388     | 0.3330     | 1.2690       | 1.2368       | 0.9604     | 0.4026       | 0.6930   |           
360    | 2.8408     | 0.3176     | 1.2698       | 1.2534       | 0.9688     | 0.4592       | 0.7629   |           
370    | 2.8769     | 0.3334     | 1.2827       | 1.2607       | 0.9646     | 0.4354       | 0.7213   |           
380    | 2.8805     | 0.3268     | 1.2787       | 1.2749       | 0.9688     | 0.3520       | 0.7519   | (ADV 0.79)
390    | 2.8649     | 0.3133     | 1.2895       | 1.2621       | 0.9583     | 0.3622       | 0.7014   |           
400    | 2.8699     | 0.3045     | 1.2990       | 1.2664       | 0.9688     | 0.3836       | 0.8011   |           
410    | 2.8465     | 0.2921     | 1.2874       | 1.2670       | 0.9646     | 0.4115       | 0.7208   |           
420    | 2.8915     | 0.3317     | 1.2938       | 1.2660       | 0.9594     | 0.3932       | 0.7053   |           
430    | 2.8873     | 0.3066     | 1.3011       | 1.2796       | 0.9708     | 0.3517       | 0.7902   | (ADV 0.79)
440    | 2.8723     | 0.3044     | 1.2781       | 1.2898       | 0.9729     | 0.3560       | 0.7091   |           
450    | 2.9145     | 0.3094     | 1.2872       | 1.3179       | 0.9656     | 0.3779       | 0.7050   |           
460    | 2.8994     | 0.3023     | 1.3007       | 1.2964       | 0.9698     | 0.3760       | 0.6813   |           
470    | 2.8882     | 0.2936     | 1.2967       | 1.2980       | 0.9688     | 0.3909       | 0.7072   |           
480    | 2.9050     | 0.2888     | 1.3056       | 1.3106       | 0.9792     | 0.3920       | 0.6978   |           
490    | 2.9031     | 0.2785     | 1.3227       | 1.3019       | 0.9719     | 0.3101       | 0.6914   |           
500    | 2.9200     | 0.2970     | 1.3183       | 1.3047       | 0.9625     | 0.3363       | 0.6595   |           
Seed 1024 | Src Acc: 96.5306 | Src MDE: 0.0508 | Tgt Acc: 43.0612 | Tgt MDE: 0.8492
Finished Combo GeoSPA_1_3. Results saved.
