==========================================
Current Architecture: GeoSPA-Net Version 6
mcAPs (Real Anchors): [1, 2, 3, 4] (Indices: [0, 1, 2, 3])
Legacy APs (Virtual): [] (Indices: [])
==========================================
>> Training Multi-Head PCN (Stage 2) on Source Domain for APs: [0, 1, 2, 3]...
>> Source PCN Training Finished. Avg Loss: 0.0179
>> Training Multi-Head PCN (Stage 2) on Target Domain for APs: [0, 1, 2, 3]...
>> Target PCN Training Finished. Avg Loss: 0.0169

Start GeoSPA-Net Training Seed 42...
Epoch  | Total Loss | Tr Cls     | Tr Dom RSSI  | Tr Dom RTT   | Val T Acc  | Val T Entropy | Test MDE
------------------------------------------------------------------------------------------------------------------------
10     | 4.1505     | 1.8769     | 1.1516       | 1.1219       | 0.9177     | 3.2436       | 0.7817   |           
20     | 3.0156     | 1.0658     | 1.0098       | 0.9400       | 0.9583     | 2.4932       | 0.6071   |           
30     | 2.6776     | 0.7468     | 1.0092       | 0.9216       | 0.9885     | 1.9201       | 0.6494   | (ADV 0.03)
40     | 2.4989     | 0.6116     | 0.9837       | 0.9036       | 0.9896     | 1.5734       | 0.6370   |           
50     | 2.4918     | 0.5716     | 1.0093       | 0.9109       | 0.9885     | 1.3166       | 0.6515   | (ADV 0.33)
60     | 2.5772     | 0.5439     | 1.0202       | 1.0131       | 0.9885     | 1.2853       | 0.5884   |           
70     | 2.5498     | 0.4772     | 1.0545       | 1.0181       | 0.9896     | 1.0682       | 0.5715   | (ADV 0.46)
80     | 2.5898     | 0.4759     | 1.0936       | 1.0202       | 0.9896     | 1.0183       | 0.5669   |           
90     | 2.6076     | 0.4387     | 1.1358       | 1.0331       | 0.9906     | 0.9768       | 0.5518   |           
100    | 2.7441     | 0.4818     | 1.1585       | 1.1039       | 0.9854     | 0.8397       | 0.4766   |           
110    | 2.6823     | 0.4404     | 1.1301       | 1.1118       | 0.9885     | 0.7891       | 0.5056   | (ADV 0.59)
120    | 2.7586     | 0.4338     | 1.1764       | 1.1484       | 0.9896     | 0.7120       | 0.5467   | (ADV 0.63)
130    | 2.7179     | 0.3893     | 1.1844       | 1.1442       | 0.9875     | 0.7260       | 0.5739   |           
140    | 2.6886     | 0.3729     | 1.1778       | 1.1379       | 0.9885     | 0.6569       | 0.5658   | (ADV 0.66)
150    | 2.8008     | 0.4431     | 1.1883       | 1.1694       | 0.9885     | 0.6350       | 0.4944   | (ADV 0.67)
160    | 2.7051     | 0.3723     | 1.1942       | 1.1386       | 0.9875     | 0.6829       | 0.6174   |           
170    | 2.7870     | 0.3857     | 1.2226       | 1.1786       | 0.9875     | 0.5936       | 0.5921   |           
180    | 2.7424     | 0.3471     | 1.2116       | 1.1837       | 0.9792     | 0.6088       | 0.4843   |           
190    | 2.8084     | 0.3970     | 1.2208       | 1.1907       | 0.9927     | 0.5545       | 0.5635   |           
200    | 2.7644     | 0.3535     | 1.2094       | 1.2015       | 0.9833     | 0.5853       | 0.5405   |           
210    | 2.7750     | 0.3382     | 1.2475       | 1.1893       | 0.9885     | 0.5685       | 0.5123   |           
220    | 2.7463     | 0.3310     | 1.2339       | 1.1814       | 0.9854     | 0.5208       | 0.5728   |           
230    | 2.7715     | 0.3232     | 1.2382       | 1.2101       | 0.9927     | 0.4963       | 0.5331   |           
240    | 2.7621     | 0.3292     | 1.2515       | 1.1814       | 0.9833     | 0.4948       | 0.5100   |           
250    | 2.7781     | 0.3266     | 1.2458       | 1.2057       | 0.9760     | 0.4860       | 0.5173   |           
260    | 2.8004     | 0.3313     | 1.2622       | 1.2070       | 0.9844     | 0.4639       | 0.5578   |           
270    | 2.7751     | 0.3129     | 1.2422       | 1.2200       | 0.9896     | 0.4620       | 0.5294   |           
280    | 2.8701     | 0.3645     | 1.2672       | 1.2384       | 0.9792     | 0.4092       | 0.5704   |           
290    | 2.7768     | 0.3201     | 1.2405       | 1.2162       | 0.9865     | 0.4139       | 0.4792   |           
300    | 2.8052     | 0.3221     | 1.2547       | 1.2284       | 0.9906     | 0.4243       | 0.4764   |           
310    | 2.8016     | 0.3289     | 1.2575       | 1.2153       | 0.9885     | 0.3743       | 0.5808   |           
320    | 2.7811     | 0.3202     | 1.2558       | 1.2052       | 0.9854     | 0.4264       | 0.6713   |           
330    | 2.7716     | 0.2757     | 1.2412       | 1.2548       | 0.9844     | 0.3531       | 0.5279   |           
340    | 2.8942     | 0.3498     | 1.2482       | 1.2962       | 0.9875     | 0.3622       | 0.4782   |           
350    | 2.8136     | 0.3082     | 1.2744       | 1.2310       | 0.9906     | 0.3779       | 0.5538   |           
360    | 2.8500     | 0.3189     | 1.2971       | 1.2339       | 0.9948     | 0.4153       | 0.5478   |           
370    | 2.8048     | 0.2631     | 1.2827       | 1.2590       | 0.9896     | 0.3417       | 0.5714   |           
380    | 2.7706     | 0.2478     | 1.2712       | 1.2516       | 0.9917     | 0.4034       | 0.6094   |           
390    | 2.8264     | 0.2963     | 1.2701       | 1.2599       | 0.9854     | 0.4246       | 0.6217   |           
400    | 2.7437     | 0.2362     | 1.2693       | 1.2382       | 0.9875     | 0.3165       | 0.5447   |           
410    | 2.8235     | 0.2815     | 1.2941       | 1.2479       | 0.9833     | 0.2808       | 0.5408   | (ADV 0.84)
420    | 2.8046     | 0.2572     | 1.2853       | 1.2621       | 0.9896     | 0.3180       | 0.5321   |           
430    | 2.8540     | 0.2758     | 1.3056       | 1.2726       | 0.9906     | 0.3905       | 0.6049   |           
440    | 2.8400     | 0.2568     | 1.3114       | 1.2719       | 0.9812     | 0.3457       | 0.5187   |           
450    | 2.8443     | 0.2629     | 1.3091       | 1.2723       | 0.9875     | 0.3107       | 0.5504   |           
460    | 2.8247     | 0.2520     | 1.2944       | 1.2782       | 0.9875     | 0.2724       | 0.5414   |           
470    | 2.7923     | 0.2240     | 1.3012       | 1.2672       | 0.9927     | 0.2715       | 0.4437   | (ADV 0.86)
480    | 2.7997     | 0.2433     | 1.3019       | 1.2546       | 0.9875     | 0.3089       | 0.4708   |           
490    | 2.8534     | 0.2759     | 1.3085       | 1.2690       | 0.9875     | 0.3264       | 0.5623   |           
500    | 2.8353     | 0.2396     | 1.3126       | 1.2831       | 0.9844     | 0.3072       | 0.5256   |           
Seed 42 | Src Acc: 98.9796 | Src MDE: 0.0178 | Tgt Acc: 51.8367 | Tgt MDE: 0.4397
>> Training Multi-Head PCN (Stage 2) on Source Domain for APs: [0, 1, 2, 3]...
>> Source PCN Training Finished. Avg Loss: 0.0213
>> Training Multi-Head PCN (Stage 2) on Target Domain for APs: [0, 1, 2, 3]...
>> Target PCN Training Finished. Avg Loss: 0.0172

Start GeoSPA-Net Training Seed 67...
Epoch  | Total Loss | Tr Cls     | Tr Dom RSSI  | Tr Dom RTT   | Val T Acc  | Val T Entropy | Test MDE
------------------------------------------------------------------------------------------------------------------------
10     | 4.0745     | 1.7706     | 1.1606       | 1.1432       | 0.9479     | 3.2185       | 0.6392   |           
20     | 2.9443     | 1.0185     | 1.0277       | 0.8981       | 0.9781     | 2.4193       | 0.5678   | (ADV -0.23)
30     | 2.6366     | 0.7447     | 0.9827       | 0.9092       | 0.9792     | 1.8949       | 0.5367   | (ADV 0.03)
40     | 2.4959     | 0.6134     | 0.9831       | 0.8994       | 0.9833     | 1.5510       | 0.5326   | (ADV 0.21)
50     | 2.4304     | 0.5276     | 1.0059       | 0.8969       | 0.9792     | 1.3784       | 0.5773   |           
60     | 2.3557     | 0.4545     | 0.9927       | 0.9085       | 0.9812     | 1.1450       | 0.5657   | (ADV 0.41)
70     | 2.4427     | 0.4555     | 1.0393       | 0.9479       | 0.9865     | 1.0639       | 0.5844   | (ADV 0.45)
80     | 2.4617     | 0.4227     | 1.0505       | 0.9885       | 0.9854     | 0.9995       | 0.5743   |           
90     | 2.5182     | 0.4406     | 1.0727       | 1.0049       | 0.9896     | 0.9197       | 0.5940   |           
100    | 2.6273     | 0.4312     | 1.1224       | 1.0737       | 0.9802     | 0.9163       | 0.6394   |           
110    | 2.6865     | 0.4089     | 1.1682       | 1.1093       | 0.9792     | 0.7886       | 0.6428   |           
120    | 2.7878     | 0.4356     | 1.1862       | 1.1660       | 0.9802     | 0.8322       | 0.5934   |           
130    | 2.7028     | 0.4088     | 1.1679       | 1.1261       | 0.9823     | 0.7269       | 0.5974   |           
140    | 2.7111     | 0.3806     | 1.2086       | 1.1220       | 0.9760     | 0.6817       | 0.5812   |           
150    | 2.7527     | 0.3970     | 1.2244       | 1.1314       | 0.9854     | 0.6977       | 0.5398   |           
160    | 2.7481     | 0.3672     | 1.2048       | 1.1761       | 0.9844     | 0.6849       | 0.5760   |           
170    | 2.7853     | 0.3980     | 1.2179       | 1.1695       | 0.9854     | 0.6548       | 0.5407   |           
180    | 2.7598     | 0.3605     | 1.2218       | 1.1775       | 0.9823     | 0.6640       | 0.4511   |           
190    | 2.7942     | 0.3945     | 1.2340       | 1.1657       | 0.9854     | 0.5960       | 0.4702   |           
200    | 2.7922     | 0.3691     | 1.2477       | 1.1754       | 0.9833     | 0.5192       | 0.5264   | (ADV 0.72)
210    | 2.7603     | 0.3428     | 1.2384       | 1.1792       | 0.9812     | 0.5559       | 0.5921   |           
220    | 2.8119     | 0.3565     | 1.2633       | 1.1920       | 0.9854     | 0.5084       | 0.5721   |           
230    | 2.8380     | 0.3803     | 1.2641       | 1.1936       | 0.9812     | 0.4967       | 0.4915   |           
240    | 2.7518     | 0.3332     | 1.2409       | 1.1777       | 0.9885     | 0.5255       | 0.4896   |           
250    | 2.7464     | 0.3191     | 1.2539       | 1.1734       | 0.9792     | 0.5262       | 0.5424   |           
260    | 2.8526     | 0.3640     | 1.2710       | 1.2177       | 0.9802     | 0.5458       | 0.5734   |           
270    | 2.7693     | 0.3239     | 1.2589       | 1.1865       | 0.9812     | 0.5052       | 0.6062   |           
280    | 2.7655     | 0.2967     | 1.2376       | 1.2312       | 0.9875     | 0.4982       | 0.5546   |           
290    | 2.7537     | 0.3157     | 1.2437       | 1.1943       | 0.9812     | 0.4793       | 0.5801   |           
300    | 2.7676     | 0.3078     | 1.2540       | 1.2058       | 0.9875     | 0.4207       | 0.5490   |           
310    | 2.7598     | 0.2749     | 1.2576       | 1.2273       | 0.9823     | 0.4185       | 0.5543   |           
320    | 2.8297     | 0.3257     | 1.2762       | 1.2278       | 0.9760     | 0.4786       | 0.5229   |           
330    | 2.7634     | 0.2785     | 1.2541       | 1.2308       | 0.9760     | 0.4027       | 0.6162   |           
340    | 2.7600     | 0.2906     | 1.2642       | 1.2052       | 0.9854     | 0.3730       | 0.5866   |           
350    | 2.8039     | 0.2805     | 1.2740       | 1.2494       | 0.9823     | 0.3407       | 0.5125   |           
360    | 2.8683     | 0.3106     | 1.2897       | 1.2680       | 0.9833     | 0.3846       | 0.4995   |           
370    | 2.7890     | 0.2764     | 1.2701       | 1.2425       | 0.9833     | 0.3698       | 0.5230   |           
380    | 2.7996     | 0.2792     | 1.2647       | 1.2557       | 0.9833     | 0.3548       | 0.5960   |           
390    | 2.8444     | 0.2782     | 1.2975       | 1.2687       | 0.9854     | 0.3163       | 0.5382   |           
400    | 2.7539     | 0.2650     | 1.2576       | 1.2313       | 0.9865     | 0.3574       | 0.5771   |           
410    | 2.7904     | 0.2438     | 1.2954       | 1.2512       | 0.9833     | 0.3322       | 0.5101   |           
420    | 2.7581     | 0.2199     | 1.2823       | 1.2558       | 0.9833     | 0.3210       | 0.5348   |           
430    | 2.8459     | 0.2766     | 1.2781       | 1.2911       | 0.9833     | 0.2859       | 0.4455   |           
440    | 2.7570     | 0.2197     | 1.2847       | 1.2526       | 0.9844     | 0.2986       | 0.5423   |           
450    | 2.7992     | 0.2481     | 1.2884       | 1.2626       | 0.9844     | 0.2871       | 0.4618   |           
460    | 2.8335     | 0.2679     | 1.3013       | 1.2643       | 0.9885     | 0.2807       | 0.4771   |           
470    | 2.8033     | 0.2455     | 1.3046       | 1.2532       | 0.9792     | 0.2426       | 0.4030   |           
480    | 2.8386     | 0.2591     | 1.3118       | 1.2677       | 0.9865     | 0.2449       | 0.4753   |           
490    | 2.7897     | 0.2040     | 1.3094       | 1.2764       | 0.9865     | 0.2260       | 0.4415   | (ADV 0.87)
500    | 2.8000     | 0.2183     | 1.3065       | 1.2752       | 0.9854     | 0.3060       | 0.5162   |           
Seed 67 | Src Acc: 98.7755 | Src MDE: 0.0116 | Tgt Acc: 49.2857 | Tgt MDE: 0.4415
>> Training Multi-Head PCN (Stage 2) on Source Domain for APs: [0, 1, 2, 3]...
>> Source PCN Training Finished. Avg Loss: 0.0162
>> Training Multi-Head PCN (Stage 2) on Target Domain for APs: [0, 1, 2, 3]...
>> Target PCN Training Finished. Avg Loss: 0.0138

Start GeoSPA-Net Training Seed 1024...
Epoch  | Total Loss | Tr Cls     | Tr Dom RSSI  | Tr Dom RTT   | Val T Acc  | Val T Entropy | Test MDE
------------------------------------------------------------------------------------------------------------------------
10     | 4.1646     | 1.9173     | 1.1380       | 1.1093       | 0.9208     | 3.2245       | 0.7121   |           
20     | 2.8980     | 0.9942     | 0.9674       | 0.9363       | 0.9677     | 2.4707       | 0.6768   | (ADV -0.27)
30     | 2.6160     | 0.7700     | 0.9706       | 0.8755       | 0.9792     | 1.9510       | 0.6040   | (ADV 0.00)
40     | 2.4313     | 0.5723     | 0.9676       | 0.8914       | 0.9833     | 1.5801       | 0.6648   |           
50     | 2.4244     | 0.5354     | 1.0043       | 0.8847       | 0.9906     | 1.3619       | 0.6573   | (ADV 0.31)
60     | 2.3673     | 0.4624     | 0.9930       | 0.9119       | 0.9844     | 1.2324       | 0.6773   |           
70     | 2.5454     | 0.4919     | 1.0414       | 1.0121       | 0.9802     | 1.2175       | 0.6733   |           
80     | 2.6066     | 0.4813     | 1.0799       | 1.0454       | 0.9865     | 1.0437       | 0.6857   |           
90     | 2.5718     | 0.4410     | 1.1056       | 1.0252       | 0.9833     | 0.9376       | 0.6325   |           
100    | 2.5814     | 0.4359     | 1.1042       | 1.0413       | 0.9833     | 0.8674       | 0.6164   |           
110    | 2.6310     | 0.4163     | 1.1547       | 1.0600       | 0.9833     | 0.8645       | 0.6957   |           
120    | 2.6451     | 0.4091     | 1.1318       | 1.1042       | 0.9854     | 0.7495       | 0.6554   |           
130    | 2.6895     | 0.4126     | 1.1562       | 1.1208       | 0.9823     | 0.7887       | 0.5905   |           
140    | 2.7526     | 0.4297     | 1.1883       | 1.1346       | 0.9802     | 0.7748       | 0.5379   |           
150    | 2.7572     | 0.4306     | 1.1941       | 1.1325       | 0.9781     | 0.6335       | 0.5691   |           
160    | 2.6871     | 0.3788     | 1.1783       | 1.1301       | 0.9823     | 0.6312       | 0.5130   |           
170    | 2.7390     | 0.3919     | 1.2168       | 1.1303       | 0.9844     | 0.6536       | 0.6482   |           
180    | 2.7387     | 0.3695     | 1.2344       | 1.1348       | 0.9792     | 0.5914       | 0.5756   |           
190    | 2.8420     | 0.4676     | 1.2369       | 1.1375       | 0.9844     | 0.5816       | 0.5255   |           
200    | 2.7363     | 0.3744     | 1.2216       | 1.1404       | 0.9698     | 0.5865       | 0.5812   |           
210    | 2.7812     | 0.3900     | 1.2288       | 1.1624       | 0.9802     | 0.5416       | 0.6041   |           
220    | 2.8088     | 0.3784     | 1.2493       | 1.1811       | 0.9781     | 0.5083       | 0.5925   |           
230    | 2.7477     | 0.3588     | 1.2416       | 1.1473       | 0.9844     | 0.4793       | 0.6664   |           
240    | 2.7651     | 0.3740     | 1.2102       | 1.1810       | 0.9833     | 0.4681       | 0.5193   |           
250    | 2.7562     | 0.3409     | 1.2333       | 1.1820       | 0.9740     | 0.5032       | 0.5865   |           
260    | 2.7335     | 0.3336     | 1.2381       | 1.1618       | 0.9823     | 0.4199       | 0.5787   | (ADV 0.77)
270    | 2.7643     | 0.3311     | 1.2466       | 1.1865       | 0.9760     | 0.4403       | 0.5676   |           
280    | 2.7824     | 0.3299     | 1.2441       | 1.2084       | 0.9812     | 0.4440       | 0.5533   |           
290    | 2.7541     | 0.3189     | 1.2342       | 1.2010       | 0.9865     | 0.4658       | 0.6118   |           
300    | 2.7537     | 0.3258     | 1.2227       | 1.2052       | 0.9844     | 0.4640       | 0.6577   |           
310    | 2.7691     | 0.3107     | 1.2464       | 1.2121       | 0.9792     | 0.3793       | 0.5667   |           
320    | 2.8916     | 0.3723     | 1.2681       | 1.2513       | 0.9792     | 0.4130       | 0.5907   |           
330    | 2.6964     | 0.2728     | 1.2347       | 1.1889       | 0.9844     | 0.3669       | 0.5510   |           
340    | 2.7755     | 0.3055     | 1.2386       | 1.2314       | 0.9844     | 0.3422       | 0.5327   |           
350    | 2.7539     | 0.2980     | 1.2473       | 1.2086       | 0.9844     | 0.3346       | 0.5802   |           
360    | 2.8195     | 0.3188     | 1.2711       | 1.2295       | 0.9865     | 0.3620       | 0.5559   |           
370    | 2.7966     | 0.3119     | 1.2486       | 1.2361       | 0.9854     | 0.3536       | 0.5687   |           
380    | 2.7732     | 0.2913     | 1.2713       | 1.2106       | 0.9802     | 0.3907       | 0.5738   |           
390    | 2.7921     | 0.2851     | 1.2702       | 1.2368       | 0.9833     | 0.3761       | 0.6168   |           
400    | 2.7928     | 0.2767     | 1.2787       | 1.2374       | 0.9823     | 0.3911       | 0.6246   |           
410    | 2.7863     | 0.2682     | 1.2741       | 1.2440       | 0.9844     | 0.3090       | 0.5586   |           
420    | 2.7823     | 0.2559     | 1.2814       | 1.2450       | 0.9844     | 0.3189       | 0.5358   |           
430    | 2.7908     | 0.2464     | 1.2880       | 1.2564       | 0.9729     | 0.3421       | 0.5029   |           
440    | 2.8419     | 0.2887     | 1.2930       | 1.2602       | 0.9792     | 0.3527       | 0.5266   |           
450    | 2.8154     | 0.2698     | 1.2944       | 1.2513       | 0.9844     | 0.3326       | 0.5318   |           
460    | 2.8159     | 0.2396     | 1.3022       | 1.2741       | 0.9875     | 0.3368       | 0.5834   |           
470    | 2.8376     | 0.2754     | 1.3055       | 1.2567       | 0.9844     | 0.2969       | 0.5027   |           
480    | 2.8609     | 0.2664     | 1.3191       | 1.2754       | 0.9865     | 0.3116       | 0.5566   |           
490    | 2.7730     | 0.1900     | 1.3119       | 1.2711       | 0.9844     | 0.2998       | 0.5255   |           
500    | 2.8063     | 0.2232     | 1.3231       | 1.2601       | 0.9854     | 0.2752       | 0.5254   |           
Seed 1024 | Src Acc: 97.9592 | Src MDE: 0.0248 | Tgt Acc: 46.1224 | Tgt MDE: 0.5619
Finished Combo GeoSPA_1_2_3_4. Results saved.
