==========================================
Current Architecture: GeoSPA-Net (Fixed)
mcAPs (Real Anchors): [2] (Indices: [1])
Legacy APs (Virtual): [1, 3, 4] (Indices: [0, 2, 3])
==========================================
>> Training PCN (Stage 2) on Source Domain...
>> Source PCN Training Finished. Huber Loss: 0.0032
>> Training PCN (Stage 2) on Target Domain...
>> Target PCN Training Finished. Huber Loss: 0.0028

Start GeoSPA-Net Training Seed 42...
Epoch  | Total Loss | Tr Cls     | Tr Dom RSSI  | Tr Dom RTT   | Val T Acc  | Val T Entropy | Test MDE
------------------------------------------------------------------------------------------------------------------------
10     | 3.5822     | 1.2787     | 0.9941       | 1.3094       | 0.9365     | 2.7107       | 1.1675   |           
20     | 2.8713     | 0.7879     | 0.8492       | 1.2342       | 0.9490     | 1.8342       | 1.1266   | (ADV 0.03)
30     | 2.5911     | 0.6202     | 0.8035       | 1.1674       | 0.9437     | 1.4353       | 1.1831   | (ADV 0.23)
40     | 2.4706     | 0.5607     | 0.7697       | 1.1402       | 0.9521     | 1.1957       | 1.0421   | (ADV 0.35)
50     | 2.3753     | 0.4953     | 0.7433       | 1.1367       | 0.9708     | 1.0481       | 1.1652   | (ADV 0.45)
60     | 2.4696     | 0.4973     | 0.8481       | 1.1242       | 0.9688     | 1.0149       | 1.1080   |           
70     | 2.5480     | 0.5141     | 0.8808       | 1.1531       | 0.9677     | 0.9017       | 1.0464   |           
80     | 2.5349     | 0.4993     | 0.8904       | 1.1452       | 0.9615     | 0.8581       | 1.1179   |           
90     | 2.6492     | 0.5119     | 0.9655       | 1.1719       | 0.9594     | 0.8318       | 1.0592   |           
100    | 2.7008     | 0.5158     | 0.9963       | 1.1887       | 0.9417     | 0.8100       | 1.0945   |           
110    | 2.7385     | 0.5024     | 1.0487       | 1.1874       | 0.9365     | 0.7913       | 1.0729   |           
120    | 2.7184     | 0.4866     | 1.0483       | 1.1835       | 0.9677     | 0.7702       | 1.2387   |           
130    | 2.7391     | 0.4779     | 1.0549       | 1.2063       | 0.9542     | 0.7288       | 1.1619   |           
140    | 2.8382     | 0.5088     | 1.0822       | 1.2472       | 0.9688     | 0.7561       | 1.0475   |           
150    | 2.8287     | 0.5080     | 1.0618       | 1.2590       | 0.9635     | 0.7804       | 0.9575   |           
160    | 2.7731     | 0.4736     | 1.0610       | 1.2384       | 0.9365     | 0.7601       | 1.1867   |           
170    | 2.8105     | 0.4684     | 1.0908       | 1.2512       | 0.9667     | 0.7374       | 1.0986   |           
180    | 2.8900     | 0.5204     | 1.1214       | 1.2482       | 0.9688     | 0.7040       | 1.1368   |           
190    | 2.8218     | 0.4470     | 1.1243       | 1.2505       | 0.9490     | 0.6560       | 1.0325   |           
200    | 2.8641     | 0.4709     | 1.1320       | 1.2611       | 0.9552     | 0.6025       | 1.0726   |           
210    | 2.8317     | 0.4561     | 1.1230       | 1.2527       | 0.9542     | 0.6323       | 1.0449   |           
220    | 2.9019     | 0.4691     | 1.1779       | 1.2549       | 0.9740     | 0.6464       | 1.0821   |           
230    | 2.8200     | 0.4444     | 1.1438       | 1.2318       | 0.9667     | 0.6500       | 1.0660   |           
240    | 2.8882     | 0.4591     | 1.1756       | 1.2535       | 0.9479     | 0.5664       | 1.0077   |           
250    | 2.8335     | 0.4353     | 1.1505       | 1.2476       | 0.9625     | 0.6991       | 1.1910   |           
260    | 2.8410     | 0.4246     | 1.1757       | 1.2407       | 0.9469     | 0.6135       | 1.1106   |           
270    | 2.8423     | 0.4202     | 1.1790       | 1.2431       | 0.9604     | 0.5939       | 1.1230   |           
280    | 2.8797     | 0.4215     | 1.1961       | 1.2620       | 0.9677     | 0.5684       | 1.1105   |           
290    | 2.9242     | 0.4494     | 1.2148       | 1.2600       | 0.9635     | 0.6386       | 1.1076   |           
300    | 2.9439     | 0.4625     | 1.2189       | 1.2625       | 0.9427     | 0.5795       | 1.1777   |           
310    | 2.9223     | 0.4477     | 1.2224       | 1.2522       | 0.9521     | 0.5717       | 1.1493   |           
320    | 2.9529     | 0.4349     | 1.2443       | 1.2736       | 0.9677     | 0.5959       | 1.1896   |           
330    | 2.9151     | 0.4302     | 1.2344       | 1.2505       | 0.9667     | 0.5841       | 1.1294   |           
340    | 2.9213     | 0.4116     | 1.2447       | 1.2650       | 0.9688     | 0.5937       | 1.2198   |           
350    | 2.9204     | 0.4189     | 1.2405       | 1.2611       | 0.9583     | 0.5557       | 1.1146   |           
360    | 2.9118     | 0.3985     | 1.2530       | 1.2604       | 0.9281     | 0.6065       | 1.2383   |           
370    | 2.9243     | 0.3969     | 1.2479       | 1.2795       | 0.9573     | 0.5395       | 1.2193   |           
380    | 2.9524     | 0.3888     | 1.2575       | 1.3061       | 0.9573     | 0.5524       | 1.1466   |           
390    | 2.9307     | 0.3771     | 1.2675       | 1.2861       | 0.9656     | 0.5615       | 1.1052   |           
400    | 2.9150     | 0.3569     | 1.2659       | 1.2923       | 0.9740     | 0.5093       | 1.1052   |           
410    | 2.9176     | 0.3643     | 1.2678       | 1.2855       | 0.9625     | 0.4664       | 1.1834   |           
420    | 2.9419     | 0.3831     | 1.2719       | 1.2868       | 0.9656     | 0.4617       | 1.1743   |           
430    | 2.9727     | 0.4013     | 1.2765       | 1.2948       | 0.9646     | 0.4802       | 1.1237   |           
440    | 2.9475     | 0.3784     | 1.2748       | 1.2943       | 0.9469     | 0.4448       | 1.1835   |           
450    | 2.9914     | 0.3971     | 1.2896       | 1.3048       | 0.9594     | 0.4487       | 1.1795   |           
460    | 3.0477     | 0.4290     | 1.2640       | 1.3547       | 0.9542     | 0.4736       | 1.0118   |           
470    | 3.0142     | 0.4007     | 1.2865       | 1.3270       | 0.9719     | 0.5276       | 1.0948   |           
480    | 2.9876     | 0.3774     | 1.2754       | 1.3349       | 0.9479     | 0.4883       | 1.1492   |           
490    | 3.0079     | 0.3887     | 1.2850       | 1.3342       | 0.9125     | 0.4920       | 1.4283   |           
500    | 3.0010     | 0.3977     | 1.2941       | 1.3092       | 0.9458     | 0.4271       | 1.0244   |           
Seed 42 | Src Acc: 96.2245 | Src MDE: 0.0669 | Tgt Acc: 29.5918 | Tgt MDE: 1.1218
>> Training PCN (Stage 2) on Source Domain...
>> Source PCN Training Finished. Huber Loss: 0.0042
>> Training PCN (Stage 2) on Target Domain...
>> Target PCN Training Finished. Huber Loss: 0.0030

Start GeoSPA-Net Training Seed 67...
Epoch  | Total Loss | Tr Cls     | Tr Dom RSSI  | Tr Dom RTT   | Val T Acc  | Val T Entropy | Test MDE
------------------------------------------------------------------------------------------------------------------------
10     | 3.4930     | 1.2179     | 0.9982       | 1.2769       | 0.9313     | 2.7032       | 1.1100   |           
20     | 2.8173     | 0.7654     | 0.8579       | 1.1940       | 0.9469     | 1.8543       | 1.0343   | (ADV 0.02)
30     | 2.5681     | 0.6229     | 0.8134       | 1.1319       | 0.9542     | 1.3569       | 1.0990   | (ADV 0.28)
40     | 2.3963     | 0.5279     | 0.7749       | 1.0935       | 0.9552     | 1.2031       | 1.0993   |           
50     | 2.5062     | 0.5323     | 0.8936       | 1.0803       | 0.9479     | 0.9241       | 1.1457   | (ADV 0.49)
60     | 2.4324     | 0.4756     | 0.8607       | 1.0961       | 0.9094     | 0.9706       | 1.2185   |           
70     | 2.5550     | 0.4936     | 0.9524       | 1.1090       | 0.9542     | 0.8635       | 1.1334   |           
80     | 2.6188     | 0.4836     | 0.9762       | 1.1590       | 0.9427     | 0.8780       | 1.1732   |           
90     | 2.6555     | 0.4820     | 1.0116       | 1.1618       | 0.9552     | 0.8363       | 1.0770   |           
100    | 2.6760     | 0.4590     | 1.0253       | 1.1918       | 0.9625     | 0.7813       | 1.0462   |           
110    | 2.7277     | 0.4868     | 1.0610       | 1.1798       | 0.9458     | 0.6579       | 0.9983   | (ADV 0.62)
120    | 2.7499     | 0.5038     | 1.0846       | 1.1616       | 0.9271     | 0.7103       | 1.0414   |           
130    | 2.7646     | 0.4883     | 1.0834       | 1.1929       | 0.9406     | 0.6554       | 1.1375   |           
140    | 2.7528     | 0.4881     | 1.0803       | 1.1845       | 0.9583     | 0.7109       | 1.0058   |           
150    | 2.8178     | 0.5073     | 1.0950       | 1.2156       | 0.9396     | 0.6486       | 0.9802   |           
160    | 2.8066     | 0.4795     | 1.1145       | 1.2127       | 0.9510     | 0.6772       | 1.1794   |           
170    | 2.8920     | 0.5062     | 1.1765       | 1.2093       | 0.9396     | 0.6909       | 1.1923   |           
180    | 2.8326     | 0.4632     | 1.1601       | 1.2093       | 0.9344     | 0.6962       | 1.1186   |           
190    | 2.7275     | 0.4436     | 1.1137       | 1.1701       | 0.9458     | 0.5818       | 1.1494   |           
200    | 2.7396     | 0.4387     | 1.1132       | 1.1878       | 0.9427     | 0.6479       | 1.0664   |           
210    | 2.7767     | 0.4268     | 1.1429       | 1.2070       | 0.9646     | 0.5567       | 1.0984   | (ADV 0.69)
220    | 2.7685     | 0.4259     | 1.1449       | 1.1976       | 0.9552     | 0.6072       | 1.0360   |           
230    | 2.7655     | 0.4274     | 1.1524       | 1.1858       | 0.9552     | 0.5664       | 1.1473   |           
240    | 2.8412     | 0.4611     | 1.1588       | 1.2213       | 0.9521     | 0.5638       | 1.1389   |           
250    | 2.8953     | 0.4823     | 1.1981       | 1.2148       | 0.9427     | 0.5457       | 1.1055   |           
260    | 2.7532     | 0.4019     | 1.1505       | 1.2009       | 0.9479     | 0.5512       | 1.1532   |           
270    | 2.8408     | 0.4384     | 1.1882       | 1.2142       | 0.9490     | 0.5317       | 1.1825   |           
280    | 2.8156     | 0.4131     | 1.1879       | 1.2146       | 0.9625     | 0.5683       | 1.1410   |           
290    | 2.8377     | 0.4198     | 1.2003       | 1.2176       | 0.9417     | 0.5426       | 1.1332   |           
300    | 2.9048     | 0.4275     | 1.2405       | 1.2367       | 0.9521     | 0.5679       | 1.0464   |           
310    | 2.8944     | 0.4321     | 1.2201       | 1.2423       | 0.9583     | 0.5334       | 1.1437   |           
320    | 2.9198     | 0.4233     | 1.2303       | 1.2662       | 0.9469     | 0.6136       | 1.3135   |           
330    | 2.9556     | 0.4337     | 1.2443       | 1.2775       | 0.9490     | 0.5181       | 1.1684   |           
340    | 2.9358     | 0.4260     | 1.2328       | 1.2769       | 0.9479     | 0.5478       | 1.1966   |           
350    | 2.9347     | 0.4030     | 1.2601       | 1.2716       | 0.9323     | 0.5384       | 1.1171   |           
360    | 2.9253     | 0.3793     | 1.2594       | 1.2866       | 0.9594     | 0.5309       | 1.2548   |           
370    | 2.9535     | 0.3967     | 1.2720       | 1.2849       | 0.9615     | 0.4699       | 1.0945   | (ADV 0.73)
380    | 2.9699     | 0.4054     | 1.2553       | 1.3092       | 0.9594     | 0.5041       | 1.2251   |           
390    | 2.9579     | 0.3940     | 1.2541       | 1.3098       | 0.9521     | 0.5367       | 1.3160   |           
400    | 2.9659     | 0.3881     | 1.2812       | 1.2966       | 0.9552     | 0.5647       | 1.1764   |           
410    | 2.9541     | 0.3721     | 1.2788       | 1.3032       | 0.9250     | 0.5830       | 1.1897   |           
420    | 2.9899     | 0.3851     | 1.2840       | 1.3209       | 0.9521     | 0.5141       | 1.2163   |           
430    | 2.9399     | 0.3718     | 1.2665       | 1.3016       | 0.9677     | 0.4250       | 1.2780   | (ADV 0.76)
440    | 2.9341     | 0.3532     | 1.2841       | 1.2968       | 0.9531     | 0.5000       | 1.2928   |           
450    | 2.9567     | 0.3584     | 1.2916       | 1.3067       | 0.9365     | 0.5306       | 1.3221   |           
460    | 2.9047     | 0.3413     | 1.2596       | 1.3038       | 0.9469     | 0.4599       | 1.2935   |           
470    | 2.9148     | 0.3465     | 1.2676       | 1.3007       | 0.9260     | 0.4137       | 1.2447   |           
480    | 2.9552     | 0.3638     | 1.2837       | 1.3076       | 0.9208     | 0.4537       | 1.2576   |           
490    | 2.9375     | 0.3343     | 1.2912       | 1.3120       | 0.9302     | 0.4205       | 1.2140   |           
500    | 2.9448     | 0.3281     | 1.2949       | 1.3218       | 0.9354     | 0.4326       | 1.2035   |           
Seed 67 | Src Acc: 96.6327 | Src MDE: 0.0538 | Tgt Acc: 24.1837 | Tgt MDE: 1.3047
>> Training PCN (Stage 2) on Source Domain...
>> Source PCN Training Finished. Huber Loss: 0.0034
>> Training PCN (Stage 2) on Target Domain...
>> Target PCN Training Finished. Huber Loss: 0.0022

Start GeoSPA-Net Training Seed 1024...
Epoch  | Total Loss | Tr Cls     | Tr Dom RSSI  | Tr Dom RTT   | Val T Acc  | Val T Entropy | Test MDE
------------------------------------------------------------------------------------------------------------------------
10     | 3.5365     | 1.2363     | 1.0099       | 1.2904       | 0.8458     | 2.6772       | 1.2793   |           
20     | 2.8039     | 0.7564     | 0.8368       | 1.2107       | 0.9458     | 1.8083       | 1.2820   | (ADV 0.04)
30     | 2.4963     | 0.6028     | 0.7535       | 1.1400       | 0.9615     | 1.3368       | 1.2017   | (ADV 0.29)
40     | 2.5167     | 0.5665     | 0.8234       | 1.1268       | 0.9594     | 1.1953       | 1.1658   |           
50     | 2.4517     | 0.5160     | 0.8164       | 1.1193       | 0.9479     | 0.9606       | 1.0867   | (ADV 0.47)
60     | 2.4826     | 0.4949     | 0.8678       | 1.1199       | 0.9437     | 0.9893       | 1.1094   |           
70     | 2.5006     | 0.5040     | 0.8824       | 1.1142       | 0.9667     | 0.8710       | 1.1155   |           
80     | 2.5538     | 0.4770     | 0.9253       | 1.1516       | 0.9552     | 0.7642       | 1.0797   |           
90     | 2.5895     | 0.4713     | 0.9536       | 1.1647       | 0.9646     | 0.8152       | 0.9321   |           
100    | 2.6483     | 0.4801     | 0.9831       | 1.1852       | 0.9542     | 0.7414       | 1.0965   |           
110    | 2.7483     | 0.5108     | 1.0413       | 1.1963       | 0.9604     | 0.8218       | 1.1476   |           
120    | 2.7408     | 0.5127     | 1.0217       | 1.2064       | 0.9531     | 0.7124       | 0.9448   |           
130    | 2.7368     | 0.4777     | 1.0782       | 1.1809       | 0.9510     | 0.7058       | 0.9231   |           
140    | 2.8121     | 0.5116     | 1.0813       | 1.2192       | 0.9469     | 0.6569       | 1.1501   |           
150    | 2.7358     | 0.4726     | 1.0606       | 1.2026       | 0.9698     | 0.7192       | 0.8852   |           
160    | 2.8606     | 0.5174     | 1.1139       | 1.2293       | 0.9573     | 0.6372       | 1.0563   |           
170    | 2.8623     | 0.4832     | 1.1322       | 1.2469       | 0.9552     | 0.6434       | 0.8662   |           
180    | 2.8939     | 0.4946     | 1.1341       | 1.2652       | 0.9563     | 0.6195       | 0.9645   |           
190    | 2.8438     | 0.4764     | 1.1331       | 1.2343       | 0.9594     | 0.6566       | 1.1133   |           
200    | 2.8498     | 0.4456     | 1.1541       | 1.2502       | 0.9344     | 0.6047       | 1.1731   |           
210    | 2.9037     | 0.4840     | 1.1726       | 1.2471       | 0.9708     | 0.6316       | 1.0978   |           
220    | 2.8941     | 0.4532     | 1.1799       | 1.2609       | 0.9625     | 0.5624       | 1.1068   |           
230    | 2.8637     | 0.4384     | 1.1846       | 1.2407       | 0.9427     | 0.5576       | 1.1883   |           
240    | 2.8709     | 0.4280     | 1.1988       | 1.2441       | 0.9677     | 0.5713       | 1.1042   |           
250    | 2.9053     | 0.4548     | 1.1942       | 1.2563       | 0.8833     | 0.5516       | 1.2439   |           
260    | 2.9222     | 0.4529     | 1.2003       | 1.2690       | 0.9406     | 0.6190       | 1.2985   |           
270    | 2.9758     | 0.4885     | 1.2146       | 1.2727       | 0.9625     | 0.5528       | 1.2415   |           
280    | 2.9082     | 0.4241     | 1.2134       | 1.2707       | 0.9573     | 0.5386       | 1.2911   |           
290    | 2.8945     | 0.4169     | 1.2157       | 1.2619       | 0.9531     | 0.5030       | 1.2088   |           
300    | 2.9121     | 0.4284     | 1.2217       | 1.2620       | 0.9625     | 0.6002       | 1.1858   |           
310    | 2.9624     | 0.4607     | 1.2181       | 1.2836       | 0.9615     | 0.5048       | 1.1020   |           
320    | 2.9174     | 0.4253     | 1.2244       | 1.2677       | 0.9510     | 0.5229       | 1.3104   |           
330    | 2.9242     | 0.4303     | 1.2437       | 1.2501       | 0.9510     | 0.4673       | 1.0681   |           
340    | 2.9446     | 0.4076     | 1.2649       | 1.2722       | 0.9625     | 0.5297       | 1.1625   |           
350    | 2.9046     | 0.3880     | 1.2497       | 1.2669       | 0.9271     | 0.5238       | 1.2252   |           
360    | 2.9823     | 0.4151     | 1.2693       | 1.2979       | 0.9625     | 0.5262       | 1.1149   |           
370    | 3.0073     | 0.4244     | 1.2892       | 1.2937       | 0.9490     | 0.4759       | 1.2123   |           
380    | 2.9271     | 0.3837     | 1.2667       | 1.2766       | 0.9448     | 0.4576       | 1.2057   |           
390    | 2.9233     | 0.3769     | 1.2649       | 1.2816       | 0.9646     | 0.4564       | 1.3232   |           
400    | 2.9419     | 0.3778     | 1.2722       | 1.2919       | 0.9656     | 0.4770       | 1.1653   |           
410    | 2.9516     | 0.3822     | 1.2747       | 1.2947       | 0.9198     | 0.4405       | 1.2432   |           
420    | 2.9727     | 0.3720     | 1.3034       | 1.2973       | 0.9219     | 0.5041       | 1.2638   |           
430    | 2.9396     | 0.3621     | 1.2869       | 1.2907       | 0.9729     | 0.4566       | 1.2824   |           
440    | 2.9189     | 0.3496     | 1.2847       | 1.2846       | 0.9656     | 0.4845       | 1.2673   |           
450    | 2.9024     | 0.3480     | 1.2738       | 1.2806       | 0.9594     | 0.4452       | 1.2376   |           
460    | 2.9284     | 0.3621     | 1.2806       | 1.2857       | 0.9594     | 0.3968       | 1.2818   |           
470    | 2.9242     | 0.3468     | 1.2842       | 1.2932       | 0.9656     | 0.4685       | 1.3031   |           
480    | 2.9863     | 0.3629     | 1.2905       | 1.3329       | 0.9490     | 0.4622       | 1.1847   |           
490    | 2.9636     | 0.3540     | 1.2958       | 1.3137       | 0.9615     | 0.4161       | 1.2403   |           
500    | 2.9679     | 0.3692     | 1.2727       | 1.3261       | 0.9469     | 0.4780       | 1.3204   |           
Seed 1024 | Src Acc: 96.6327 | Src MDE: 0.0519 | Tgt Acc: 26.0204 | Tgt MDE: 1.2612
Finished Combo GeoSPA_2. Results saved.
