==========================================
Current Architecture: GeoSPA-Net (Fixed)
mcAPs (Real Anchors): [1] (Indices: [0])
Legacy APs (Virtual): [2, 3, 4] (Indices: [1, 2, 3])
==========================================
>> Training PCN (Stage 2) on Source Domain...
>> Source PCN Training Finished. Huber Loss: 0.0051
>> Training PCN (Stage 2) on Target Domain...
>> Target PCN Training Finished. Huber Loss: 0.0038

Start GeoSPA-Net Training Seed 42...
Epoch  | Total Loss | Tr Cls     | Tr Dom RSSI  | Tr Dom RTT   | Val T Acc  | Val T Entropy | Test MDE
------------------------------------------------------------------------------------------------------------------------
10     | 3.4874     | 1.1908     | 1.0159       | 1.2807       | 0.9490     | 2.6942       | 1.0480   |           
20     | 2.7571     | 0.7090     | 0.8700       | 1.1781       | 0.9604     | 1.7898       | 0.9441   | (ADV 0.07)
30     | 2.5260     | 0.5855     | 0.8080       | 1.1326       | 0.9625     | 1.4267       | 0.9426   |           
40     | 2.4329     | 0.5221     | 0.7998       | 1.1110       | 0.9563     | 1.1409       | 1.0624   | (ADV 0.39)
50     | 2.3133     | 0.4769     | 0.7737       | 1.0627       | 0.9729     | 1.0393       | 0.9926   |           
60     | 2.3567     | 0.4709     | 0.8218       | 1.0639       | 0.9729     | 0.8892       | 0.8236   |           
70     | 2.4903     | 0.4754     | 0.9285       | 1.0864       | 0.9521     | 0.7979       | 0.8633   |           
80     | 2.5447     | 0.4689     | 0.9530       | 1.1229       | 0.9458     | 0.7611       | 0.9316   |           
90     | 2.6273     | 0.4603     | 1.0212       | 1.1457       | 0.9708     | 0.7280       | 0.8118   |           
100    | 2.6340     | 0.4602     | 1.0236       | 1.1502       | 0.9542     | 0.7313       | 0.7950   |           
110    | 2.6929     | 0.4674     | 1.0560       | 1.1694       | 0.9656     | 0.6759       | 0.8889   |           
120    | 2.7119     | 0.4574     | 1.0715       | 1.1831       | 0.9677     | 0.6467       | 0.8726   | (ADV 0.64)
130    | 2.7583     | 0.4863     | 1.0885       | 1.1835       | 0.9594     | 0.6296       | 0.8253   |           
140    | 2.9120     | 0.5210     | 1.1491       | 1.2419       | 0.9521     | 0.6590       | 0.9426   |           
150    | 2.7748     | 0.4621     | 1.1122       | 1.2005       | 0.9667     | 0.5781       | 0.8162   | (ADV 0.68)
160    | 2.7205     | 0.4353     | 1.0929       | 1.1923       | 0.9604     | 0.6326       | 0.8879   |           
170    | 2.8023     | 0.4506     | 1.1456       | 1.2062       | 0.9573     | 0.6445       | 0.9108   |           
180    | 2.8579     | 0.4743     | 1.1452       | 1.2384       | 0.9646     | 0.6047       | 0.8169   |           
190    | 2.8115     | 0.4450     | 1.1587       | 1.2077       | 0.9625     | 0.5642       | 0.8977   |           
200    | 2.8229     | 0.4550     | 1.1548       | 1.2131       | 0.9688     | 0.5912       | 0.9037   |           
210    | 2.8296     | 0.4439     | 1.1754       | 1.2103       | 0.9594     | 0.5592       | 0.7914   |           
220    | 2.8425     | 0.4324     | 1.1780       | 1.2321       | 0.9583     | 0.5353       | 0.7899   |           
230    | 2.8558     | 0.4481     | 1.1998       | 1.2079       | 0.9615     | 0.6313       | 0.8781   |           
240    | 2.8400     | 0.4353     | 1.1797       | 1.2249       | 0.9594     | 0.5487       | 0.8957   |           
250    | 2.8047     | 0.4248     | 1.1618       | 1.2181       | 0.9625     | 0.5538       | 0.8903   |           
260    | 2.8280     | 0.4439     | 1.1703       | 1.2139       | 0.9604     | 0.5759       | 0.9732   |           
270    | 2.7899     | 0.4127     | 1.1862       | 1.1910       | 0.9625     | 0.5303       | 0.9167   |           
280    | 2.8610     | 0.4297     | 1.2025       | 1.2288       | 0.9604     | 0.4988       | 0.9104   |           
290    | 2.8841     | 0.4363     | 1.2117       | 1.2362       | 0.9552     | 0.5073       | 0.8926   |           
300    | 2.8293     | 0.3933     | 1.2101       | 1.2259       | 0.9677     | 0.5341       | 0.8944   |           
310    | 2.8969     | 0.4357     | 1.2199       | 1.2414       | 0.9646     | 0.5234       | 0.9513   |           
320    | 2.8373     | 0.3876     | 1.2143       | 1.2354       | 0.9646     | 0.5352       | 0.8883   |           
330    | 2.8222     | 0.3964     | 1.2096       | 1.2162       | 0.9646     | 0.5034       | 0.9091   |           
340    | 2.8154     | 0.3770     | 1.2193       | 1.2191       | 0.9656     | 0.5306       | 0.8703   |           
350    | 2.9500     | 0.4685     | 1.2196       | 1.2619       | 0.9688     | 0.4915       | 0.9178   |           
360    | 2.9030     | 0.4234     | 1.2354       | 1.2442       | 0.9646     | 0.4978       | 0.9059   |           
370    | 2.9070     | 0.3956     | 1.2546       | 1.2569       | 0.9740     | 0.5091       | 0.9457   |           
380    | 2.8815     | 0.3817     | 1.2389       | 1.2609       | 0.9635     | 0.5014       | 0.9751   |           
390    | 2.9044     | 0.3827     | 1.2584       | 1.2634       | 0.9698     | 0.5136       | 0.9019   |           
400    | 2.9237     | 0.3703     | 1.2761       | 1.2773       | 0.9635     | 0.5275       | 0.9024   |           
410    | 2.9703     | 0.4151     | 1.2704       | 1.2849       | 0.9646     | 0.4929       | 0.8712   |           
420    | 2.9468     | 0.3974     | 1.2773       | 1.2721       | 0.9688     | 0.4440       | 0.8539   |           
430    | 2.9829     | 0.4324     | 1.2780       | 1.2725       | 0.9646     | 0.4934       | 0.8203   |           
440    | 2.9259     | 0.3839     | 1.2776       | 1.2643       | 0.9635     | 0.5073       | 0.8799   |           
450    | 2.9480     | 0.3830     | 1.2857       | 1.2793       | 0.9677     | 0.4733       | 0.8351   |           
460    | 2.9387     | 0.3891     | 1.2781       | 1.2716       | 0.9688     | 0.4377       | 0.8113   |           
470    | 2.9963     | 0.4269     | 1.2874       | 1.2820       | 0.9552     | 0.4504       | 0.8977   |           
480    | 2.9379     | 0.3804     | 1.2780       | 1.2795       | 0.9563     | 0.4953       | 1.0725   |           
490    | 3.0207     | 0.4457     | 1.2878       | 1.2871       | 0.9542     | 0.4420       | 1.0078   |           
500    | 2.9865     | 0.3977     | 1.2950       | 1.2939       | 0.9594     | 0.4499       | 0.9139   |           
Seed 42 | Src Acc: 96.2245 | Src MDE: 0.0644 | Tgt Acc: 40.5102 | Tgt MDE: 0.9210
>> Training PCN (Stage 2) on Source Domain...
>> Source PCN Training Finished. Huber Loss: 0.0044
>> Training PCN (Stage 2) on Target Domain...
>> Target PCN Training Finished. Huber Loss: 0.0040

Start GeoSPA-Net Training Seed 67...
Epoch  | Total Loss | Tr Cls     | Tr Dom RSSI  | Tr Dom RTT   | Val T Acc  | Val T Entropy | Test MDE
------------------------------------------------------------------------------------------------------------------------
10     | 3.4903     | 1.1823     | 1.0249       | 1.2832       | 0.9396     | 2.6193       | 0.9738   |           
20     | 2.8450     | 0.7711     | 0.8734       | 1.2005       | 0.9385     | 1.8947       | 0.9045   |           
30     | 2.5403     | 0.5905     | 0.8106       | 1.1393       | 0.9604     | 1.4382       | 0.8913   | (ADV 0.24)
40     | 2.4044     | 0.5149     | 0.7958       | 1.0937       | 0.9458     | 1.2049       | 0.9391   | (ADV 0.34)
50     | 2.4327     | 0.5087     | 0.8230       | 1.1010       | 0.9375     | 1.0208       | 0.8586   |           
60     | 2.4450     | 0.4952     | 0.8495       | 1.1004       | 0.9542     | 0.9694       | 0.9403   |           
70     | 2.5391     | 0.5001     | 0.9387       | 1.1002       | 0.9500     | 0.8349       | 0.8875   |           
80     | 2.6190     | 0.5008     | 0.9775       | 1.1406       | 0.9437     | 0.8057       | 0.9167   |           
90     | 2.6657     | 0.4910     | 0.9901       | 1.1846       | 0.9510     | 0.7503       | 0.8628   |           
100    | 2.6407     | 0.4868     | 1.0092       | 1.1448       | 0.9198     | 0.7175       | 0.8706   |           
110    | 2.7266     | 0.4996     | 1.0568       | 1.1702       | 0.9417     | 0.6893       | 0.8426   |           
120    | 2.7338     | 0.5019     | 1.0583       | 1.1736       | 0.9448     | 0.6927       | 0.9087   |           
130    | 2.7689     | 0.5189     | 1.0741       | 1.1759       | 0.9479     | 0.6402       | 0.9404   |           
140    | 2.7797     | 0.4878     | 1.0968       | 1.1950       | 0.9542     | 0.6093       | 0.8010   |           
150    | 2.8146     | 0.4920     | 1.1176       | 1.2050       | 0.9458     | 0.6126       | 0.8766   |           
160    | 2.8387     | 0.4951     | 1.1325       | 1.2112       | 0.9510     | 0.5471       | 0.8686   |           
170    | 2.8683     | 0.4962     | 1.1410       | 1.2310       | 0.9531     | 0.6410       | 0.9043   |           
180    | 2.8298     | 0.4558     | 1.1639       | 1.2101       | 0.9469     | 0.6024       | 0.7929   |           
190    | 2.7946     | 0.4575     | 1.1319       | 1.2052       | 0.9573     | 0.5599       | 0.8427   |           
200    | 2.8275     | 0.4638     | 1.1480       | 1.2157       | 0.9458     | 0.5166       | 0.8278   |           
210    | 2.8273     | 0.4369     | 1.1565       | 1.2339       | 0.9469     | 0.5114       | 0.8386   |           
220    | 2.8402     | 0.4517     | 1.1759       | 1.2126       | 0.9594     | 0.5655       | 0.8193   |           
230    | 2.8646     | 0.4598     | 1.1881       | 1.2167       | 0.9469     | 0.5077       | 0.8782   |           
240    | 2.8652     | 0.4482     | 1.1870       | 1.2300       | 0.9521     | 0.4747       | 0.8382   |           
250    | 2.8703     | 0.4568     | 1.1964       | 1.2171       | 0.9531     | 0.5045       | 0.8402   |           
260    | 2.8181     | 0.4127     | 1.1827       | 1.2227       | 0.9531     | 0.4903       | 0.8728   |           
270    | 2.8347     | 0.4395     | 1.1944       | 1.2008       | 0.9563     | 0.5060       | 0.8359   |           
280    | 2.8564     | 0.4423     | 1.1949       | 1.2192       | 0.9583     | 0.5420       | 0.9392   |           
290    | 2.9044     | 0.4327     | 1.2383       | 1.2333       | 0.9437     | 0.5390       | 0.8908   |           
300    | 2.8067     | 0.3750     | 1.1937       | 1.2380       | 0.9646     | 0.4562       | 0.9775   |           
310    | 2.8837     | 0.4204     | 1.2189       | 1.2444       | 0.9479     | 0.4615       | 0.9347   |           
320    | 2.8736     | 0.4137     | 1.2259       | 1.2339       | 0.9469     | 0.4663       | 0.9418   |           
330    | 2.8863     | 0.4208     | 1.2358       | 1.2297       | 0.9510     | 0.4230       | 0.9244   |           
340    | 2.9061     | 0.4247     | 1.2312       | 1.2503       | 0.9500     | 0.4478       | 0.8522   |           
350    | 2.9371     | 0.4102     | 1.2707       | 1.2562       | 0.9542     | 0.4822       | 0.8077   |           
360    | 2.9567     | 0.4227     | 1.2613       | 1.2727       | 0.9646     | 0.4530       | 0.8011   |           
370    | 2.9106     | 0.3870     | 1.2599       | 1.2637       | 0.9615     | 0.4103       | 0.8584   |           
380    | 2.9219     | 0.3893     | 1.2583       | 1.2743       | 0.9604     | 0.4792       | 0.8762   |           
390    | 2.9210     | 0.3839     | 1.2580       | 1.2792       | 0.9500     | 0.4551       | 0.8382   |           
400    | 2.9477     | 0.3919     | 1.2708       | 1.2850       | 0.9542     | 0.4498       | 0.8993   |           
410    | 2.9509     | 0.4042     | 1.2577       | 1.2890       | 0.9500     | 0.4708       | 0.9680   |           
420    | 2.9388     | 0.3758     | 1.2648       | 1.2981       | 0.9583     | 0.4119       | 0.8313   |           
430    | 2.9300     | 0.3612     | 1.2705       | 1.2983       | 0.9635     | 0.4393       | 0.8569   |           
440    | 2.9655     | 0.3746     | 1.2694       | 1.3214       | 0.9542     | 0.4762       | 0.8714   |           
450    | 2.9535     | 0.3827     | 1.2681       | 1.3027       | 0.9427     | 0.4572       | 0.9382   |           
460    | 2.9501     | 0.3782     | 1.2725       | 1.2993       | 0.9417     | 0.4994       | 0.9323   |           
470    | 2.9443     | 0.3695     | 1.2774       | 1.2974       | 0.9646     | 0.4831       | 0.9344   |           
480    | 2.9545     | 0.3846     | 1.2669       | 1.3029       | 0.9406     | 0.4504       | 0.9678   |           
490    | 2.9535     | 0.3740     | 1.2650       | 1.3146       | 0.9448     | 0.4075       | 0.9094   |           
500    | 2.9561     | 0.3792     | 1.2696       | 1.3073       | 0.9448     | 0.4058       | 0.8679   |           
Seed 67 | Src Acc: 96.8367 | Src MDE: 0.0499 | Tgt Acc: 43.2653 | Tgt MDE: 0.9101
>> Training PCN (Stage 2) on Source Domain...
>> Source PCN Training Finished. Huber Loss: 0.0047
>> Training PCN (Stage 2) on Target Domain...
>> Target PCN Training Finished. Huber Loss: 0.0039

Start GeoSPA-Net Training Seed 1024...
Epoch  | Total Loss | Tr Cls     | Tr Dom RSSI  | Tr Dom RTT   | Val T Acc  | Val T Entropy | Test MDE
------------------------------------------------------------------------------------------------------------------------
10     | 3.5067     | 1.2081     | 1.0173       | 1.2814       | 0.9344     | 2.7822       | 1.0435   |           
20     | 2.7769     | 0.7254     | 0.8512       | 1.2003       | 0.9500     | 1.8530       | 1.0362   | (ADV 0.02)
30     | 2.4666     | 0.5650     | 0.7765       | 1.1251       | 0.9510     | 1.3762       | 1.0221   | (ADV 0.26)
40     | 2.5003     | 0.5550     | 0.8168       | 1.1285       | 0.9500     | 1.2174       | 1.0412   |           
50     | 2.3434     | 0.4686     | 0.7776       | 1.0973       | 0.9542     | 1.0270       | 0.9740   |           
60     | 2.3995     | 0.4725     | 0.8229       | 1.1041       | 0.9604     | 0.9205       | 0.9482   | (ADV 0.50)
70     | 2.4229     | 0.4833     | 0.8186       | 1.1210       | 0.9510     | 0.8318       | 0.9743   | (ADV 0.54)
80     | 2.5132     | 0.4913     | 0.8862       | 1.1356       | 0.9510     | 0.7992       | 0.8958   |           
90     | 2.5004     | 0.4501     | 0.9066       | 1.1438       | 0.9573     | 0.7430       | 0.8980   | (ADV 0.59)
100    | 2.5567     | 0.4524     | 0.9275       | 1.1768       | 0.9552     | 0.6885       | 0.9148   | (ADV 0.61)
110    | 2.7157     | 0.5065     | 1.0271       | 1.1821       | 0.9510     | 0.7606       | 0.9521   |           
120    | 2.7047     | 0.4895     | 1.0281       | 1.1871       | 0.9531     | 0.7431       | 0.9509   |           
130    | 2.6600     | 0.4437     | 1.0488       | 1.1675       | 0.9542     | 0.6707       | 0.9378   |           
140    | 2.7294     | 0.4796     | 1.0579       | 1.1919       | 0.9500     | 0.6262       | 0.9605   | (ADV 0.64)
150    | 2.7620     | 0.4837     | 1.0837       | 1.1945       | 0.9500     | 0.5737       | 0.8702   | (ADV 0.66)
160    | 2.7567     | 0.4733     | 1.0577       | 1.2257       | 0.9510     | 0.6152       | 0.9091   |           
170    | 2.8560     | 0.4919     | 1.1423       | 1.2218       | 0.9396     | 0.5864       | 1.0193   |           
180    | 2.7310     | 0.4379     | 1.0777       | 1.2153       | 0.9500     | 0.5671       | 0.9981   |           
190    | 2.7763     | 0.4441     | 1.1174       | 1.2147       | 0.9167     | 0.6034       | 0.8821   |           
200    | 2.7802     | 0.4466     | 1.1362       | 1.1975       | 0.9354     | 0.6124       | 1.0275   |           
210    | 2.8705     | 0.4972     | 1.1558       | 1.2176       | 0.9396     | 0.5846       | 0.9300   |           
220    | 2.8115     | 0.4372     | 1.1540       | 1.2203       | 0.9542     | 0.5654       | 0.9205   |           
230    | 2.7983     | 0.4370     | 1.1525       | 1.2087       | 0.9396     | 0.5015       | 1.0525   | (ADV 0.69)
240    | 2.8101     | 0.4132     | 1.1764       | 1.2205       | 0.9448     | 0.5797       | 1.0278   |           
250    | 2.8283     | 0.4342     | 1.1777       | 1.2164       | 0.9552     | 0.5394       | 1.0306   |           
260    | 2.8449     | 0.4438     | 1.1931       | 1.2080       | 0.9427     | 0.5831       | 0.9349   |           
270    | 2.8357     | 0.4283     | 1.1902       | 1.2172       | 0.9521     | 0.5543       | 0.9711   |           
280    | 2.8515     | 0.4011     | 1.2109       | 1.2395       | 0.9510     | 0.5635       | 0.9723   |           
290    | 2.8898     | 0.4121     | 1.2596       | 1.2181       | 0.9500     | 0.5021       | 0.9809   |           
300    | 2.9070     | 0.4335     | 1.2421       | 1.2314       | 0.9135     | 0.5052       | 1.0125   |           
310    | 2.8916     | 0.4212     | 1.2414       | 1.2291       | 0.9604     | 0.4345       | 0.9946   | (ADV 0.74)
320    | 2.8852     | 0.4309     | 1.2138       | 1.2406       | 0.9375     | 0.5195       | 0.9702   |           
330    | 2.8523     | 0.3981     | 1.2207       | 1.2335       | 0.9469     | 0.4766       | 0.9480   |           
340    | 2.8539     | 0.3794     | 1.2399       | 1.2345       | 0.9500     | 0.4568       | 0.8730   |           
350    | 2.8471     | 0.3859     | 1.2365       | 1.2246       | 0.9479     | 0.5205       | 0.9029   |           
360    | 2.9074     | 0.4121     | 1.2594       | 1.2358       | 0.9604     | 0.4919       | 0.9096   |           
370    | 2.9125     | 0.3901     | 1.2569       | 1.2654       | 0.9458     | 0.4965       | 0.9720   |           
380    | 2.9554     | 0.4032     | 1.2712       | 1.2810       | 0.9510     | 0.4858       | 0.9753   |           
390    | 2.9091     | 0.3811     | 1.2658       | 1.2622       | 0.9469     | 0.4835       | 0.9188   |           
400    | 2.9078     | 0.3750     | 1.2551       | 1.2777       | 0.9365     | 0.4718       | 0.9052   |           
410    | 2.9722     | 0.3907     | 1.2980       | 1.2835       | 0.9500     | 0.4802       | 0.9415   |           
420    | 2.9303     | 0.3779     | 1.2764       | 1.2760       | 0.9500     | 0.5525       | 1.0362   |           
430    | 2.9216     | 0.3571     | 1.2780       | 1.2865       | 0.9375     | 0.4643       | 0.8945   |           
440    | 2.9000     | 0.3442     | 1.2608       | 1.2950       | 0.9583     | 0.4935       | 0.9409   |           
450    | 2.9542     | 0.3815     | 1.2811       | 1.2916       | 0.9490     | 0.4679       | 0.8723   |           
460    | 2.9348     | 0.3667     | 1.2733       | 1.2948       | 0.9219     | 0.4590       | 0.9415   |           
470    | 2.9532     | 0.3670     | 1.2792       | 1.3071       | 0.9365     | 0.3920       | 0.9294   |           
480    | 2.9354     | 0.3486     | 1.2899       | 1.2969       | 0.9510     | 0.4236       | 0.9261   |           
490    | 2.9480     | 0.3495     | 1.2980       | 1.3005       | 0.9510     | 0.4116       | 0.9387   |           
500    | 2.9459     | 0.3493     | 1.2973       | 1.2992       | 0.9531     | 0.3879       | 0.9175   |           
Seed 1024 | Src Acc: 96.6327 | Src MDE: 0.0531 | Tgt Acc: 36.3265 | Tgt MDE: 0.8984
Finished Combo GeoSPA_1. Results saved.
