==========================================
Current Architecture: GeoSPA-Net (Fixed)
mcAPs (Real Anchors): [2, 3] (Indices: [1, 2])
Legacy APs (Virtual): [1, 4] (Indices: [0, 3])
==========================================
>> Training PCN (Stage 2) on Source Domain...
>> Source PCN Training Finished. Huber Loss: 0.0041
>> Training PCN (Stage 2) on Target Domain...
>> Target PCN Training Finished. Huber Loss: 0.0039

Start GeoSPA-Net Training Seed 42...
Epoch  | Total Loss | Tr Cls     | Tr Dom RSSI  | Tr Dom RTT   | Val T Acc  | Val T Entropy | Test MDE
------------------------------------------------------------------------------------------------------------------------
10     | 3.2324     | 1.0739     | 0.9688       | 1.1897       | 0.9583     | 2.7233       | 0.9252   |           
20     | 2.5254     | 0.6458     | 0.8144       | 1.0651       | 0.9635     | 1.9184       | 0.9230   | (ADV 0.00)
30     | 2.2825     | 0.4884     | 0.7771       | 1.0169       | 0.9656     | 1.4303       | 0.8577   | (ADV 0.25)
40     | 2.2180     | 0.4488     | 0.7808       | 0.9883       | 0.9698     | 1.1317       | 0.8200   | (ADV 0.40)
50     | 2.1774     | 0.4083     | 0.7911       | 0.9780       | 0.9760     | 1.0361       | 0.7611   | (ADV 0.46)
60     | 2.3618     | 0.4240     | 0.9397       | 0.9981       | 0.9760     | 0.9394       | 0.7662   |           
70     | 2.4498     | 0.4190     | 1.0058       | 1.0250       | 0.9667     | 0.8027       | 0.7309   |           
80     | 2.5287     | 0.4145     | 1.0093       | 1.1049       | 0.9667     | 0.8267       | 0.7964   |           
90     | 2.6135     | 0.4167     | 1.0562       | 1.1406       | 0.9708     | 0.7402       | 0.8052   |           
100    | 2.6552     | 0.4015     | 1.0941       | 1.1596       | 0.9521     | 0.7016       | 0.6439   |           
110    | 2.6283     | 0.3814     | 1.0910       | 1.1560       | 0.9708     | 0.6513       | 0.7796   |           
120    | 2.6620     | 0.3737     | 1.1246       | 1.1637       | 0.9688     | 0.6127       | 0.6845   | (ADV 0.66)
130    | 2.7307     | 0.4020     | 1.1589       | 1.1698       | 0.9604     | 0.6216       | 0.7362   |           
140    | 2.7250     | 0.3910     | 1.1580       | 1.1760       | 0.9708     | 0.6185       | 0.7721   |           
150    | 2.7157     | 0.3757     | 1.1592       | 1.1807       | 0.9760     | 0.5703       | 0.7382   | (ADV 0.69)
160    | 2.7961     | 0.3891     | 1.2174       | 1.1895       | 0.9729     | 0.6058       | 0.8741   |           
170    | 2.7417     | 0.3620     | 1.1873       | 1.1925       | 0.9729     | 0.5251       | 0.8026   |           
180    | 2.8018     | 0.3781     | 1.2421       | 1.1817       | 0.9729     | 0.5143       | 0.7329   |           
190    | 2.8189     | 0.3670     | 1.2342       | 1.2177       | 0.9688     | 0.5143       | 0.8136   |           
200    | 2.7914     | 0.3462     | 1.2402       | 1.2050       | 0.9677     | 0.4778       | 0.7608   |           
210    | 2.8038     | 0.3546     | 1.2522       | 1.1970       | 0.9698     | 0.5152       | 0.7989   |           
220    | 2.7919     | 0.3332     | 1.2671       | 1.1915       | 0.9708     | 0.4740       | 0.7254   | (ADV 0.73)
230    | 2.7838     | 0.3255     | 1.2587       | 1.1996       | 0.9646     | 0.5248       | 0.8831   |           
240    | 2.8072     | 0.3134     | 1.2567       | 1.2371       | 0.9667     | 0.5053       | 0.7467   |           
250    | 2.8508     | 0.3325     | 1.2729       | 1.2455       | 0.9708     | 0.4618       | 0.7682   | (ADV 0.74)
260    | 2.8549     | 0.3332     | 1.2815       | 1.2403       | 0.9656     | 0.4865       | 0.7968   |           
270    | 2.8395     | 0.3134     | 1.2739       | 1.2522       | 0.9667     | 0.5069       | 0.6399   |           
280    | 2.8529     | 0.3126     | 1.2845       | 1.2557       | 0.9708     | 0.5153       | 0.7796   |           
290    | 2.8826     | 0.3295     | 1.2882       | 1.2649       | 0.9812     | 0.4566       | 0.7564   |           
300    | 2.8826     | 0.3262     | 1.2903       | 1.2661       | 0.9750     | 0.5132       | 0.8180   |           
310    | 2.8807     | 0.3252     | 1.2953       | 1.2603       | 0.9646     | 0.4812       | 0.7920   |           
320    | 2.8383     | 0.3017     | 1.2856       | 1.2509       | 0.9740     | 0.4731       | 0.7270   |           
330    | 2.8607     | 0.2965     | 1.2882       | 1.2760       | 0.9844     | 0.3914       | 0.7677   | (ADV 0.79)
340    | 2.8481     | 0.2878     | 1.2941       | 1.2663       | 0.9781     | 0.4390       | 0.7334   |           
350    | 2.9114     | 0.3156     | 1.3058       | 1.2900       | 0.9760     | 0.3840       | 0.7820   |           
360    | 2.8750     | 0.2859     | 1.2992       | 1.2899       | 0.9656     | 0.4660       | 0.7311   |           
370    | 2.8859     | 0.2818     | 1.3003       | 1.3037       | 0.9760     | 0.3986       | 0.7828   |           
380    | 2.8817     | 0.2733     | 1.2976       | 1.3107       | 0.9760     | 0.4212       | 0.7429   |           
390    | 2.9100     | 0.2955     | 1.3066       | 1.3078       | 0.9729     | 0.4317       | 0.7912   |           
400    | 2.8819     | 0.2826     | 1.2962       | 1.3032       | 0.9792     | 0.3509       | 0.7707   | (ADV 0.80)
410    | 2.9051     | 0.2911     | 1.3096       | 1.3044       | 0.9708     | 0.3592       | 0.7658   |           
420    | 2.9151     | 0.3064     | 1.3004       | 1.3083       | 0.9740     | 0.3787       | 0.7383   |           
430    | 2.8900     | 0.2748     | 1.3174       | 1.2978       | 0.9802     | 0.3465       | 0.8255   |           
440    | 2.9284     | 0.3097     | 1.3119       | 1.3069       | 0.9688     | 0.4030       | 0.7469   |           
450    | 2.9038     | 0.2701     | 1.3117       | 1.3220       | 0.9760     | 0.3410       | 0.7064   |           
460    | 2.8946     | 0.2740     | 1.3166       | 1.3040       | 0.9750     | 0.3360       | 0.7185   |           
470    | 2.8935     | 0.2671     | 1.3269       | 1.2996       | 0.9740     | 0.3001       | 0.8142   |           
480    | 2.8907     | 0.2625     | 1.3187       | 1.3095       | 0.9771     | 0.3251       | 0.7180   |           
490    | 2.8794     | 0.2660     | 1.3287       | 1.2847       | 0.9740     | 0.3142       | 0.8084   |           
500    | 2.8893     | 0.2704     | 1.3237       | 1.2953       | 0.9750     | 0.3737       | 0.6845   |           
Seed 42 | Src Acc: 97.8571 | Src MDE: 0.0359 | Tgt Acc: 38.2653 | Tgt MDE: 0.7802
>> Training PCN (Stage 2) on Source Domain...
>> Source PCN Training Finished. Huber Loss: 0.0041
>> Training PCN (Stage 2) on Target Domain...
>> Target PCN Training Finished. Huber Loss: 0.0035

Start GeoSPA-Net Training Seed 67...
Epoch  | Total Loss | Tr Cls     | Tr Dom RSSI  | Tr Dom RTT   | Val T Acc  | Val T Entropy | Test MDE
------------------------------------------------------------------------------------------------------------------------
10     | 3.1515     | 1.0198     | 0.9669       | 1.1648       | 0.9531     | 2.7102       | 0.8973   |           
20     | 2.4784     | 0.6218     | 0.8237       | 1.0329       | 0.9625     | 1.8661       | 0.8368   | (ADV 0.03)
30     | 2.2354     | 0.4871     | 0.7679       | 0.9804       | 0.9750     | 1.4028       | 0.8561   | (ADV 0.27)
40     | 2.2490     | 0.4390     | 0.8294       | 0.9807       | 0.9771     | 1.1510       | 0.7822   |           
50     | 2.3297     | 0.4212     | 0.9374       | 0.9711       | 0.9760     | 0.9374       | 0.8293   | (ADV 0.51)
60     | 2.3586     | 0.3974     | 0.9550       | 1.0063       | 0.9677     | 0.8615       | 0.7337   |           
70     | 2.4335     | 0.4123     | 0.9914       | 1.0298       | 0.9792     | 0.7740       | 0.8242   | (ADV 0.59)
80     | 2.4549     | 0.4030     | 1.0031       | 1.0488       | 0.9688     | 0.7948       | 0.7063   |           
90     | 2.4884     | 0.3881     | 1.0006       | 1.0997       | 0.9760     | 0.7307       | 0.7108   |           
100    | 2.5777     | 0.3979     | 1.0570       | 1.1228       | 0.9583     | 0.7169       | 0.7347   |           
110    | 2.6418     | 0.4071     | 1.0991       | 1.1356       | 0.9719     | 0.6746       | 0.7014   |           
120    | 2.6902     | 0.4261     | 1.0889       | 1.1752       | 0.9740     | 0.6626       | 0.7520   |           
130    | 2.5984     | 0.3705     | 1.1009       | 1.1270       | 0.9677     | 0.6217       | 0.6711   |           
140    | 2.6567     | 0.3791     | 1.1065       | 1.1711       | 0.9656     | 0.6275       | 0.7136   |           
150    | 2.6354     | 0.3674     | 1.1059       | 1.1621       | 0.9656     | 0.5867       | 0.7131   |           
160    | 2.6803     | 0.3699     | 1.1294       | 1.1810       | 0.9698     | 0.5347       | 0.7310   | (ADV 0.70)
170    | 2.7002     | 0.3745     | 1.1353       | 1.1904       | 0.9760     | 0.5620       | 0.6813   |           
180    | 2.7041     | 0.3499     | 1.1593       | 1.1950       | 0.9719     | 0.5475       | 0.6825   |           
190    | 2.6919     | 0.3502     | 1.1677       | 1.1739       | 0.9719     | 0.5082       | 0.6909   |           
200    | 2.7655     | 0.3688     | 1.1867       | 1.2100       | 0.9708     | 0.4789       | 0.7459   |           
210    | 2.7200     | 0.3391     | 1.1947       | 1.1862       | 0.9667     | 0.5237       | 0.7644   |           
220    | 2.7441     | 0.3404     | 1.1993       | 1.2045       | 0.9646     | 0.4977       | 0.6998   |           
230    | 2.7763     | 0.3520     | 1.2451       | 1.1791       | 0.9750     | 0.5218       | 0.7692   |           
240    | 2.7763     | 0.3421     | 1.2425       | 1.1917       | 0.9750     | 0.4893       | 0.7368   |           
250    | 2.8265     | 0.3561     | 1.2588       | 1.2116       | 0.9688     | 0.5298       | 0.6289   |           
260    | 2.7888     | 0.3169     | 1.2586       | 1.2133       | 0.9542     | 0.4760       | 0.7158   |           
270    | 2.8394     | 0.3319     | 1.2790       | 1.2285       | 0.9708     | 0.4755       | 0.7411   |           
280    | 2.8034     | 0.3047     | 1.2881       | 1.2106       | 0.9698     | 0.4904       | 0.7252   |           
290    | 2.8479     | 0.3227     | 1.2946       | 1.2306       | 0.9698     | 0.4374       | 0.7151   |           
300    | 2.7953     | 0.2876     | 1.2828       | 1.2249       | 0.9688     | 0.4199       | 0.7434   |           
310    | 2.8451     | 0.3126     | 1.2894       | 1.2431       | 0.9740     | 0.4561       | 0.6905   |           
320    | 2.8628     | 0.3004     | 1.3045       | 1.2579       | 0.9625     | 0.4555       | 0.7286   |           
330    | 2.8795     | 0.3052     | 1.3190       | 1.2553       | 0.9615     | 0.4677       | 0.7685   |           
340    | 2.8770     | 0.3085     | 1.3008       | 1.2677       | 0.9656     | 0.4039       | 0.7211   |           
350    | 2.8659     | 0.2827     | 1.3114       | 1.2718       | 0.9688     | 0.4022       | 0.6511   |           
360    | 2.8942     | 0.3089     | 1.3134       | 1.2719       | 0.9604     | 0.4357       | 0.7161   |           
370    | 2.9103     | 0.2997     | 1.3204       | 1.2902       | 0.9688     | 0.4916       | 0.6807   |           
380    | 2.8872     | 0.2868     | 1.3157       | 1.2848       | 0.9677     | 0.4536       | 0.8215   |           
390    | 2.8400     | 0.2545     | 1.3015       | 1.2840       | 0.9594     | 0.4305       | 0.7328   |           
400    | 2.8858     | 0.2710     | 1.3217       | 1.2930       | 0.9573     | 0.4125       | 0.7442   |           
410    | 2.8747     | 0.2600     | 1.3236       | 1.2911       | 0.9719     | 0.4448       | 0.7184   |           
420    | 2.8579     | 0.2525     | 1.3240       | 1.2814       | 0.9635     | 0.4555       | 0.7048   |           
430    | 2.8365     | 0.2431     | 1.3104       | 1.2829       | 0.9521     | 0.3640       | 0.7262   |           
440    | 2.8525     | 0.2496     | 1.3111       | 1.2919       | 0.9656     | 0.4048       | 0.6840   |           
450    | 2.8657     | 0.2581     | 1.3179       | 1.2897       | 0.9594     | 0.3622       | 0.7147   |           
460    | 2.8560     | 0.2602     | 1.3088       | 1.2870       | 0.9708     | 0.3805       | 0.8677   |           
470    | 2.8710     | 0.2538     | 1.3182       | 1.2989       | 0.9729     | 0.3797       | 0.7819   |           
480    | 2.8847     | 0.2698     | 1.3221       | 1.2928       | 0.9688     | 0.3975       | 0.7378   |           
490    | 2.8657     | 0.2559     | 1.3119       | 1.2979       | 0.9698     | 0.3821       | 0.7303   |           
500    | 2.9039     | 0.2742     | 1.3315       | 1.2982       | 0.9615     | 0.3834       | 0.8116   |           
Seed 67 | Src Acc: 97.1429 | Src MDE: 0.0403 | Tgt Acc: 41.3265 | Tgt MDE: 0.7229
>> Training PCN (Stage 2) on Source Domain...
>> Source PCN Training Finished. Huber Loss: 0.0028
>> Training PCN (Stage 2) on Target Domain...
>> Target PCN Training Finished. Huber Loss: 0.0026

Start GeoSPA-Net Training Seed 1024...
Epoch  | Total Loss | Tr Cls     | Tr Dom RSSI  | Tr Dom RTT   | Val T Acc  | Val T Entropy | Test MDE
------------------------------------------------------------------------------------------------------------------------
10     | 3.2701     | 1.0970     | 0.9969       | 1.1762       | 0.9563     | 2.6752       | 0.8848   |           
20     | 2.5608     | 0.6617     | 0.8355       | 1.0636       | 0.9667     | 1.9337       | 0.9422   | (ADV -0.00)
30     | 2.3049     | 0.5218     | 0.7687       | 1.0144       | 0.9667     | 1.3896       | 0.8838   | (ADV 0.27)
40     | 2.2949     | 0.4712     | 0.8080       | 1.0157       | 0.9792     | 1.1165       | 0.9353   | (ADV 0.42)
50     | 2.2582     | 0.4266     | 0.8335       | 0.9980       | 0.9771     | 1.0116       | 0.9540   |           
60     | 2.4082     | 0.4374     | 0.9194       | 1.0514       | 0.9802     | 0.9171       | 0.8108   |           
70     | 2.3858     | 0.4173     | 0.9312       | 1.0373       | 0.9708     | 0.8628       | 0.8789   |           
80     | 2.4434     | 0.4146     | 0.9591       | 1.0697       | 0.9729     | 0.7166       | 0.7818   | (ADV 0.61)
90     | 2.5306     | 0.4079     | 1.0177       | 1.1049       | 0.9812     | 0.7253       | 0.9153   | (ADV 0.62)
100    | 2.6574     | 0.4288     | 1.0854       | 1.1433       | 0.9635     | 0.7361       | 0.8410   |           
110    | 2.6748     | 0.4237     | 1.1137       | 1.1374       | 0.9750     | 0.6767       | 0.8310   | (ADV 0.64)
120    | 2.8712     | 0.5192     | 1.1788       | 1.1732       | 0.9708     | 0.7515       | 0.7885   |           
130    | 2.6687     | 0.3688     | 1.1326       | 1.1673       | 0.9792     | 0.6076       | 0.8056   |           
140    | 2.6861     | 0.3758     | 1.1417       | 1.1686       | 0.9708     | 0.5377       | 0.8457   |           
150    | 2.8144     | 0.4286     | 1.2202       | 1.1655       | 0.9740     | 0.5724       | 0.7907   |           
160    | 2.7286     | 0.3723     | 1.1754       | 1.1810       | 0.9708     | 0.5829       | 0.7352   |           
170    | 2.7685     | 0.3894     | 1.2011       | 1.1780       | 0.9750     | 0.5504       | 0.8981   |           
180    | 2.7719     | 0.3739     | 1.2013       | 1.1967       | 0.9615     | 0.5360       | 0.9295   |           
190    | 2.7684     | 0.3536     | 1.2193       | 1.1956       | 0.9708     | 0.4980       | 0.8740   |           
200    | 2.7518     | 0.3393     | 1.2136       | 1.1989       | 0.9771     | 0.5356       | 0.9341   |           
210    | 2.8179     | 0.3652     | 1.2246       | 1.2281       | 0.9760     | 0.4947       | 0.9231   |           
220    | 2.8081     | 0.3301     | 1.2657       | 1.2123       | 0.9781     | 0.5056       | 0.9158   |           
230    | 2.8136     | 0.3492     | 1.2654       | 1.1990       | 0.9760     | 0.5080       | 0.9465   |           
240    | 2.8027     | 0.3212     | 1.2588       | 1.2227       | 0.9729     | 0.4920       | 0.9916   |           
250    | 2.8095     | 0.3176     | 1.2688       | 1.2230       | 0.9729     | 0.4640       | 0.9796   |           
260    | 2.8151     | 0.3054     | 1.2823       | 1.2273       | 0.9677     | 0.4257       | 0.8919   |           
270    | 2.8580     | 0.3379     | 1.2794       | 1.2407       | 0.9635     | 0.4436       | 0.9228   |           
280    | 2.8604     | 0.3284     | 1.2750       | 1.2570       | 0.9667     | 0.4843       | 0.8846   |           
290    | 2.8807     | 0.3238     | 1.3075       | 1.2495       | 0.9750     | 0.5415       | 0.8761   |           
300    | 2.8361     | 0.3023     | 1.2859       | 1.2479       | 0.9729     | 0.4312       | 0.9307   |           
310    | 2.8615     | 0.3060     | 1.3021       | 1.2533       | 0.9667     | 0.4602       | 0.8718   |           
320    | 2.8479     | 0.2911     | 1.2967       | 1.2601       | 0.9760     | 0.4547       | 0.9372   |           
330    | 2.9071     | 0.3252     | 1.3103       | 1.2716       | 0.9688     | 0.4494       | 0.8932   |           
340    | 2.8797     | 0.2898     | 1.3064       | 1.2836       | 0.9781     | 0.4997       | 0.9302   |           
350    | 2.8660     | 0.2739     | 1.3119       | 1.2802       | 0.9719     | 0.4768       | 0.8949   |           
360    | 2.8896     | 0.2865     | 1.3145       | 1.2886       | 0.9604     | 0.3912       | 0.8455   |           
370    | 2.8712     | 0.2769     | 1.3160       | 1.2784       | 0.9740     | 0.4236       | 0.9519   |           
380    | 2.8964     | 0.2827     | 1.3269       | 1.2868       | 0.9635     | 0.4619       | 0.8678   |           
390    | 2.8610     | 0.2582     | 1.3212       | 1.2816       | 0.9729     | 0.4135       | 0.8175   |           
400    | 2.8790     | 0.2733     | 1.3185       | 1.2873       | 0.9750     | 0.4024       | 0.8647   |           
410    | 2.9328     | 0.3059     | 1.3262       | 1.3008       | 0.9688     | 0.3922       | 0.9570   |           
420    | 2.8897     | 0.2836     | 1.3261       | 1.2800       | 0.9417     | 0.4017       | 0.9201   |           
430    | 2.8272     | 0.2397     | 1.3195       | 1.2680       | 0.9573     | 0.4014       | 0.9219   |           
440    | 2.8830     | 0.2624     | 1.3227       | 1.2979       | 0.9698     | 0.3969       | 1.0002   |           
450    | 2.9026     | 0.2835     | 1.3255       | 1.2936       | 0.9719     | 0.3809       | 1.0212   |           
460    | 2.8618     | 0.2545     | 1.3145       | 1.2927       | 0.9667     | 0.3074       | 0.9448   |           
470    | 2.8723     | 0.2446     | 1.3234       | 1.3043       | 0.9740     | 0.3734       | 0.8723   |           
480    | 2.8443     | 0.2196     | 1.3192       | 1.3055       | 0.9740     | 0.3655       | 0.9724   |           
490    | 2.8892     | 0.2540     | 1.3239       | 1.3114       | 0.9760     | 0.3772       | 0.9261   |           
500    | 2.8721     | 0.2327     | 1.3228       | 1.3166       | 0.9688     | 0.3327       | 0.9022   |           
Seed 1024 | Src Acc: 97.7551 | Src MDE: 0.0328 | Tgt Acc: 33.4694 | Tgt MDE: 0.9046
Finished Combo GeoSPA_2_3. Results saved.
