==========================================
Current Architecture: GeoSPA-Net (Fixed)
mcAPs (Real Anchors): [1, 3] (Indices: [0, 2])
Legacy APs (Virtual): [2, 4] (Indices: [1, 3])
==========================================
>> Training PCN (Stage 2) on Source Domain...
>> Source PCN Training Finished. Huber Loss: 0.0047
>> Training PCN (Stage 2) on Target Domain...
>> Target PCN Training Finished. Huber Loss: 0.0048

Start GeoSPA-Net Training Seed 42...
Epoch  | Total Loss | Tr Cls     | Tr Dom RSSI  | Tr Dom RTT   | Val T Acc  | Val T Entropy | Test MDE
------------------------------------------------------------------------------------------------------------------------
10     | 4.4996     | 2.0493     | 1.1344       | 1.3158       | 0.8740     | 3.1178       | 0.9381   |           
20     | 3.4236     | 1.2163     | 0.9781       | 1.2293       | 0.9323     | 2.3986       | 0.8405   | (ADV -0.27)
30     | 3.1417     | 0.9782     | 1.0261       | 1.1374       | 0.9521     | 2.0758       | 0.8038   |           
40     | 2.9726     | 0.8298     | 1.0179       | 1.1250       | 0.9510     | 1.6720       | 0.8263   | (ADV 0.12)
50     | 2.8135     | 0.6957     | 0.9822       | 1.1356       | 0.9583     | 1.4821       | 0.7583   | (ADV 0.22)
60     | 2.6820     | 0.6291     | 0.9447       | 1.1082       | 0.9625     | 1.3400       | 0.7472   | (ADV 0.29)
70     | 2.6751     | 0.6102     | 0.9677       | 1.0972       | 0.9542     | 1.1856       | 0.7711   | (ADV 0.36)
80     | 2.7455     | 0.6241     | 1.0144       | 1.1070       | 0.9635     | 1.2219       | 0.8046   |           
90     | 2.7638     | 0.6029     | 1.0195       | 1.1414       | 0.9594     | 1.1332       | 0.7904   |           
100    | 2.8244     | 0.6167     | 1.0506       | 1.1572       | 0.9635     | 1.0400       | 0.8128   |           
110    | 2.8446     | 0.6017     | 1.0975       | 1.1454       | 0.9615     | 0.9309       | 0.8026   | (ADV 0.50)
120    | 2.8180     | 0.5557     | 1.0808       | 1.1816       | 0.9635     | 0.9085       | 0.7412   | (ADV 0.51)
130    | 2.9196     | 0.6026     | 1.1303       | 1.1867       | 0.9594     | 0.9049       | 0.8155   |           
140    | 2.9030     | 0.5463     | 1.1562       | 1.2004       | 0.9604     | 0.9395       | 0.8282   |           
150    | 2.9844     | 0.6057     | 1.1754       | 1.2033       | 0.9385     | 0.8741       | 0.8088   |           
160    | 2.8570     | 0.5154     | 1.1525       | 1.1891       | 0.9479     | 0.7943       | 0.8410   |           
170    | 2.8865     | 0.5401     | 1.1709       | 1.1755       | 0.9531     | 0.8617       | 0.8204   |           
180    | 2.9125     | 0.5310     | 1.1772       | 1.2043       | 0.9396     | 0.8392       | 0.8281   |           
190    | 2.8776     | 0.5087     | 1.1705       | 1.1984       | 0.9563     | 0.7765       | 0.8775   |           
200    | 2.8784     | 0.5226     | 1.1590       | 1.1969       | 0.9521     | 0.7887       | 0.7648   |           
210    | 2.9323     | 0.5532     | 1.1534       | 1.2256       | 0.9625     | 0.8400       | 0.7830   |           
220    | 2.8768     | 0.5015     | 1.1662       | 1.2091       | 0.9563     | 0.7024       | 0.8787   |           
230    | 2.9335     | 0.5284     | 1.1926       | 1.2125       | 0.9531     | 0.7248       | 0.8036   |           
240    | 2.8980     | 0.4828     | 1.2079       | 1.2073       | 0.9677     | 0.7155       | 0.8061   |           
250    | 2.9710     | 0.5440     | 1.2025       | 1.2245       | 0.9563     | 0.7145       | 0.7821   |           
260    | 2.9326     | 0.5070     | 1.1985       | 1.2271       | 0.9573     | 0.6427       | 0.7343   |           
270    | 2.9405     | 0.5083     | 1.2047       | 1.2276       | 0.9604     | 0.6485       | 0.7407   |           
280    | 2.9598     | 0.5345     | 1.2054       | 1.2199       | 0.9531     | 0.6842       | 0.8007   |           
290    | 2.9166     | 0.4662     | 1.2030       | 1.2474       | 0.9594     | 0.6091       | 0.7704   |           
300    | 2.8761     | 0.4543     | 1.2214       | 1.2004       | 0.9479     | 0.6448       | 0.8080   |           
310    | 2.8965     | 0.4723     | 1.2121       | 1.2121       | 0.9635     | 0.5924       | 0.7606   | (ADV 0.67)
320    | 2.9262     | 0.4931     | 1.2147       | 1.2183       | 0.9635     | 0.6647       | 0.7274   |           
330    | 2.9722     | 0.4942     | 1.2445       | 1.2335       | 0.9510     | 0.6367       | 0.7013   |           
340    | 2.8535     | 0.4427     | 1.1977       | 1.2132       | 0.9552     | 0.6206       | 0.8782   |           
350    | 2.8815     | 0.4371     | 1.2330       | 1.2114       | 0.9615     | 0.6079       | 0.8877   |           
360    | 2.8925     | 0.4542     | 1.2158       | 1.2225       | 0.9615     | 0.6640       | 0.8293   |           
370    | 2.9497     | 0.4782     | 1.2381       | 1.2335       | 0.9563     | 0.6547       | 0.8706   |           
380    | 2.9695     | 0.4971     | 1.2327       | 1.2396       | 0.9688     | 0.6574       | 0.7774   |           
390    | 2.8584     | 0.4313     | 1.1900       | 1.2371       | 0.9635     | 0.5794       | 0.8544   |           
400    | 2.8156     | 0.3885     | 1.1987       | 1.2284       | 0.9563     | 0.5751       | 0.9194   |           
410    | 2.9075     | 0.4559     | 1.2244       | 1.2271       | 0.9729     | 0.5917       | 0.7636   |           
420    | 2.9021     | 0.4477     | 1.2307       | 1.2237       | 0.9667     | 0.5948       | 0.7993   |           
430    | 2.8690     | 0.4233     | 1.2175       | 1.2282       | 0.9635     | 0.5630       | 0.8277   |           
440    | 2.8685     | 0.4230     | 1.2239       | 1.2215       | 0.9646     | 0.5495       | 0.7537   |           
450    | 2.9068     | 0.4513     | 1.2203       | 1.2352       | 0.9354     | 0.6480       | 0.8481   |           
460    | 2.8947     | 0.4167     | 1.2527       | 1.2253       | 0.9479     | 0.6061       | 0.7940   |           
470    | 2.9060     | 0.4230     | 1.2346       | 1.2485       | 0.9740     | 0.5563       | 0.8225   |           
480    | 2.8755     | 0.4142     | 1.2409       | 1.2204       | 0.9698     | 0.4990       | 0.7052   | (ADV 0.72)
490    | 2.8901     | 0.4236     | 1.2521       | 1.2144       | 0.9552     | 0.5093       | 0.7810   |           
500    | 2.8823     | 0.4051     | 1.2486       | 1.2286       | 0.9615     | 0.5525       | 0.7827   |           
Seed 42 | Src Acc: 95.7143 | Src MDE: 0.0607 | Tgt Acc: 41.0204 | Tgt MDE: 0.7416
>> Training PCN (Stage 2) on Source Domain...
>> Source PCN Training Finished. Huber Loss: 0.0045
>> Training PCN (Stage 2) on Target Domain...
>> Target PCN Training Finished. Huber Loss: 0.0040

Start GeoSPA-Net Training Seed 67...
Epoch  | Total Loss | Tr Cls     | Tr Dom RSSI  | Tr Dom RTT   | Val T Acc  | Val T Entropy | Test MDE
------------------------------------------------------------------------------------------------------------------------
10     | 4.3559     | 1.9327     | 1.1823       | 1.2409       | 0.8677     | 3.2246       | 0.8805   |           
20     | 3.3634     | 1.2064     | 1.0498       | 1.1072       | 0.9167     | 2.3970       | 0.8896   | (ADV -0.28)
30     | 3.0571     | 0.9281     | 1.0402       | 1.0889       | 0.9323     | 1.9187       | 0.8741   | (ADV -0.03)
40     | 2.9057     | 0.7509     | 1.0524       | 1.1024       | 0.9490     | 1.5294       | 0.7907   | (ADV 0.18)
50     | 2.8862     | 0.7418     | 1.0285       | 1.1159       | 0.9521     | 1.4093       | 0.7586   |           
60     | 2.7842     | 0.6394     | 1.0133       | 1.1315       | 0.9437     | 1.2478       | 0.8965   | (ADV 0.32)
70     | 2.8038     | 0.6356     | 1.0372       | 1.1310       | 0.9500     | 1.2320       | 0.7318   |           
80     | 2.8182     | 0.6413     | 1.0541       | 1.1228       | 0.9521     | 1.0450       | 0.7892   | (ADV 0.43)
90     | 2.7255     | 0.5761     | 1.0521       | 1.0973       | 0.9490     | 1.0526       | 0.7265   |           
100    | 2.7269     | 0.5635     | 1.0566       | 1.1067       | 0.9427     | 1.0018       | 0.6781   |           
110    | 2.7898     | 0.5504     | 1.0782       | 1.1612       | 0.9406     | 0.9539       | 0.7364   |           
120    | 2.8448     | 0.5770     | 1.1192       | 1.1486       | 0.9406     | 0.9237       | 0.8500   |           
130    | 2.8003     | 0.5489     | 1.1011       | 1.1503       | 0.9563     | 0.8770       | 0.8249   | (ADV 0.52)
140    | 2.7846     | 0.5070     | 1.1048       | 1.1728       | 0.9396     | 0.8998       | 0.7789   |           
150    | 2.8832     | 0.5660     | 1.1585       | 1.1587       | 0.9427     | 0.8203       | 0.7128   |           
160    | 2.9722     | 0.5878     | 1.1774       | 1.2070       | 0.9542     | 0.8109       | 0.6992   |           
170    | 2.8290     | 0.5110     | 1.1557       | 1.1623       | 0.9448     | 0.7802       | 0.6850   |           
180    | 2.8947     | 0.5476     | 1.1606       | 1.1866       | 0.9552     | 0.7650       | 0.7924   | (ADV 0.57)
190    | 2.9385     | 0.5589     | 1.1866       | 1.1930       | 0.9344     | 0.7292       | 0.8369   |           
200    | 2.8810     | 0.5325     | 1.1538       | 1.1947       | 0.9604     | 0.8241       | 0.8343   |           
210    | 2.9635     | 0.5598     | 1.1969       | 1.2068       | 0.9583     | 0.7517       | 0.6850   |           
220    | 2.8241     | 0.4905     | 1.1504       | 1.1833       | 0.9437     | 0.7208       | 0.7314   |           
230    | 2.9289     | 0.5331     | 1.1603       | 1.2355       | 0.9490     | 0.6937       | 0.8432   |           
240    | 2.9258     | 0.5350     | 1.1965       | 1.1944       | 0.9500     | 0.6390       | 0.7869   |           
250    | 2.9175     | 0.5246     | 1.1829       | 1.2101       | 0.9490     | 0.6646       | 0.6635   |           
260    | 2.9083     | 0.4967     | 1.2070       | 1.2046       | 0.9604     | 0.6232       | 0.6806   | (ADV 0.65)
270    | 2.8815     | 0.4931     | 1.1680       | 1.2204       | 0.9625     | 0.6627       | 0.7474   |           
280    | 2.9028     | 0.4947     | 1.1981       | 1.2099       | 0.9427     | 0.6806       | 0.6790   |           
290    | 2.8954     | 0.4863     | 1.2006       | 1.2086       | 0.9448     | 0.6855       | 0.6939   |           
300    | 2.8091     | 0.4438     | 1.1779       | 1.1874       | 0.9521     | 0.6470       | 0.8680   |           
310    | 2.8709     | 0.4818     | 1.1825       | 1.2067       | 0.9500     | 0.6234       | 0.6637   |           
320    | 2.8446     | 0.4493     | 1.2093       | 1.1860       | 0.9510     | 0.6334       | 0.7304   |           
330    | 2.8524     | 0.4600     | 1.1932       | 1.1992       | 0.9583     | 0.6206       | 0.7671   |           
340    | 2.8328     | 0.4401     | 1.1976       | 1.1952       | 0.9458     | 0.5837       | 0.7787   |           
350    | 2.9329     | 0.4696     | 1.2536       | 1.2098       | 0.9563     | 0.5721       | 0.6591   |           
360    | 2.9916     | 0.5197     | 1.2345       | 1.2374       | 0.9469     | 0.6401       | 0.7079   |           
370    | 2.9352     | 0.4758     | 1.2380       | 1.2213       | 0.9573     | 0.6840       | 0.7867   |           
380    | 2.9019     | 0.4807     | 1.2233       | 1.1979       | 0.9448     | 0.5782       | 0.7700   |           
390    | 2.9410     | 0.4668     | 1.2514       | 1.2229       | 0.9552     | 0.6517       | 0.6582   |           
400    | 2.8543     | 0.4263     | 1.2203       | 1.2077       | 0.9490     | 0.6548       | 0.6388   |           
410    | 2.8588     | 0.4350     | 1.2134       | 1.2104       | 0.9552     | 0.5532       | 0.7328   |           
420    | 2.8689     | 0.4567     | 1.2140       | 1.1982       | 0.9563     | 0.5892       | 0.8107   |           
430    | 2.9076     | 0.4500     | 1.2373       | 1.2203       | 0.9552     | 0.5636       | 0.7011   |           
440    | 2.9002     | 0.4485     | 1.2332       | 1.2186       | 0.9729     | 0.5557       | 0.7224   |           
450    | 2.8990     | 0.4142     | 1.2533       | 1.2315       | 0.9583     | 0.5641       | 0.6625   |           
460    | 2.8981     | 0.4210     | 1.2596       | 1.2175       | 0.9552     | 0.5736       | 0.6973   |           
470    | 2.9460     | 0.4564     | 1.2520       | 1.2376       | 0.9688     | 0.5500       | 0.6375   |           
480    | 2.8559     | 0.3953     | 1.2479       | 1.2126       | 0.9417     | 0.5472       | 0.7225   |           
490    | 2.9250     | 0.4260     | 1.2603       | 1.2388       | 0.9542     | 0.5790       | 0.6512   |           
500    | 2.9089     | 0.4182     | 1.2704       | 1.2203       | 0.9552     | 0.5152       | 0.6419   |           
Seed 67 | Src Acc: 97.2449 | Src MDE: 0.0397 | Tgt Acc: 39.1837 | Tgt MDE: 0.6790
>> Training PCN (Stage 2) on Source Domain...
>> Source PCN Training Finished. Huber Loss: 0.0038
>> Training PCN (Stage 2) on Target Domain...
>> Target PCN Training Finished. Huber Loss: 0.0031

Start GeoSPA-Net Training Seed 1024...
Epoch  | Total Loss | Tr Cls     | Tr Dom RSSI  | Tr Dom RTT   | Val T Acc  | Val T Entropy | Test MDE
------------------------------------------------------------------------------------------------------------------------
10     | 4.5391     | 2.0607     | 1.2203       | 1.2580       | 0.8385     | 3.2428       | 0.9952   |           
20     | 3.4791     | 1.2256     | 1.0784       | 1.1751       | 0.9323     | 2.4890       | 0.8148   | (ADV -0.31)
30     | 3.1437     | 0.9571     | 1.0368       | 1.1498       | 0.9177     | 2.1110       | 0.7828   |           
40     | 2.9903     | 0.8195     | 1.0435       | 1.1272       | 0.9458     | 1.6667       | 0.8802   |           
50     | 2.8339     | 0.6906     | 1.0099       | 1.1333       | 0.9469     | 1.4843       | 0.8176   |           
60     | 2.7959     | 0.6679     | 1.0100       | 1.1180       | 0.9458     | 1.3375       | 0.7789   | (ADV 0.28)
70     | 2.7113     | 0.6068     | 1.0015       | 1.1030       | 0.9458     | 1.2614       | 0.8758   |           
80     | 2.7945     | 0.6454     | 1.0189       | 1.1302       | 0.9323     | 1.1440       | 0.9722   |           
90     | 2.8912     | 0.6326     | 1.0731       | 1.1855       | 0.9448     | 1.1279       | 0.7694   |           
100    | 2.8800     | 0.6010     | 1.0886       | 1.1904       | 0.9292     | 1.0713       | 0.8266   |           
110    | 2.8752     | 0.5839     | 1.1125       | 1.1788       | 0.9313     | 0.9910       | 0.7558   |           
120    | 2.8662     | 0.5688     | 1.1055       | 1.1919       | 0.9490     | 0.9131       | 0.7571   |           
130    | 2.8413     | 0.5424     | 1.1001       | 1.1988       | 0.9427     | 0.8795       | 0.8256   |           
140    | 2.8616     | 0.5530     | 1.1093       | 1.1993       | 0.9583     | 0.8531       | 0.7730   | (ADV 0.53)
150    | 2.8984     | 0.5598     | 1.1498       | 1.1888       | 0.9260     | 0.8476       | 0.7844   |           
160    | 2.9407     | 0.5879     | 1.1568       | 1.1959       | 0.9323     | 0.8099       | 0.8222   |           
170    | 2.9130     | 0.5221     | 1.1712       | 1.2197       | 0.9604     | 0.7496       | 0.7368   | (ADV 0.59)
180    | 2.8552     | 0.5226     | 1.1339       | 1.1988       | 0.9573     | 0.7312       | 0.7973   | (ADV 0.59)
190    | 2.9128     | 0.5536     | 1.1692       | 1.1900       | 0.9521     | 0.7163       | 0.7764   | (ADV 0.59)
200    | 2.9146     | 0.5450     | 1.1784       | 1.1913       | 0.9406     | 0.7124       | 0.8187   |           
210    | 2.8514     | 0.4983     | 1.1637       | 1.1893       | 0.9354     | 0.7432       | 0.6899   |           
220    | 2.7955     | 0.4819     | 1.1445       | 1.1691       | 0.9583     | 0.6704       | 0.8052   |           
230    | 2.8863     | 0.5209     | 1.1670       | 1.1984       | 0.9510     | 0.6581       | 0.7801   |           
240    | 2.8050     | 0.4468     | 1.1788       | 1.1794       | 0.9490     | 0.6463       | 0.7811   |           
250    | 2.9041     | 0.5324     | 1.1588       | 1.2129       | 0.9500     | 0.6694       | 0.6739   |           
260    | 2.9276     | 0.5233     | 1.1722       | 1.2321       | 0.9510     | 0.6108       | 0.7886   |           
270    | 2.8992     | 0.4767     | 1.1956       | 1.2269       | 0.9448     | 0.6870       | 0.7536   |           
280    | 2.9394     | 0.5112     | 1.2138       | 1.2144       | 0.9604     | 0.5523       | 0.8107   | (ADV 0.68)
290    | 2.9316     | 0.5246     | 1.2035       | 1.2034       | 0.9323     | 0.5964       | 0.8015   |           
300    | 2.9005     | 0.5184     | 1.1893       | 1.1928       | 0.9594     | 0.5841       | 0.6892   |           
310    | 2.8877     | 0.4609     | 1.2179       | 1.2089       | 0.9500     | 0.6092       | 0.7559   |           
320    | 2.9398     | 0.5010     | 1.1967       | 1.2421       | 0.9510     | 0.5802       | 0.7721   |           
330    | 2.9248     | 0.4708     | 1.2177       | 1.2363       | 0.9490     | 0.5839       | 0.7408   |           
340    | 2.8792     | 0.4501     | 1.2215       | 1.2076       | 0.9604     | 0.6009       | 0.7820   |           
350    | 2.9097     | 0.4625     | 1.2176       | 1.2296       | 0.9573     | 0.5653       | 0.6783   |           
360    | 2.9785     | 0.5343     | 1.2188       | 1.2254       | 0.9615     | 0.6102       | 0.7050   |           
370    | 2.8865     | 0.4455     | 1.2224       | 1.2186       | 0.9542     | 0.6180       | 0.7901   |           
380    | 2.8974     | 0.4322     | 1.2491       | 1.2161       | 0.9563     | 0.5894       | 0.7415   |           
390    | 2.8526     | 0.4300     | 1.2089       | 1.2137       | 0.9573     | 0.6239       | 0.7672   |           
400    | 2.8286     | 0.4150     | 1.1917       | 1.2219       | 0.9490     | 0.6010       | 0.7140   |           
410    | 2.9109     | 0.4476     | 1.2304       | 1.2328       | 0.9552     | 0.5109       | 0.7571   | (ADV 0.70)
420    | 2.8748     | 0.4229     | 1.2345       | 1.2174       | 0.9542     | 0.5478       | 0.7029   |           
430    | 2.9218     | 0.4399     | 1.2612       | 1.2207       | 0.9563     | 0.5209       | 0.6604   |           
440    | 2.8637     | 0.4219     | 1.2120       | 1.2297       | 0.9563     | 0.5967       | 0.8285   |           
450    | 2.8624     | 0.4117     | 1.2081       | 1.2426       | 0.9490     | 0.5366       | 0.7834   |           
460    | 2.9453     | 0.4618     | 1.2112       | 1.2723       | 0.9656     | 0.5686       | 0.7828   |           
470    | 2.8970     | 0.4374     | 1.2119       | 1.2477       | 0.9281     | 0.6028       | 0.7596   |           
480    | 2.9079     | 0.4053     | 1.2628       | 1.2398       | 0.9615     | 0.5849       | 0.7737   |           
490    | 3.0075     | 0.4554     | 1.2608       | 1.2913       | 0.9573     | 0.5261       | 0.7347   |           
500    | 2.9573     | 0.4348     | 1.2532       | 1.2693       | 0.9552     | 0.5042       | 0.7003   |           
Seed 1024 | Src Acc: 94.3878 | Src MDE: 0.0863 | Tgt Acc: 43.2653 | Tgt MDE: 0.6277
Finished Combo GeoSPA_1_3. Results saved.
