==========================================
Current Architecture: GeoSPA-Net (Fixed)
mcAPs (Real Anchors): [2] (Indices: [1])
Legacy APs (Virtual): [1, 3, 4] (Indices: [0, 2, 3])
==========================================
>> Training PCN (Stage 2) on Source Domain...
>> Source PCN Training Finished. Huber Loss: 0.0036
>> Training PCN (Stage 2) on Target Domain...
>> Target PCN Training Finished. Huber Loss: 0.0028

Start GeoSPA-Net Training Seed 42...
Epoch  | Total Loss | Tr Cls     | Tr Dom RSSI  | Tr Dom RTT   | Val T Acc  | Val T Entropy | Test MDE
------------------------------------------------------------------------------------------------------------------------
10     | 4.6859     | 2.2829     | 1.0977       | 1.3053       | 0.8021     | 3.1856       | 1.2816   |           
20     | 3.6822     | 1.4625     | 0.9441       | 1.2755       | 0.9156     | 2.5003       | 1.1086   | (ADV -0.33)
30     | 3.4370     | 1.1532     | 1.0112       | 1.2726       | 0.9344     | 2.1276       | 1.0805   |           
40     | 3.2790     | 1.0147     | 1.0126       | 1.2517       | 0.9458     | 1.6188       | 1.1362   | (ADV 0.14)
50     | 3.0601     | 0.8592     | 0.9925       | 1.2084       | 0.9323     | 1.4203       | 1.0979   | (ADV 0.22)
60     | 3.0778     | 0.8358     | 0.9922       | 1.2498       | 0.9469     | 1.3888       | 1.1396   |           
70     | 2.9986     | 0.7801     | 0.9968       | 1.2218       | 0.9563     | 1.2290       | 1.1201   | (ADV 0.34)
80     | 2.9893     | 0.7532     | 0.9939       | 1.2422       | 0.9260     | 1.2168       | 1.1317   |           
90     | 3.0250     | 0.7233     | 1.0512       | 1.2506       | 0.9458     | 1.1724       | 1.0617   |           
100    | 3.0530     | 0.7382     | 1.0347       | 1.2801       | 0.9500     | 1.0488       | 1.1536   |           
110    | 3.0229     | 0.7038     | 1.0413       | 1.2777       | 0.9302     | 1.0535       | 1.3083   |           
120    | 2.9924     | 0.6666     | 1.0679       | 1.2578       | 0.9125     | 0.9960       | 1.0696   |           
130    | 3.0736     | 0.7037     | 1.1013       | 1.2685       | 0.9469     | 1.0119       | 1.1590   |           
140    | 3.1204     | 0.6805     | 1.1574       | 1.2825       | 0.9448     | 0.9451       | 1.0497   |           
150    | 3.2003     | 0.7490     | 1.1664       | 1.2848       | 0.9448     | 0.9060       | 1.0591   |           
160    | 3.0678     | 0.6662     | 1.1353       | 1.2663       | 0.9510     | 0.8866       | 1.0845   |           
170    | 3.0492     | 0.6486     | 1.1442       | 1.2563       | 0.9375     | 0.8640       | 1.1991   |           
180    | 3.0375     | 0.6284     | 1.1482       | 1.2609       | 0.9615     | 0.8477       | 1.1326   |           
190    | 2.9978     | 0.6192     | 1.1193       | 1.2593       | 0.9406     | 0.7694       | 1.2102   |           
200    | 2.9782     | 0.5868     | 1.1339       | 1.2575       | 0.9521     | 0.8066       | 1.1633   |           
210    | 3.0584     | 0.6493     | 1.1460       | 1.2631       | 0.9677     | 0.8144       | 1.0649   |           
220    | 3.0449     | 0.6317     | 1.1549       | 1.2583       | 0.8844     | 0.7964       | 1.2455   |           
230    | 3.0064     | 0.5949     | 1.1622       | 1.2493       | 0.9292     | 0.7999       | 1.2200   |           
240    | 3.0083     | 0.5739     | 1.1765       | 1.2579       | 0.9615     | 0.7893       | 1.1642   |           
250    | 3.0706     | 0.6171     | 1.1848       | 1.2687       | 0.9677     | 0.7088       | 1.1258   | (ADV 0.61)
260    | 3.0491     | 0.6102     | 1.1889       | 1.2500       | 0.9458     | 0.7584       | 1.1506   |           
270    | 3.0437     | 0.5772     | 1.1959       | 1.2706       | 0.9625     | 0.7623       | 1.0732   |           
280    | 3.0518     | 0.6162     | 1.1589       | 1.2767       | 0.9042     | 0.7833       | 1.0522   |           
290    | 3.0712     | 0.6193     | 1.2060       | 1.2459       | 0.9708     | 0.8022       | 1.1517   |           
300    | 3.0703     | 0.6031     | 1.2013       | 1.2659       | 0.9469     | 0.7603       | 1.2357   |           
310    | 2.9986     | 0.5506     | 1.1878       | 1.2602       | 0.9604     | 0.6760       | 1.1927   | (ADV 0.62)
320    | 2.9882     | 0.5178     | 1.1962       | 1.2743       | 0.9552     | 0.7333       | 1.0667   |           
330    | 3.0520     | 0.5712     | 1.2017       | 1.2791       | 0.9656     | 0.6908       | 1.1264   |           
340    | 2.9900     | 0.5333     | 1.1804       | 1.2763       | 0.9500     | 0.6225       | 1.1349   | (ADV 0.64)
350    | 3.0854     | 0.6171     | 1.2120       | 1.2563       | 0.9667     | 0.7101       | 1.0600   |           
360    | 3.0888     | 0.5689     | 1.2240       | 1.2959       | 0.9604     | 0.6456       | 1.1517   |           
370    | 3.0491     | 0.5811     | 1.2034       | 1.2645       | 0.9625     | 0.6646       | 1.0854   |           
380    | 3.0758     | 0.5980     | 1.2075       | 1.2703       | 0.9240     | 0.7562       | 1.0718   |           
390    | 2.9914     | 0.5149     | 1.2097       | 1.2668       | 0.9615     | 0.6705       | 1.0660   |           
400    | 2.9670     | 0.5013     | 1.1955       | 1.2701       | 0.9563     | 0.7144       | 1.1071   |           
410    | 2.9886     | 0.4973     | 1.2029       | 1.2885       | 0.9625     | 0.6856       | 0.9985   |           
420    | 3.0209     | 0.5538     | 1.2096       | 1.2575       | 0.9437     | 0.6817       | 1.1634   |           
430    | 3.0274     | 0.5573     | 1.2185       | 1.2516       | 0.9396     | 0.6990       | 1.2600   |           
440    | 3.0151     | 0.5562     | 1.1858       | 1.2732       | 0.9500     | 0.6780       | 1.2035   |           
450    | 3.0591     | 0.5771     | 1.2191       | 1.2629       | 0.9240     | 0.7161       | 1.1541   |           
460    | 3.0664     | 0.5587     | 1.2160       | 1.2916       | 0.9365     | 0.7265       | 1.1201   |           
470    | 3.0043     | 0.5403     | 1.2137       | 1.2503       | 0.9260     | 0.6394       | 1.0408   |           
480    | 2.9660     | 0.5065     | 1.2027       | 1.2569       | 0.9667     | 0.6230       | 1.1243   |           
490    | 2.9945     | 0.4972     | 1.2149       | 1.2825       | 0.9625     | 0.6283       | 1.1410   |           
500    | 2.9897     | 0.5093     | 1.2126       | 1.2678       | 0.9563     | 0.6326       | 1.2317   |           
Seed 42 | Src Acc: 96.0204 | Src MDE: 0.0735 | Tgt Acc: 31.7347 | Tgt MDE: 1.0805
>> Training PCN (Stage 2) on Source Domain...
>> Source PCN Training Finished. Huber Loss: 0.0041
>> Training PCN (Stage 2) on Target Domain...
>> Target PCN Training Finished. Huber Loss: 0.0030

Start GeoSPA-Net Training Seed 67...
Epoch  | Total Loss | Tr Cls     | Tr Dom RSSI  | Tr Dom RTT   | Val T Acc  | Val T Entropy | Test MDE
------------------------------------------------------------------------------------------------------------------------
10     | 4.5719     | 2.1011     | 1.1531       | 1.3177       | 0.8094     | 3.1624       | 1.1511   |           
20     | 3.6989     | 1.4217     | 1.0178       | 1.2593       | 0.9156     | 2.4485       | 1.2098   | (ADV -0.31)
30     | 3.3943     | 1.1290     | 0.9963       | 1.2689       | 0.9260     | 1.9534       | 1.1202   | (ADV -0.05)
40     | 3.2329     | 0.9489     | 1.0041       | 1.2799       | 0.9417     | 1.6024       | 1.0891   | (ADV 0.14)
50     | 3.1675     | 0.8727     | 1.0216       | 1.2732       | 0.9292     | 1.3917       | 1.1171   | (ADV 0.23)
60     | 3.0228     | 0.7637     | 1.0134       | 1.2457       | 0.9427     | 1.3127       | 1.0793   |           
70     | 3.0362     | 0.7780     | 1.0275       | 1.2307       | 0.9292     | 1.2320       | 1.0680   |           
80     | 2.9939     | 0.7343     | 1.0238       | 1.2357       | 0.9229     | 1.1746       | 1.0824   |           
90     | 3.0482     | 0.7422     | 1.0750       | 1.2309       | 0.8990     | 1.0511       | 1.0713   |           
100    | 3.0041     | 0.6990     | 1.0607       | 1.2444       | 0.9385     | 1.1058       | 1.1981   |           
110    | 2.9947     | 0.6773     | 1.0597       | 1.2577       | 0.9385     | 1.0338       | 1.1315   |           
120    | 3.0039     | 0.6798     | 1.0788       | 1.2454       | 0.9104     | 0.9251       | 1.0671   |           
130    | 3.0111     | 0.6626     | 1.1007       | 1.2478       | 0.9552     | 0.9261       | 1.0764   | (ADV 0.49)
140    | 2.9866     | 0.6077     | 1.1215       | 1.2574       | 0.9365     | 0.9065       | 1.0022   |           
150    | 2.9985     | 0.6389     | 1.1224       | 1.2372       | 0.9427     | 0.9123       | 1.1912   |           
160    | 3.0263     | 0.6516     | 1.1151       | 1.2596       | 0.8719     | 0.8536       | 1.0654   |           
170    | 3.0017     | 0.6033     | 1.1516       | 1.2468       | 0.8938     | 0.8718       | 1.1152   |           
180    | 3.0549     | 0.6617     | 1.1267       | 1.2665       | 0.9260     | 0.8460       | 1.1163   |           
190    | 3.0231     | 0.6311     | 1.1494       | 1.2426       | 0.9010     | 0.7781       | 0.9859   |           
200    | 2.9927     | 0.6195     | 1.1228       | 1.2503       | 0.9354     | 0.8614       | 1.1674   |           
210    | 3.0386     | 0.6097     | 1.1645       | 1.2644       | 0.9396     | 0.7988       | 1.2245   | (ADV 0.54)
220    | 2.9782     | 0.6032     | 1.1225       | 1.2526       | 0.9010     | 0.8405       | 1.0310   |           
230    | 3.0138     | 0.6089     | 1.1434       | 1.2615       | 0.8990     | 0.8028       | 1.0629   |           
240    | 3.1158     | 0.6619     | 1.1765       | 1.2774       | 0.9292     | 0.7628       | 1.1048   |           
250    | 3.1007     | 0.6362     | 1.1624       | 1.3021       | 0.9281     | 0.7351       | 1.0472   |           
260    | 3.0151     | 0.5761     | 1.1627       | 1.2764       | 0.9292     | 0.7285       | 1.1012   |           
270    | 3.1028     | 0.6397     | 1.1592       | 1.3038       | 0.9344     | 0.7879       | 1.2444   |           
280    | 3.0209     | 0.6001     | 1.1451       | 1.2757       | 0.9385     | 0.7902       | 1.1274   |           
290    | 2.9366     | 0.5451     | 1.1206       | 1.2710       | 0.9375     | 0.7823       | 1.0208   |           
300    | 3.0272     | 0.5808     | 1.1561       | 1.2903       | 0.9115     | 0.8101       | 1.1438   |           
310    | 3.0025     | 0.5568     | 1.1649       | 1.2808       | 0.9375     | 0.7278       | 1.0744   |           
320    | 2.9996     | 0.5540     | 1.1635       | 1.2821       | 0.9396     | 0.7549       | 1.1206   |           
330    | 3.0097     | 0.5830     | 1.1572       | 1.2695       | 0.9375     | 0.6938       | 1.0833   |           
340    | 2.9716     | 0.5332     | 1.1646       | 1.2737       | 0.9521     | 0.6570       | 0.9951   | (ADV 0.62)
350    | 3.0357     | 0.5644     | 1.1869       | 1.2845       | 0.9479     | 0.7176       | 1.0412   |           
360    | 3.0670     | 0.5976     | 1.1875       | 1.2819       | 0.9510     | 0.6955       | 1.0916   |           
370    | 2.9932     | 0.5418     | 1.1640       | 1.2873       | 0.9437     | 0.7693       | 1.0952   |           
380    | 2.9770     | 0.5471     | 1.1746       | 1.2552       | 0.8875     | 0.6661       | 1.1622   |           
390    | 2.9990     | 0.5498     | 1.1665       | 1.2827       | 0.9437     | 0.6970       | 1.0551   |           
400    | 2.9737     | 0.5289     | 1.1717       | 1.2732       | 0.9365     | 0.6499       | 1.0603   |           
410    | 3.0180     | 0.5412     | 1.1914       | 1.2853       | 0.9385     | 0.6205       | 1.0696   |           
420    | 2.9918     | 0.5324     | 1.1893       | 1.2701       | 0.9375     | 0.7032       | 1.0587   |           
430    | 2.9298     | 0.4846     | 1.1650       | 1.2803       | 0.9594     | 0.6482       | 1.1087   |           
440    | 3.0184     | 0.5580     | 1.1818       | 1.2787       | 0.9469     | 0.6696       | 1.1439   |           
450    | 3.0005     | 0.4984     | 1.2003       | 1.3018       | 0.9510     | 0.6396       | 1.1677   |           
460    | 2.9478     | 0.4735     | 1.2102       | 1.2641       | 0.9583     | 0.6616       | 1.1028   |           
470    | 3.0583     | 0.5662     | 1.2065       | 1.2856       | 0.9437     | 0.6965       | 1.2134   |           
480    | 2.9298     | 0.4679     | 1.1922       | 1.2697       | 0.9385     | 0.6601       | 1.1754   |           
490    | 2.9687     | 0.4933     | 1.2015       | 1.2740       | 0.9469     | 0.6152       | 1.1424   |           
500    | 3.0020     | 0.5296     | 1.1885       | 1.2838       | 0.9417     | 0.6389       | 1.1831   |           
Seed 67 | Src Acc: 94.7959 | Src MDE: 0.0881 | Tgt Acc: 25.3061 | Tgt MDE: 1.1838
>> Training PCN (Stage 2) on Source Domain...
>> Source PCN Training Finished. Huber Loss: 0.0032
>> Training PCN (Stage 2) on Target Domain...
>> Target PCN Training Finished. Huber Loss: 0.0022

Start GeoSPA-Net Training Seed 1024...
Epoch  | Total Loss | Tr Cls     | Tr Dom RSSI  | Tr Dom RTT   | Val T Acc  | Val T Entropy | Test MDE
------------------------------------------------------------------------------------------------------------------------
10     | 4.6692     | 2.1587     | 1.2189       | 1.2916       | 0.8573     | 3.2174       | 1.2497   |           
20     | 3.7112     | 1.3792     | 1.0647       | 1.2673       | 0.9313     | 2.5168       | 1.1653   | (ADV -0.33)
30     | 3.3270     | 1.1020     | 1.0048       | 1.2203       | 0.9042     | 2.0590       | 1.1836   |           
40     | 3.2421     | 0.9775     | 1.0198       | 1.2449       | 0.9344     | 1.7274       | 1.0257   | (ADV 0.07)
50     | 3.1327     | 0.8408     | 1.0235       | 1.2684       | 0.9406     | 1.4880       | 1.1035   |           
60     | 3.0726     | 0.8045     | 1.0307       | 1.2374       | 0.9417     | 1.3232       | 1.2054   | (ADV 0.28)
70     | 2.9702     | 0.7217     | 1.0208       | 1.2277       | 0.9156     | 1.2768       | 1.0304   |           
80     | 3.0440     | 0.7518     | 1.0558       | 1.2365       | 0.9187     | 1.0685       | 0.9898   | (ADV 0.38)
90     | 3.0470     | 0.7520     | 1.0657       | 1.2293       | 0.9458     | 1.1317       | 1.0891   |           
100    | 2.9844     | 0.6847     | 1.0615       | 1.2382       | 0.9198     | 1.1058       | 1.1171   |           
110    | 3.1312     | 0.7367     | 1.1361       | 1.2584       | 0.9396     | 1.1705       | 1.0559   |           
120    | 3.0935     | 0.7269     | 1.1041       | 1.2625       | 0.9281     | 1.0344       | 1.1317   |           
130    | 2.9792     | 0.6425     | 1.0789       | 1.2579       | 0.9406     | 0.9109       | 1.1393   | (ADV 0.49)
140    | 3.0328     | 0.6651     | 1.0867       | 1.2810       | 0.9156     | 0.9587       | 1.1781   |           
150    | 3.0799     | 0.6914     | 1.1221       | 1.2664       | 0.9281     | 0.9691       | 1.0765   |           
160    | 3.0679     | 0.6865     | 1.1165       | 1.2650       | 0.9354     | 0.8348       | 0.9758   |           
170    | 3.0792     | 0.6549     | 1.1531       | 1.2712       | 0.9458     | 0.8353       | 0.9832   |           
180    | 2.9871     | 0.6087     | 1.1158       | 1.2626       | 0.9469     | 0.9085       | 1.1975   |           
190    | 3.0606     | 0.6583     | 1.1200       | 1.2823       | 0.9448     | 0.8584       | 1.0086   |           
200    | 3.0491     | 0.6138     | 1.1595       | 1.2758       | 0.9479     | 0.7885       | 1.1571   | (ADV 0.55)
210    | 3.0310     | 0.6202     | 1.1392       | 1.2715       | 0.9365     | 0.8801       | 1.1568   |           
220    | 3.0530     | 0.5887     | 1.1697       | 1.2946       | 0.9448     | 0.7281       | 1.1920   | (ADV 0.58)
230    | 3.0335     | 0.6377     | 1.1304       | 1.2654       | 0.9542     | 0.7499       | 1.0866   |           
240    | 2.9990     | 0.5942     | 1.1336       | 1.2713       | 0.9625     | 0.7719       | 1.1422   |           
250    | 3.0213     | 0.6021     | 1.1530       | 1.2662       | 0.9385     | 0.8088       | 1.0673   |           
260    | 3.0463     | 0.6295     | 1.1591       | 1.2576       | 0.9490     | 0.7885       | 1.0320   |           
270    | 2.9946     | 0.5671     | 1.1631       | 1.2645       | 0.9500     | 0.7955       | 0.9927   |           
280    | 3.0744     | 0.6357     | 1.1683       | 1.2704       | 0.9458     | 0.7208       | 1.1561   |           
290    | 3.0669     | 0.6223     | 1.1699       | 1.2746       | 0.9583     | 0.7861       | 1.0884   |           
300    | 3.0880     | 0.6299     | 1.1664       | 1.2918       | 0.9385     | 0.7411       | 1.0961   |           
310    | 3.0097     | 0.5673     | 1.1574       | 1.2851       | 0.9479     | 0.7343       | 1.1029   |           
320    | 3.0672     | 0.6057     | 1.1917       | 1.2698       | 0.9615     | 0.6895       | 1.0953   | (ADV 0.62)
330    | 3.0413     | 0.5897     | 1.1744       | 1.2772       | 0.9542     | 0.7508       | 1.1544   |           
340    | 2.9358     | 0.5072     | 1.1682       | 1.2604       | 0.9292     | 0.7187       | 1.1893   |           
350    | 3.0030     | 0.5235     | 1.1921       | 1.2874       | 0.9604     | 0.7176       | 1.1620   |           
360    | 3.0807     | 0.6051     | 1.1640       | 1.3117       | 0.9500     | 0.7078       | 1.0486   |           
370    | 3.0430     | 0.5659     | 1.1748       | 1.3023       | 0.9531     | 0.7475       | 1.1348   |           
380    | 3.0880     | 0.5836     | 1.2086       | 1.2958       | 0.9417     | 0.6780       | 1.1716   |           
390    | 3.0151     | 0.5518     | 1.1636       | 1.2997       | 0.9521     | 0.7443       | 1.1350   |           
400    | 3.0040     | 0.5429     | 1.1781       | 1.2830       | 0.9240     | 0.6646       | 1.0518   |           
410    | 3.0170     | 0.5520     | 1.1856       | 1.2794       | 0.9552     | 0.6642       | 1.1751   |           
420    | 2.9704     | 0.5099     | 1.1857       | 1.2747       | 0.9146     | 0.6766       | 1.0581   |           
430    | 3.0424     | 0.5387     | 1.2108       | 1.2928       | 0.9573     | 0.6626       | 1.0082   |           
440    | 3.0067     | 0.5395     | 1.2026       | 1.2647       | 0.9646     | 0.6338       | 1.1515   | (ADV 0.65)
450    | 2.9738     | 0.4982     | 1.1870       | 1.2886       | 0.9521     | 0.6961       | 1.1267   |           
460    | 3.0205     | 0.5263     | 1.2045       | 1.2897       | 0.9542     | 0.6648       | 1.1186   |           
470    | 2.9906     | 0.4922     | 1.2006       | 1.2977       | 0.9031     | 0.7298       | 1.0734   |           
480    | 3.0483     | 0.5304     | 1.2411       | 1.2768       | 0.9656     | 0.6533       | 1.1394   |           
490    | 3.0559     | 0.5364     | 1.2229       | 1.2966       | 0.9573     | 0.6775       | 1.1693   |           
500    | 3.0010     | 0.5014     | 1.2226       | 1.2771       | 0.9563     | 0.6662       | 1.1653   |           
Seed 1024 | Src Acc: 96.4286 | Src MDE: 0.0501 | Tgt Acc: 24.5918 | Tgt MDE: 1.1613
Finished Combo GeoSPA_2. Results saved.
