==========================================
Current Architecture: GeoSPA-Net (Fixed)
mcAPs (Real Anchors): [3] (Indices: [2])
Legacy APs (Virtual): [1, 2, 4] (Indices: [0, 1, 3])
==========================================
>> Training PCN (Stage 2) on Source Domain...
>> Source PCN Training Finished. Huber Loss: 0.0041
>> Training PCN (Stage 2) on Target Domain...
>> Target PCN Training Finished. Huber Loss: 0.0039

Start GeoSPA-Net Training Seed 42...
Epoch  | Total Loss | Tr Cls     | Tr Dom RSSI  | Tr Dom RTT   | Val T Acc  | Val T Entropy | Test MDE
------------------------------------------------------------------------------------------------------------------------
10     | 4.7572     | 2.2597     | 1.1406       | 1.3569       | 0.7365     | 3.1081       | 1.0860   |           
20     | 3.8090     | 1.5060     | 0.9782       | 1.3248       | 0.8750     | 2.4842       | 1.0529   |           
30     | 3.5314     | 1.2323     | 1.0142       | 1.2849       | 0.8948     | 2.1782       | 0.9990   |           
40     | 3.3826     | 1.0949     | 1.0248       | 1.2630       | 0.8906     | 1.6955       | 0.9954   | (ADV 0.04)
50     | 3.2270     | 0.9444     | 1.0302       | 1.2525       | 0.8927     | 1.5571       | 0.9874   |           
60     | 3.1607     | 0.9123     | 0.9984       | 1.2500       | 0.9083     | 1.4531       | 1.0178   |           
70     | 3.0780     | 0.8595     | 0.9925       | 1.2261       | 0.9083     | 1.3360       | 1.0993   |           
80     | 3.1051     | 0.8583     | 1.0112       | 1.2355       | 0.9083     | 1.2620       | 1.0424   |           
90     | 3.1014     | 0.7980     | 1.0628       | 1.2407       | 0.9052     | 1.1666       | 1.1213   |           
100    | 3.2545     | 0.8632     | 1.1102       | 1.2811       | 0.9208     | 1.1170       | 0.9803   |           
110    | 3.2158     | 0.8461     | 1.0990       | 1.2707       | 0.9031     | 1.0621       | 0.9884   |           
120    | 3.1721     | 0.7914     | 1.1315       | 1.2492       | 0.9292     | 1.0101       | 0.9763   | (ADV 0.42)
130    | 3.2138     | 0.8095     | 1.1510       | 1.2532       | 0.9104     | 1.0178       | 0.8918   |           
140    | 3.2358     | 0.7895     | 1.1687       | 1.2776       | 0.9073     | 0.9968       | 1.0543   |           
150    | 3.2710     | 0.8295     | 1.1848       | 1.2567       | 0.9250     | 0.9780       | 0.9651   |           
160    | 3.1732     | 0.7678     | 1.1272       | 1.2782       | 0.9062     | 0.9689       | 0.9871   |           
170    | 3.1952     | 0.7600     | 1.1582       | 1.2770       | 0.8958     | 0.9844       | 1.0526   |           
180    | 3.2785     | 0.7998     | 1.1796       | 1.2990       | 0.9062     | 0.8975       | 0.9746   |           
190    | 3.1582     | 0.7087     | 1.1713       | 1.2782       | 0.8969     | 0.8407       | 0.9971   |           
200    | 3.2098     | 0.7326     | 1.1898       | 1.2875       | 0.9208     | 0.8802       | 0.9993   |           
210    | 3.2563     | 0.8050     | 1.1712       | 1.2801       | 0.9021     | 0.8706       | 0.9883   |           
220    | 3.1981     | 0.7163     | 1.2018       | 1.2800       | 0.9135     | 0.8237       | 0.9079   |           
230    | 3.1984     | 0.7136     | 1.1856       | 1.2993       | 0.8844     | 0.8923       | 0.8934   |           
240    | 3.1459     | 0.6970     | 1.1758       | 1.2732       | 0.9365     | 0.8693       | 0.8781   |           
250    | 3.2384     | 0.7532     | 1.1991       | 1.2860       | 0.9260     | 0.8120       | 0.9949   |           
260    | 3.1997     | 0.7142     | 1.1943       | 1.2911       | 0.9062     | 0.8150       | 0.8966   |           
270    | 3.2323     | 0.7293     | 1.2157       | 1.2874       | 0.9344     | 0.7933       | 0.9788   |           
280    | 3.2366     | 0.7368     | 1.2081       | 1.2916       | 0.9292     | 0.7934       | 1.0557   |           
290    | 3.1428     | 0.6699     | 1.1944       | 1.2784       | 0.9229     | 0.7551       | 0.9810   |           
300    | 3.1914     | 0.6942     | 1.2062       | 1.2910       | 0.9062     | 0.7844       | 0.9016   |           
310    | 3.1309     | 0.6584     | 1.1928       | 1.2798       | 0.9146     | 0.7648       | 0.9541   |           
320    | 3.1477     | 0.6707     | 1.1929       | 1.2842       | 0.9167     | 0.7293       | 0.9348   |           
330    | 3.2424     | 0.7444     | 1.2073       | 1.2908       | 0.9240     | 0.7783       | 1.0265   |           
340    | 3.1048     | 0.6400     | 1.2101       | 1.2547       | 0.9281     | 0.7418       | 1.0765   |           
350    | 3.1803     | 0.6640     | 1.2318       | 1.2845       | 0.9375     | 0.7204       | 0.9865   |           
360    | 3.1695     | 0.6595     | 1.2335       | 1.2764       | 0.9187     | 0.7159       | 0.9083   |           
370    | 3.2236     | 0.6854     | 1.2330       | 1.3052       | 0.9135     | 0.6970       | 1.0248   |           
380    | 3.1983     | 0.6821     | 1.2343       | 1.2819       | 0.9240     | 0.7290       | 0.9818   |           
390    | 3.2486     | 0.7234     | 1.2207       | 1.3046       | 0.9250     | 0.6734       | 0.8338   |           
400    | 3.0884     | 0.5988     | 1.2050       | 1.2846       | 0.9156     | 0.7298       | 0.9521   |           
410    | 3.2201     | 0.6783     | 1.2448       | 1.2970       | 0.9240     | 0.7307       | 0.9368   |           
420    | 3.2310     | 0.7189     | 1.2283       | 1.2839       | 0.9208     | 0.6973       | 0.9450   |           
430    | 3.1591     | 0.6187     | 1.2446       | 1.2958       | 0.9281     | 0.6617       | 0.8916   |           
440    | 3.0963     | 0.5716     | 1.2284       | 1.2963       | 0.9146     | 0.6311       | 1.0019   |           
450    | 3.1530     | 0.6496     | 1.2200       | 1.2834       | 0.8833     | 0.7406       | 0.9569   |           
460    | 3.1672     | 0.6414     | 1.2306       | 1.2953       | 0.9115     | 0.6920       | 0.9797   |           
470    | 3.1497     | 0.6192     | 1.2386       | 1.2919       | 0.9302     | 0.6964       | 0.8598   |           
480    | 3.1894     | 0.6468     | 1.2451       | 1.2974       | 0.9250     | 0.6840       | 1.0768   |           
490    | 3.2052     | 0.6786     | 1.2385       | 1.2881       | 0.9271     | 0.6300       | 0.9284   |           
500    | 3.1694     | 0.6348     | 1.2291       | 1.3054       | 0.9198     | 0.6371       | 1.0081   |           
Seed 42 | Src Acc: 94.5918 | Src MDE: 0.0949 | Tgt Acc: 29.3878 | Tgt MDE: 0.9240
>> Training PCN (Stage 2) on Source Domain...
>> Source PCN Training Finished. Huber Loss: 0.0037
>> Training PCN (Stage 2) on Target Domain...
>> Target PCN Training Finished. Huber Loss: 0.0040

Start GeoSPA-Net Training Seed 67...
Epoch  | Total Loss | Tr Cls     | Tr Dom RSSI  | Tr Dom RTT   | Val T Acc  | Val T Entropy | Test MDE
------------------------------------------------------------------------------------------------------------------------
10     | 4.7154     | 2.1944     | 1.1796       | 1.3415       | 0.7937     | 3.1977       | 0.9191   |           
20     | 3.8671     | 1.5242     | 1.0513       | 1.2916       | 0.8677     | 2.4934       | 1.0313   | (ADV -0.38)
30     | 3.5288     | 1.2406     | 1.0317       | 1.2565       | 0.9031     | 2.0464       | 0.9360   |           
40     | 3.2621     | 1.0243     | 1.0332       | 1.2046       | 0.9146     | 1.6837       | 0.9013   | (ADV 0.07)
50     | 3.2407     | 0.9894     | 1.0335       | 1.2177       | 0.8833     | 1.4510       | 0.9360   | (ADV 0.16)
60     | 3.0923     | 0.8719     | 1.0100       | 1.2104       | 0.9031     | 1.4106       | 0.9191   |           
70     | 3.1496     | 0.8735     | 1.0504       | 1.2257       | 0.8698     | 1.3411       | 0.9772   |           
80     | 3.1338     | 0.8665     | 1.0645       | 1.2028       | 0.9083     | 1.2123       | 0.9032   |           
90     | 3.1888     | 0.8565     | 1.1028       | 1.2295       | 0.9229     | 1.1561       | 0.9761   |           
100    | 3.0618     | 0.7889     | 1.0647       | 1.2082       | 0.9083     | 1.1345       | 1.0156   |           
110    | 3.1073     | 0.7479     | 1.1123       | 1.2472       | 0.9042     | 1.0869       | 0.8512   |           
120    | 3.1557     | 0.7931     | 1.1232       | 1.2393       | 0.8990     | 1.0806       | 0.9723   |           
130    | 3.1267     | 0.7931     | 1.1108       | 1.2227       | 0.9187     | 1.0308       | 1.0032   |           
140    | 3.0194     | 0.6839     | 1.1130       | 1.2226       | 0.8823     | 0.9815       | 1.0490   |           
150    | 3.1023     | 0.7465     | 1.1300       | 1.2258       | 0.8979     | 0.9612       | 0.9244   |           
160    | 3.1361     | 0.7544     | 1.1435       | 1.2382       | 0.9219     | 0.9561       | 0.9676   |           
170    | 3.1842     | 0.7620     | 1.1635       | 1.2587       | 0.8656     | 0.9336       | 0.9173   |           
180    | 3.1744     | 0.7805     | 1.1594       | 1.2344       | 0.9104     | 0.9042       | 0.9556   |           
190    | 3.1754     | 0.7537     | 1.1752       | 1.2465       | 0.9208     | 0.9601       | 0.9740   |           
200    | 3.1941     | 0.7562     | 1.1845       | 1.2534       | 0.9042     | 0.9405       | 1.0197   |           
210    | 3.1356     | 0.7217     | 1.1742       | 1.2397       | 0.9281     | 0.9008       | 1.0455   |           
220    | 3.1150     | 0.7288     | 1.1574       | 1.2288       | 0.9094     | 0.8817       | 0.9201   |           
230    | 3.1516     | 0.7406     | 1.1647       | 1.2463       | 0.9021     | 0.8953       | 0.8712   |           
240    | 3.1980     | 0.7565     | 1.1847       | 1.2568       | 0.9062     | 0.8857       | 0.8004   |           
250    | 3.1041     | 0.6994     | 1.1711       | 1.2336       | 0.9000     | 0.8166       | 1.0884   |           
260    | 3.0697     | 0.6855     | 1.1650       | 1.2192       | 0.9177     | 0.8261       | 0.8739   |           
270    | 3.2040     | 0.7647     | 1.1877       | 1.2516       | 0.9385     | 0.8165       | 0.8695   | (ADV 0.53)
280    | 3.1702     | 0.7239     | 1.1988       | 1.2475       | 0.9219     | 0.8468       | 0.9950   |           
290    | 3.0731     | 0.6599     | 1.1717       | 1.2415       | 0.9187     | 0.8020       | 1.0941   |           
300    | 3.0399     | 0.6288     | 1.1793       | 1.2318       | 0.9198     | 0.8327       | 0.9681   |           
310    | 3.1153     | 0.6617     | 1.2006       | 1.2531       | 0.9219     | 0.8033       | 0.9512   |           
320    | 3.1342     | 0.6913     | 1.1934       | 1.2495       | 0.9365     | 0.8050       | 0.8343   |           
330    | 3.0543     | 0.6496     | 1.1862       | 1.2185       | 0.9271     | 0.7841       | 0.8557   |           
340    | 3.0389     | 0.6127     | 1.1880       | 1.2383       | 0.9271     | 0.7834       | 0.8970   |           
350    | 3.1187     | 0.6735     | 1.1984       | 1.2468       | 0.9260     | 0.8234       | 0.9259   |           
360    | 3.1747     | 0.7145     | 1.1984       | 1.2618       | 0.9219     | 0.8077       | 1.0021   |           
370    | 3.2051     | 0.7480     | 1.2065       | 1.2506       | 0.9073     | 0.7798       | 0.9041   |           
380    | 3.2142     | 0.7285     | 1.1920       | 1.2938       | 0.9250     | 0.7371       | 0.9924   | (ADV 0.56)
390    | 3.0706     | 0.6236     | 1.1896       | 1.2575       | 0.9250     | 0.7327       | 0.8524   | (ADV 0.56)
400    | 3.1329     | 0.6697     | 1.1899       | 1.2734       | 0.9115     | 0.7472       | 0.9543   |           
410    | 3.1631     | 0.6755     | 1.2126       | 1.2751       | 0.9187     | 0.7443       | 0.9214   |           
420    | 3.1654     | 0.6802     | 1.2182       | 1.2670       | 0.9271     | 0.7394       | 0.9121   |           
430    | 3.0262     | 0.6088     | 1.1841       | 1.2333       | 0.9219     | 0.7360       | 0.8677   |           
440    | 3.0517     | 0.6151     | 1.1713       | 1.2653       | 0.9333     | 0.7691       | 0.9091   |           
450    | 3.0782     | 0.6159     | 1.2077       | 1.2546       | 0.9208     | 0.7598       | 0.8565   |           
460    | 3.0109     | 0.5744     | 1.1812       | 1.2553       | 0.9375     | 0.7665       | 0.9137   |           
470    | 3.0857     | 0.6429     | 1.1842       | 1.2586       | 0.9219     | 0.7882       | 0.9042   |           
480    | 2.9940     | 0.5495     | 1.1825       | 1.2620       | 0.9344     | 0.7374       | 0.9469   |           
490    | 3.0955     | 0.6270     | 1.2023       | 1.2663       | 0.9302     | 0.7592       | 0.9257   |           
500    | 3.0355     | 0.5802     | 1.2018       | 1.2535       | 0.9354     | 0.7258       | 0.9732   |           
Seed 67 | Src Acc: 92.2449 | Src MDE: 0.1334 | Tgt Acc: 34.5918 | Tgt MDE: 1.0036
>> Training PCN (Stage 2) on Source Domain...
>> Source PCN Training Finished. Huber Loss: 0.0020
>> Training PCN (Stage 2) on Target Domain...
>> Target PCN Training Finished. Huber Loss: 0.0025

Start GeoSPA-Net Training Seed 1024...
Epoch  | Total Loss | Tr Cls     | Tr Dom RSSI  | Tr Dom RTT   | Val T Acc  | Val T Entropy | Test MDE
------------------------------------------------------------------------------------------------------------------------
10     | 4.8267     | 2.2482     | 1.2267       | 1.3518       | 0.7854     | 3.2622       | 1.1816   |           
20     | 3.8967     | 1.4878     | 1.0959       | 1.3129       | 0.8688     | 2.4783       | 1.0549   | (ADV -0.37)
30     | 3.5711     | 1.2256     | 1.0533       | 1.2922       | 0.8573     | 2.1609       | 1.0865   |           
40     | 3.4304     | 1.1234     | 1.0393       | 1.2677       | 0.8802     | 1.8176       | 0.9749   |           
50     | 3.2295     | 0.9585     | 1.0328       | 1.2382       | 0.8885     | 1.5323       | 1.0182   |           
60     | 3.2281     | 0.9538     | 1.0396       | 1.2347       | 0.8823     | 1.3845       | 1.0894   | (ADV 0.19)
70     | 3.1432     | 0.8729     | 1.0446       | 1.2258       | 0.8854     | 1.3821       | 0.9097   |           
80     | 3.1590     | 0.8948     | 1.0426       | 1.2216       | 0.8906     | 1.2087       | 1.0158   |           
90     | 3.1758     | 0.8585     | 1.0761       | 1.2412       | 0.9073     | 1.1978       | 0.9194   |           
100    | 3.1100     | 0.8118     | 1.0559       | 1.2423       | 0.8812     | 1.1508       | 0.9743   |           
110    | 3.1553     | 0.8120     | 1.0954       | 1.2479       | 0.8354     | 1.1261       | 0.8656   |           
120    | 3.2151     | 0.8426     | 1.1189       | 1.2537       | 0.8760     | 1.0468       | 0.9304   |           
130    | 3.1187     | 0.7802     | 1.0896       | 1.2489       | 0.9229     | 1.0029       | 1.0006   | (ADV 0.42)
140    | 3.1569     | 0.7897     | 1.1148       | 1.2524       | 0.9125     | 0.9770       | 0.9399   | (ADV 0.42)
150    | 3.1281     | 0.7666     | 1.1231       | 1.2383       | 0.9094     | 1.0541       | 0.9110   |           
160    | 3.2848     | 0.8445     | 1.1605       | 1.2798       | 0.8583     | 0.9406       | 0.9516   |           
170    | 3.2435     | 0.7902     | 1.1960       | 1.2573       | 0.9208     | 0.9062       | 0.8521   | (ADV 0.47)
180    | 3.2650     | 0.8348     | 1.1538       | 1.2764       | 0.9187     | 0.9436       | 0.8898   |           
190    | 3.2607     | 0.8433     | 1.1584       | 1.2590       | 0.8979     | 0.9535       | 0.9358   |           
200    | 3.1828     | 0.7673     | 1.1737       | 1.2419       | 0.9344     | 0.8928       | 0.9149   |           
210    | 3.2314     | 0.7789     | 1.1787       | 1.2738       | 0.9156     | 0.8724       | 0.9737   |           
220    | 3.2262     | 0.7474     | 1.2206       | 1.2582       | 0.9375     | 0.9016       | 0.9234   |           
230    | 3.1399     | 0.7274     | 1.1549       | 1.2575       | 0.9344     | 0.8683       | 1.0485   |           
240    | 3.1954     | 0.7261     | 1.1966       | 1.2727       | 0.9177     | 0.8002       | 0.9605   | (ADV 0.52)
250    | 3.2104     | 0.7574     | 1.1934       | 1.2596       | 0.8979     | 0.8965       | 0.8556   |           
260    | 3.2321     | 0.7742     | 1.1824       | 1.2755       | 0.9187     | 0.8055       | 0.9126   |           
270    | 3.1845     | 0.6991     | 1.2110       | 1.2744       | 0.9167     | 0.8039       | 0.9282   |           
280    | 3.2572     | 0.7532     | 1.2208       | 1.2832       | 0.9313     | 0.7950       | 0.9449   |           
290    | 3.1830     | 0.6931     | 1.2072       | 1.2827       | 0.9240     | 0.8261       | 0.9470   |           
300    | 3.2595     | 0.7768     | 1.2055       | 1.2771       | 0.9208     | 0.8023       | 0.9685   |           
310    | 3.1844     | 0.7106     | 1.2035       | 1.2703       | 0.9208     | 0.7692       | 0.8483   |           
320    | 3.2252     | 0.7306     | 1.2139       | 1.2807       | 0.9240     | 0.7942       | 0.9697   |           
330    | 3.1895     | 0.6895     | 1.2122       | 1.2878       | 0.8990     | 0.7967       | 1.0003   |           
340    | 3.1076     | 0.6413     | 1.1985       | 1.2678       | 0.9240     | 0.7412       | 0.9858   |           
350    | 3.1739     | 0.6921     | 1.2109       | 1.2709       | 0.8969     | 0.8002       | 0.9625   |           
360    | 3.2435     | 0.7395     | 1.2195       | 1.2844       | 0.9156     | 0.7167       | 0.9842   |           
370    | 3.1340     | 0.6541     | 1.2184       | 1.2615       | 0.9177     | 0.7786       | 0.9323   |           
380    | 3.1662     | 0.6598     | 1.2183       | 1.2881       | 0.9135     | 0.7296       | 0.9920   |           
390    | 3.1713     | 0.6561     | 1.2295       | 1.2857       | 0.9250     | 0.7707       | 1.0474   |           
400    | 3.1433     | 0.6224     | 1.2383       | 1.2826       | 0.9042     | 0.7401       | 0.8643   |           
410    | 3.2551     | 0.6961     | 1.2520       | 1.3070       | 0.9385     | 0.7002       | 0.8802   |           
420    | 3.1215     | 0.6177     | 1.2212       | 1.2826       | 0.9240     | 0.6765       | 0.9719   |           
430    | 3.2070     | 0.6701     | 1.2569       | 1.2800       | 0.9313     | 0.6739       | 0.9264   |           
440    | 3.1790     | 0.6535     | 1.2340       | 1.2916       | 0.9156     | 0.7171       | 0.8940   |           
450    | 3.1886     | 0.6646     | 1.2291       | 1.2949       | 0.9302     | 0.7065       | 0.9082   |           
460    | 3.1746     | 0.6452     | 1.2188       | 1.3106       | 0.9396     | 0.7305       | 0.8663   |           
470    | 3.2373     | 0.6803     | 1.2565       | 1.3005       | 0.8854     | 0.7556       | 0.9030   |           
480    | 3.1721     | 0.6268     | 1.2398       | 1.3055       | 0.9313     | 0.7012       | 0.9687   |           
490    | 3.2238     | 0.6913     | 1.2392       | 1.2933       | 0.9260     | 0.7040       | 0.9481   |           
500    | 3.2266     | 0.6765     | 1.2507       | 1.2994       | 0.9313     | 0.7175       | 0.8889   |           
Seed 1024 | Src Acc: 93.1633 | Src MDE: 0.1052 | Tgt Acc: 31.4286 | Tgt MDE: 0.8896
Finished Combo GeoSPA_3. Results saved.
