==========================================
Current Architecture: GeoSPA-Net (Fixed)
mcAPs (Real Anchors): [1] (Indices: [0])
Legacy APs (Virtual): [2, 3, 4] (Indices: [1, 2, 3])
==========================================
>> Training PCN (Stage 2) on Source Domain...
>> Source PCN Training Finished. Huber Loss: 0.0051
>> Training PCN (Stage 2) on Target Domain...
>> Target PCN Training Finished. Huber Loss: 0.0038

Start GeoSPA-Net Training Seed 42...
Epoch  | Total Loss | Tr Cls     | Tr Dom RSSI  | Tr Dom RTT   | Val T Acc  | Val T Entropy | Test MDE
------------------------------------------------------------------------------------------------------------------------
10     | 4.6312     | 2.1881     | 1.1300       | 1.3131       | 0.8448     | 3.2050       | 1.0430   |           
20     | 3.5589     | 1.3445     | 0.9522       | 1.2622       | 0.9135     | 2.4682       | 0.8033   | (ADV -0.32)
30     | 3.3445     | 1.0756     | 1.0159       | 1.2531       | 0.9469     | 2.0611       | 0.7886   |           
40     | 3.1793     | 0.9153     | 1.0154       | 1.2487       | 0.9521     | 1.7198       | 0.8413   |           
50     | 3.0216     | 0.7954     | 1.0001       | 1.2261       | 0.9146     | 1.4580       | 0.8735   |           
60     | 2.9755     | 0.7425     | 1.0055       | 1.2275       | 0.9583     | 1.2777       | 0.8438   |           
70     | 2.9566     | 0.7329     | 1.0067       | 1.2169       | 0.9292     | 1.2359       | 0.9149   |           
80     | 2.9211     | 0.6886     | 1.0000       | 1.2325       | 0.9427     | 1.2061       | 0.9147   |           
90     | 2.9430     | 0.6662     | 1.0388       | 1.2379       | 0.9375     | 1.1049       | 0.7881   |           
100    | 2.9878     | 0.6948     | 1.0494       | 1.2436       | 0.9396     | 1.0738       | 0.8417   |           
110    | 2.9354     | 0.6593     | 1.0434       | 1.2327       | 0.9594     | 1.0124       | 0.8502   | (ADV 0.45)
120    | 2.9614     | 0.6253     | 1.0977       | 1.2384       | 0.9531     | 0.9975       | 0.7707   |           
130    | 3.0225     | 0.6630     | 1.0859       | 1.2736       | 0.9323     | 0.9455       | 0.8850   |           
140    | 2.9706     | 0.6169     | 1.0972       | 1.2565       | 0.9417     | 0.9417       | 0.7684   |           
150    | 3.0630     | 0.6700     | 1.1325       | 1.2604       | 0.9375     | 0.8934       | 0.8951   |           
160    | 2.9715     | 0.6159     | 1.1008       | 1.2548       | 0.9250     | 0.8526       | 0.8286   |           
170    | 3.0493     | 0.6466     | 1.1407       | 1.2620       | 0.9146     | 0.8502       | 0.9112   |           
180    | 3.0300     | 0.5974     | 1.1666       | 1.2659       | 0.9469     | 0.8174       | 0.8531   |           
190    | 2.9613     | 0.5571     | 1.1496       | 1.2546       | 0.9521     | 0.7757       | 0.8524   | (ADV 0.56)
200    | 3.0069     | 0.5956     | 1.1645       | 1.2468       | 0.9521     | 0.8011       | 0.9214   |           
210    | 3.0363     | 0.6452     | 1.1318       | 1.2592       | 0.9396     | 0.7772       | 0.7917   |           
220    | 3.0279     | 0.5902     | 1.1531       | 1.2845       | 0.9250     | 0.7460       | 0.8895   |           
230    | 3.0419     | 0.6114     | 1.1755       | 1.2549       | 0.9187     | 0.8235       | 0.8326   |           
240    | 2.9817     | 0.5517     | 1.1712       | 1.2588       | 0.9375     | 0.7867       | 0.8286   |           
250    | 2.9750     | 0.5842     | 1.1409       | 1.2498       | 0.9448     | 0.7454       | 0.8108   |           
260    | 3.0411     | 0.6021     | 1.1796       | 1.2595       | 0.9406     | 0.7624       | 0.8389   |           
270    | 3.0508     | 0.6217     | 1.1668       | 1.2623       | 0.9417     | 0.6883       | 0.7243   |           
280    | 3.0613     | 0.6205     | 1.1736       | 1.2672       | 0.9531     | 0.7675       | 0.7986   |           
290    | 2.9982     | 0.5611     | 1.1870       | 1.2501       | 0.9375     | 0.7074       | 0.9325   |           
300    | 2.9910     | 0.5411     | 1.1905       | 1.2595       | 0.9417     | 0.7071       | 0.8414   |           
310    | 2.9584     | 0.5405     | 1.1581       | 1.2599       | 0.9521     | 0.7527       | 0.9488   |           
320    | 2.9590     | 0.5390     | 1.1691       | 1.2510       | 0.9406     | 0.7561       | 0.9266   |           
330    | 2.9740     | 0.5414     | 1.1771       | 1.2555       | 0.9385     | 0.6901       | 0.9270   |           
340    | 2.9094     | 0.4958     | 1.1682       | 1.2453       | 0.9333     | 0.6807       | 0.8550   |           
350    | 3.0251     | 0.5786     | 1.1892       | 1.2572       | 0.9271     | 0.7018       | 0.8619   |           
360    | 2.9931     | 0.5310     | 1.2104       | 1.2517       | 0.9344     | 0.7008       | 0.9883   |           
370    | 3.1030     | 0.5894     | 1.2281       | 1.2855       | 0.9375     | 0.6592       | 0.9051   |           
380    | 3.0115     | 0.5602     | 1.2048       | 1.2465       | 0.9469     | 0.7253       | 0.8346   |           
390    | 3.0163     | 0.5372     | 1.2096       | 1.2695       | 0.9365     | 0.6667       | 0.9414   |           
400    | 2.9470     | 0.4728     | 1.1833       | 1.2908       | 0.9552     | 0.6370       | 0.9074   |           
410    | 2.9762     | 0.5052     | 1.1858       | 1.2852       | 0.9240     | 0.6672       | 0.8167   |           
420    | 3.0471     | 0.5443     | 1.2313       | 1.2715       | 0.9552     | 0.6712       | 0.7582   |           
430    | 2.9950     | 0.5056     | 1.2059       | 1.2834       | 0.9490     | 0.6425       | 0.8787   |           
440    | 2.9762     | 0.4857     | 1.2047       | 1.2858       | 0.9521     | 0.6256       | 0.8806   |           
450    | 3.0385     | 0.5415     | 1.2144       | 1.2826       | 0.8875     | 0.7434       | 1.0349   |           
460    | 2.9722     | 0.5138     | 1.1922       | 1.2661       | 0.9177     | 0.7042       | 1.0290   |           
470    | 3.0518     | 0.5441     | 1.2245       | 1.2832       | 0.9354     | 0.6520       | 1.0197   |           
480    | 2.9061     | 0.4850     | 1.1853       | 1.2358       | 0.9490     | 0.5770       | 0.8173   | (ADV 0.66)
490    | 2.9392     | 0.4711     | 1.2137       | 1.2545       | 0.9625     | 0.5845       | 0.9179   | (ADV 0.67)
500    | 2.9596     | 0.5000     | 1.2098       | 1.2498       | 0.9323     | 0.6396       | 0.8694   |           
Seed 42 | Src Acc: 95.9184 | Src MDE: 0.0701 | Tgt Acc: 38.3673 | Tgt MDE: 0.9179
>> Training PCN (Stage 2) on Source Domain...
>> Source PCN Training Finished. Huber Loss: 0.0049
>> Training PCN (Stage 2) on Target Domain...
>> Target PCN Training Finished. Huber Loss: 0.0041

Start GeoSPA-Net Training Seed 67...
Epoch  | Total Loss | Tr Cls     | Tr Dom RSSI  | Tr Dom RTT   | Val T Acc  | Val T Entropy | Test MDE
------------------------------------------------------------------------------------------------------------------------
10     | 4.6333     | 2.1499     | 1.1723       | 1.3111       | 0.8240     | 3.2217       | 1.0589   |           
20     | 3.7466     | 1.4446     | 1.0350       | 1.2670       | 0.9010     | 2.4676       | 0.8778   | (ADV -0.33)
30     | 3.3489     | 1.1105     | 1.0200       | 1.2184       | 0.9219     | 2.0115       | 0.9698   |           
40     | 3.2585     | 0.9618     | 1.0361       | 1.2605       | 0.9354     | 1.6383       | 0.8907   | (ADV 0.12)
50     | 3.1308     | 0.8700     | 1.0412       | 1.2195       | 0.9094     | 1.4865       | 1.0173   |           
60     | 2.9969     | 0.7636     | 1.0120       | 1.2213       | 0.9219     | 1.3327       | 0.8745   | (ADV 0.26)
70     | 3.0092     | 0.7418     | 1.0271       | 1.2403       | 0.9167     | 1.2442       | 0.8531   |           
80     | 3.0916     | 0.7800     | 1.0757       | 1.2359       | 0.9354     | 1.1413       | 0.8522   | (ADV 0.36)
90     | 3.0196     | 0.7235     | 1.0508       | 1.2453       | 0.9250     | 1.0991       | 0.8457   |           
100    | 2.9820     | 0.6660     | 1.0754       | 1.2406       | 0.9260     | 1.1539       | 0.9570   |           
110    | 2.9616     | 0.6583     | 1.0776       | 1.2257       | 0.9135     | 0.9997       | 0.9580   |           
120    | 3.0273     | 0.6912     | 1.0955       | 1.2406       | 0.9229     | 0.9844       | 0.8638   |           
130    | 2.9524     | 0.6289     | 1.0893       | 1.2342       | 0.9229     | 0.9703       | 0.9188   |           
140    | 2.9016     | 0.6052     | 1.0849       | 1.2115       | 0.9292     | 0.8919       | 0.8968   |           
150    | 3.0046     | 0.6875     | 1.0945       | 1.2226       | 0.9073     | 0.8484       | 0.8725   |           
160    | 2.9713     | 0.6335     | 1.1265       | 1.2112       | 0.9271     | 0.8646       | 0.9094   |           
170    | 3.0357     | 0.6284     | 1.1681       | 1.2392       | 0.9344     | 0.8051       | 0.9602   |           
180    | 3.0429     | 0.6595     | 1.1509       | 1.2325       | 0.9281     | 0.8419       | 0.9168   |           
190    | 3.0595     | 0.6856     | 1.1486       | 1.2253       | 0.9146     | 0.8237       | 0.8405   |           
200    | 3.0598     | 0.6803     | 1.1470       | 1.2325       | 0.9094     | 0.8444       | 0.9282   |           
210    | 3.0107     | 0.6381     | 1.1442       | 1.2285       | 0.9187     | 0.8285       | 0.9114   |           
220    | 3.0309     | 0.6088     | 1.1628       | 1.2593       | 0.9146     | 0.7830       | 0.8961   |           
230    | 3.0586     | 0.6421     | 1.1495       | 1.2669       | 0.9052     | 0.8047       | 0.8611   |           
240    | 3.0570     | 0.6195     | 1.1723       | 1.2652       | 0.9250     | 0.7499       | 0.8774   |           
250    | 2.9865     | 0.5908     | 1.1529       | 1.2428       | 0.9135     | 0.7477       | 0.8976   |           
260    | 3.0635     | 0.6126     | 1.1870       | 1.2639       | 0.9375     | 0.7176       | 0.9313   |           
270    | 3.0045     | 0.5947     | 1.1662       | 1.2435       | 0.9458     | 0.7370       | 0.8795   |           
280    | 3.1495     | 0.6781     | 1.1870       | 1.2844       | 0.9417     | 0.7609       | 0.8687   |           
290    | 2.9894     | 0.5732     | 1.1714       | 1.2448       | 0.9250     | 0.6909       | 0.7814   |           
300    | 2.9625     | 0.5439     | 1.1611       | 1.2575       | 0.9469     | 0.6706       | 0.8692   | (ADV 0.61)
310    | 3.0081     | 0.5826     | 1.1786       | 1.2469       | 0.9229     | 0.6897       | 0.8751   |           
320    | 3.0339     | 0.5883     | 1.1604       | 1.2851       | 0.9427     | 0.6832       | 0.8640   |           
330    | 2.9392     | 0.5170     | 1.1604       | 1.2619       | 0.9396     | 0.6539       | 0.8352   |           
340    | 2.9857     | 0.5458     | 1.1553       | 1.2846       | 0.9104     | 0.7087       | 0.8236   |           
350    | 3.0452     | 0.5858     | 1.1932       | 1.2662       | 0.9313     | 0.6079       | 0.8862   |           
360    | 3.0435     | 0.5972     | 1.1986       | 1.2477       | 0.9448     | 0.6153       | 0.8428   |           
370    | 3.1105     | 0.6215     | 1.2000       | 1.2890       | 0.9187     | 0.6530       | 0.8698   |           
380    | 2.9898     | 0.5551     | 1.1672       | 1.2674       | 0.9167     | 0.6290       | 0.9109   |           
390    | 2.9710     | 0.5284     | 1.1781       | 1.2646       | 0.9427     | 0.6715       | 0.8954   |           
400    | 2.9777     | 0.5349     | 1.1897       | 1.2531       | 0.9344     | 0.6016       | 0.8693   |           
410    | 3.0220     | 0.5536     | 1.1911       | 1.2773       | 0.9469     | 0.6249       | 0.8857   |           
420    | 2.9822     | 0.5366     | 1.1836       | 1.2620       | 0.9406     | 0.6125       | 0.8836   |           
430    | 2.9881     | 0.5216     | 1.2088       | 1.2577       | 0.9229     | 0.6213       | 0.8760   |           
440    | 2.9869     | 0.4986     | 1.2138       | 1.2745       | 0.9219     | 0.5915       | 0.8446   |           
450    | 2.9969     | 0.5030     | 1.2266       | 1.2672       | 0.9510     | 0.6475       | 0.8461   |           
460    | 2.9281     | 0.4530     | 1.2035       | 1.2717       | 0.9417     | 0.6441       | 0.8492   |           
470    | 3.0148     | 0.5338     | 1.2154       | 1.2656       | 0.9396     | 0.6124       | 0.8903   |           
480    | 2.9540     | 0.4828     | 1.2077       | 1.2635       | 0.9333     | 0.5697       | 0.9199   |           
490    | 3.0178     | 0.5333     | 1.2126       | 1.2719       | 0.9229     | 0.6117       | 0.8621   |           
500    | 3.0246     | 0.5168     | 1.2342       | 1.2736       | 0.9448     | 0.5470       | 0.8973   |           
Seed 67 | Src Acc: 94.3878 | Src MDE: 0.0980 | Tgt Acc: 41.9388 | Tgt MDE: 0.8570
>> Training PCN (Stage 2) on Source Domain...
>> Source PCN Training Finished. Huber Loss: 0.0046
>> Training PCN (Stage 2) on Target Domain...
>> Target PCN Training Finished. Huber Loss: 0.0039

Start GeoSPA-Net Training Seed 1024...
Epoch  | Total Loss | Tr Cls     | Tr Dom RSSI  | Tr Dom RTT   | Val T Acc  | Val T Entropy | Test MDE
------------------------------------------------------------------------------------------------------------------------
10     | 4.6691     | 2.1798     | 1.2094       | 1.2800       | 0.8219     | 3.2355       | 1.1967   |           
20     | 3.6775     | 1.3956     | 1.0601       | 1.2218       | 0.9260     | 2.4912       | 1.0189   | (ADV -0.32)
30     | 3.3886     | 1.1173     | 1.0400       | 1.2312       | 0.9260     | 2.1059       | 0.9128   | (ADV -0.13)
40     | 3.2182     | 0.9770     | 1.0470       | 1.1943       | 0.9365     | 1.7125       | 0.9577   |           
50     | 3.1091     | 0.8264     | 1.0484       | 1.2343       | 0.9115     | 1.6252       | 0.9858   |           
60     | 3.0542     | 0.7825     | 1.0264       | 1.2453       | 0.9385     | 1.3323       | 1.0298   | (ADV 0.27)
70     | 2.9115     | 0.7145     | 0.9856       | 1.2115       | 0.9104     | 1.2881       | 0.9766   |           
80     | 3.0369     | 0.7510     | 1.0482       | 1.2377       | 0.9344     | 1.1835       | 0.9621   |           
90     | 2.9926     | 0.7050     | 1.0347       | 1.2529       | 0.9104     | 1.2212       | 0.8499   |           
100    | 2.8903     | 0.6303     | 1.0124       | 1.2475       | 0.9323     | 1.1483       | 0.9383   |           
110    | 2.9788     | 0.6579     | 1.0732       | 1.2476       | 0.9177     | 1.0703       | 0.9317   |           
120    | 3.0155     | 0.6855     | 1.0631       | 1.2668       | 0.9406     | 1.0191       | 0.8312   |           
130    | 2.9289     | 0.6431     | 1.0496       | 1.2362       | 0.9208     | 0.9235       | 0.9423   |           
140    | 2.8478     | 0.5785     | 1.0354       | 1.2339       | 0.9479     | 0.9046       | 0.8690   |           
150    | 2.9570     | 0.6021     | 1.1045       | 1.2504       | 0.9198     | 0.9530       | 0.9345   |           
160    | 3.0544     | 0.6877     | 1.1102       | 1.2565       | 0.9344     | 0.9047       | 1.0056   |           
170    | 2.9861     | 0.6197     | 1.1095       | 1.2569       | 0.9260     | 0.8691       | 0.9223   |           
180    | 2.9133     | 0.5801     | 1.0882       | 1.2450       | 0.9521     | 0.8123       | 0.9032   | (ADV 0.55)
190    | 3.0547     | 0.6597     | 1.1280       | 1.2670       | 0.9437     | 0.8466       | 0.8843   |           
200    | 3.0161     | 0.6062     | 1.1533       | 1.2566       | 0.9437     | 0.8842       | 0.9631   |           
210    | 2.9799     | 0.5914     | 1.1319       | 1.2567       | 0.9406     | 0.8083       | 0.9008   |           
220    | 2.9301     | 0.5445     | 1.1369       | 1.2488       | 0.9344     | 0.8001       | 0.9066   |           
230    | 2.9646     | 0.5814     | 1.1223       | 1.2609       | 0.9313     | 0.7781       | 0.8931   |           
240    | 2.9437     | 0.5416     | 1.1497       | 1.2524       | 0.9271     | 0.7945       | 0.9710   |           
250    | 2.9996     | 0.6035     | 1.1472       | 1.2490       | 0.9083     | 0.8261       | 0.9824   |           
260    | 3.0447     | 0.6191     | 1.1681       | 1.2575       | 0.9406     | 0.7680       | 0.9568   |           
270    | 3.0149     | 0.5795     | 1.1871       | 1.2483       | 0.9333     | 0.8156       | 0.9358   |           
280    | 3.0403     | 0.6021     | 1.1777       | 1.2606       | 0.9417     | 0.6936       | 0.8882   |           
290    | 3.0370     | 0.6060     | 1.1679       | 1.2631       | 0.9354     | 0.7894       | 0.8475   |           
300    | 3.0543     | 0.6246     | 1.1790       | 1.2507       | 0.9427     | 0.6954       | 0.8833   |           
310    | 2.9613     | 0.5571     | 1.1608       | 1.2434       | 0.9125     | 0.6955       | 0.9281   |           
320    | 2.9761     | 0.5372     | 1.1873       | 1.2516       | 0.9365     | 0.6551       | 0.8807   |           
330    | 3.0149     | 0.5675     | 1.1774       | 1.2700       | 0.9302     | 0.6991       | 0.8742   |           
340    | 2.9751     | 0.5241     | 1.1720       | 1.2790       | 0.9437     | 0.6792       | 0.9559   |           
350    | 2.9317     | 0.5031     | 1.1750       | 1.2536       | 0.9500     | 0.7085       | 0.9003   |           
360    | 3.0330     | 0.5731     | 1.2069       | 1.2531       | 0.9375     | 0.6318       | 0.8901   |           
370    | 2.9598     | 0.5253     | 1.1744       | 1.2601       | 0.9427     | 0.6623       | 0.9528   |           
380    | 2.9876     | 0.5382     | 1.1877       | 1.2617       | 0.9219     | 0.6715       | 1.0156   |           
390    | 2.9494     | 0.5275     | 1.1661       | 1.2557       | 0.9385     | 0.6538       | 1.0532   |           
400    | 2.9228     | 0.4930     | 1.1755       | 1.2543       | 0.9250     | 0.6941       | 1.0210   |           
410    | 3.0296     | 0.5558     | 1.2247       | 1.2491       | 0.9083     | 0.6142       | 1.0027   |           
420    | 2.9374     | 0.4949     | 1.1979       | 1.2445       | 0.9208     | 0.6255       | 0.9423   |           
430    | 2.9742     | 0.5112     | 1.1995       | 1.2635       | 0.9302     | 0.6103       | 1.0690   |           
440    | 2.9279     | 0.4864     | 1.1920       | 1.2495       | 0.9385     | 0.6318       | 1.0774   |           
450    | 2.9726     | 0.5102     | 1.2004       | 1.2621       | 0.9479     | 0.6156       | 1.1091   |           
460    | 3.0499     | 0.5369     | 1.2205       | 1.2926       | 0.9427     | 0.5934       | 1.0264   |           
470    | 3.0054     | 0.5421     | 1.1991       | 1.2642       | 0.8844     | 0.6879       | 1.1618   |           
480    | 2.9811     | 0.4799     | 1.2422       | 1.2590       | 0.9479     | 0.6131       | 0.9298   |           
490    | 2.9988     | 0.5078     | 1.2096       | 1.2814       | 0.9427     | 0.6032       | 1.0733   |           
500    | 2.9745     | 0.4922     | 1.2083       | 1.2739       | 0.9292     | 0.6376       | 1.0022   |           
Seed 1024 | Src Acc: 94.2857 | Src MDE: 0.0928 | Tgt Acc: 36.4286 | Tgt MDE: 1.1349
Finished Combo GeoSPA_1. Results saved.
