==========================================
Current Architecture: GeoSPA-Net (Fixed)
mcAPs (Real Anchors): [1, 3, 4] (Indices: [0, 2, 3])
Legacy APs (Virtual): [2] (Indices: [1])
==========================================
>> Training PCN (Stage 2) on Source Domain...
>> Source PCN Training Finished. Huber Loss: 0.0052
>> Training PCN (Stage 2) on Target Domain...
>> Target PCN Training Finished. Huber Loss: 0.0045

Start GeoSPA-Net Training Seed 42...
Epoch  | Total Loss | Tr Cls     | Tr Dom RSSI  | Tr Dom RTT   | Val T Acc  | Val T Entropy | Test MDE
------------------------------------------------------------------------------------------------------------------------
10     | 4.2247     | 1.9554     | 1.1252       | 1.1441       | 0.9354     | 3.1665       | 0.9084   |           
20     | 3.0304     | 1.1154     | 0.9574       | 0.9576       | 0.9635     | 2.4982       | 0.8335   | (ADV -0.29)
30     | 2.7798     | 0.8309     | 1.0020       | 0.9470       | 0.9635     | 2.0427       | 0.7301   |           
40     | 2.6000     | 0.6732     | 1.0076       | 0.9192       | 0.9729     | 1.5960       | 0.7219   | (ADV 0.17)
50     | 2.5158     | 0.5483     | 0.9762       | 0.9913       | 0.9688     | 1.4232       | 0.6580   |           
60     | 2.4762     | 0.5229     | 0.9659       | 0.9873       | 0.9792     | 1.2312       | 0.6236   |           
70     | 2.5270     | 0.5274     | 0.9955       | 1.0041       | 0.9844     | 1.1055       | 0.6440   | (ADV 0.43)
80     | 2.5632     | 0.5081     | 1.0374       | 1.0177       | 0.9812     | 1.1280       | 0.6694   |           
90     | 2.5906     | 0.4955     | 1.0530       | 1.0420       | 0.9823     | 0.9757       | 0.6394   | (ADV 0.49)
100    | 2.6494     | 0.4862     | 1.1194       | 1.0438       | 0.9812     | 0.9697       | 0.6403   |           
110    | 2.6364     | 0.4652     | 1.0935       | 1.0776       | 0.9802     | 0.8545       | 0.6186   | (ADV 0.55)
120    | 2.7004     | 0.4887     | 1.1127       | 1.0990       | 0.9802     | 0.8222       | 0.6298   | (ADV 0.57)
130    | 2.7566     | 0.4987     | 1.1558       | 1.1021       | 0.9875     | 0.7875       | 0.5964   | (ADV 0.59)
140    | 2.6971     | 0.4336     | 1.1674       | 1.0961       | 0.9865     | 0.8040       | 0.5902   |           
150    | 2.8030     | 0.5097     | 1.1554       | 1.1378       | 0.9688     | 0.8461       | 0.6314   |           
160    | 2.7097     | 0.4599     | 1.1465       | 1.1032       | 0.9812     | 0.7696       | 0.6117   |           
170    | 2.7555     | 0.4491     | 1.1780       | 1.1284       | 0.9781     | 0.7027       | 0.5682   |           
180    | 2.8323     | 0.4575     | 1.1948       | 1.1801       | 0.9854     | 0.6514       | 0.6382   | (ADV 0.66)
190    | 2.7615     | 0.3990     | 1.1913       | 1.1713       | 0.9844     | 0.6937       | 0.6533   |           
200    | 2.7801     | 0.4276     | 1.1997       | 1.1528       | 0.9729     | 0.6310       | 0.6040   |           
210    | 2.8642     | 0.4501     | 1.1977       | 1.2164       | 0.9812     | 0.6613       | 0.5643   |           
220    | 2.7576     | 0.3865     | 1.2155       | 1.1555       | 0.9781     | 0.5699       | 0.6259   |           
230    | 2.7644     | 0.3970     | 1.2027       | 1.1647       | 0.9812     | 0.6274       | 0.6277   |           
240    | 2.7588     | 0.3878     | 1.1936       | 1.1774       | 0.9865     | 0.5673       | 0.5885   |           
250    | 2.8047     | 0.4129     | 1.2129       | 1.1789       | 0.9802     | 0.5813       | 0.6390   |           
260    | 2.8930     | 0.4308     | 1.2350       | 1.2272       | 0.9875     | 0.5574       | 0.6023   |           
270    | 2.8047     | 0.3691     | 1.2165       | 1.2191       | 0.9802     | 0.5059       | 0.5641   |           
280    | 2.8472     | 0.4201     | 1.2202       | 1.2070       | 0.9833     | 0.5274       | 0.7181   |           
290    | 2.8006     | 0.3628     | 1.2208       | 1.2171       | 0.9823     | 0.5409       | 0.6812   |           
300    | 2.8503     | 0.4009     | 1.2324       | 1.2170       | 0.9792     | 0.5496       | 0.6469   |           
310    | 2.8120     | 0.3538     | 1.2398       | 1.2184       | 0.9823     | 0.4959       | 0.6184   |           
320    | 2.8428     | 0.3835     | 1.2462       | 1.2130       | 0.9844     | 0.4977       | 0.5961   |           
330    | 2.8850     | 0.4148     | 1.2467       | 1.2235       | 0.9844     | 0.4775       | 0.6238   |           
340    | 2.8658     | 0.3891     | 1.2380       | 1.2386       | 0.9865     | 0.5140       | 0.7192   |           
350    | 2.8282     | 0.3581     | 1.2495       | 1.2206       | 0.9823     | 0.4249       | 0.5604   |           
360    | 2.7919     | 0.3366     | 1.2426       | 1.2127       | 0.9833     | 0.4537       | 0.5619   |           
370    | 2.8033     | 0.3345     | 1.2256       | 1.2432       | 0.9865     | 0.4162       | 0.5594   |           
380    | 2.8858     | 0.3852     | 1.2501       | 1.2506       | 0.9844     | 0.4117       | 0.5952   |           
390    | 2.8248     | 0.3357     | 1.2384       | 1.2506       | 0.9844     | 0.3702       | 0.5369   |           
400    | 2.7988     | 0.3174     | 1.2435       | 1.2379       | 0.9865     | 0.4564       | 0.6419   |           
410    | 2.8768     | 0.3577     | 1.2671       | 1.2521       | 0.9833     | 0.3974       | 0.5341   |           
420    | 2.8772     | 0.3631     | 1.2575       | 1.2566       | 0.9865     | 0.4219       | 0.4633   |           
430    | 2.8509     | 0.3280     | 1.2700       | 1.2530       | 0.9812     | 0.4606       | 0.5587   |           
440    | 2.8221     | 0.2930     | 1.2733       | 1.2558       | 0.9833     | 0.4141       | 0.5865   |           
450    | 2.8518     | 0.3120     | 1.2674       | 1.2724       | 0.9875     | 0.4154       | 0.6022   |           
460    | 2.9046     | 0.3520     | 1.2755       | 1.2771       | 0.9781     | 0.3837       | 0.5094   |           
470    | 2.8918     | 0.3621     | 1.2753       | 1.2544       | 0.9854     | 0.4547       | 0.5480   |           
480    | 2.8263     | 0.2682     | 1.2770       | 1.2810       | 0.9875     | 0.4102       | 0.5665   |           
490    | 2.8519     | 0.2979     | 1.2815       | 1.2725       | 0.9875     | 0.3902       | 0.5422   |           
500    | 2.8535     | 0.3009     | 1.2867       | 1.2659       | 0.9844     | 0.3823       | 0.6038   |           
Seed 42 | Src Acc: 98.4694 | Src MDE: 0.0362 | Tgt Acc: 47.0408 | Tgt MDE: 0.6150
>> Training PCN (Stage 2) on Source Domain...
>> Source PCN Training Finished. Huber Loss: 0.0046
>> Training PCN (Stage 2) on Target Domain...
>> Target PCN Training Finished. Huber Loss: 0.0045

Start GeoSPA-Net Training Seed 67...
Epoch  | Total Loss | Tr Cls     | Tr Dom RSSI  | Tr Dom RTT   | Val T Acc  | Val T Entropy | Test MDE
------------------------------------------------------------------------------------------------------------------------
10     | 4.1544     | 1.8944     | 1.1786       | 1.0814       | 0.9052     | 3.2318       | 0.7818   |           
20     | 3.0558     | 1.1286     | 1.0271       | 0.9001       | 0.9573     | 2.3446       | 0.7641   | (ADV -0.21)
30     | 2.7652     | 0.8304     | 0.9999       | 0.9349       | 0.9740     | 1.8883       | 0.7019   | (ADV 0.03)
40     | 2.6247     | 0.6503     | 1.0371       | 0.9374       | 0.9719     | 1.5577       | 0.7098   | (ADV 0.19)
50     | 2.6471     | 0.6183     | 1.0485       | 0.9802       | 0.9719     | 1.3905       | 0.6933   |           
60     | 2.6016     | 0.5523     | 1.0420       | 1.0072       | 0.9771     | 1.1718       | 0.6279   | (ADV 0.39)
70     | 2.5861     | 0.5214     | 1.0514       | 1.0133       | 0.9698     | 1.1537       | 0.6786   |           
80     | 2.7084     | 0.5638     | 1.1045       | 1.0401       | 0.9708     | 1.0054       | 0.6427   | (ADV 0.47)
90     | 2.6677     | 0.5101     | 1.1157       | 1.0419       | 0.9771     | 1.0049       | 0.6787   |           
100    | 2.6951     | 0.5194     | 1.1052       | 1.0704       | 0.9760     | 1.0454       | 0.7637   |           
110    | 2.7047     | 0.4679     | 1.1492       | 1.0875       | 0.9656     | 0.8398       | 0.7345   |           
120    | 2.7861     | 0.5116     | 1.1529       | 1.1216       | 0.9750     | 0.8743       | 0.8089   |           
130    | 2.7697     | 0.4998     | 1.1341       | 1.1359       | 0.9719     | 0.7260       | 0.6750   | (ADV 0.61)
140    | 2.7917     | 0.4508     | 1.1790       | 1.1619       | 0.9604     | 0.7031       | 0.7008   |           
150    | 2.7596     | 0.4533     | 1.1847       | 1.1215       | 0.9604     | 0.7040       | 0.6221   |           
160    | 2.8183     | 0.4836     | 1.1910       | 1.1437       | 0.9708     | 0.6965       | 0.6168   |           
170    | 2.8509     | 0.4785     | 1.2077       | 1.1647       | 0.9781     | 0.6946       | 0.6249   |           
180    | 2.8183     | 0.4461     | 1.2203       | 1.1519       | 0.9750     | 0.6067       | 0.6493   |           
190    | 2.7832     | 0.4199     | 1.2032       | 1.1601       | 0.9771     | 0.6420       | 0.6888   |           
200    | 2.8303     | 0.4500     | 1.2122       | 1.1681       | 0.9740     | 0.6485       | 0.5929   |           
210    | 2.7811     | 0.3965     | 1.2120       | 1.1725       | 0.9604     | 0.6374       | 0.7523   |           
220    | 2.7891     | 0.3980     | 1.2192       | 1.1718       | 0.9719     | 0.5935       | 0.6829   |           
230    | 2.8657     | 0.4405     | 1.2158       | 1.2094       | 0.9740     | 0.6171       | 0.7522   |           
240    | 2.8427     | 0.4468     | 1.2160       | 1.1800       | 0.9750     | 0.5124       | 0.7365   | (ADV 0.72)
250    | 2.7515     | 0.4040     | 1.1936       | 1.1539       | 0.9708     | 0.5355       | 0.6831   |           
260    | 2.8321     | 0.4397     | 1.2189       | 1.1735       | 0.9750     | 0.5541       | 0.7458   |           
270    | 2.7965     | 0.4118     | 1.2063       | 1.1784       | 0.9781     | 0.5299       | 0.6787   |           
280    | 2.8262     | 0.4037     | 1.2192       | 1.2032       | 0.9698     | 0.5493       | 0.8171   |           
290    | 2.7607     | 0.3831     | 1.1801       | 1.1975       | 0.9719     | 0.5132       | 0.6157   |           
300    | 2.8239     | 0.3887     | 1.2147       | 1.2206       | 0.9698     | 0.4740       | 0.6949   |           
310    | 2.8644     | 0.3992     | 1.2470       | 1.2183       | 0.9781     | 0.5098       | 0.7077   |           
320    | 2.7734     | 0.3429     | 1.2204       | 1.2101       | 0.9729     | 0.4240       | 0.7110   |           
330    | 2.7958     | 0.3554     | 1.2218       | 1.2186       | 0.9708     | 0.4533       | 0.7494   |           
340    | 2.8013     | 0.3458     | 1.2327       | 1.2228       | 0.9802     | 0.4116       | 0.7172   |           
350    | 2.8694     | 0.3887     | 1.2230       | 1.2577       | 0.9760     | 0.4260       | 0.6206   |           
360    | 2.9197     | 0.4294     | 1.2471       | 1.2432       | 0.9719     | 0.4493       | 0.6912   |           
370    | 2.8595     | 0.3744     | 1.2377       | 1.2474       | 0.9698     | 0.4652       | 0.7185   |           
380    | 2.8896     | 0.3784     | 1.2557       | 1.2555       | 0.9729     | 0.4019       | 0.6897   |           
390    | 2.8554     | 0.3707     | 1.2625       | 1.2221       | 0.9781     | 0.3867       | 0.6757   | (ADV 0.78)
400    | 2.8138     | 0.3386     | 1.2307       | 1.2445       | 0.9698     | 0.4275       | 0.6616   |           
410    | 2.8309     | 0.3251     | 1.2426       | 1.2632       | 0.9729     | 0.4013       | 0.6457   |           
420    | 2.9000     | 0.3754     | 1.2712       | 1.2534       | 0.9719     | 0.3996       | 0.6401   |           
430    | 2.8086     | 0.3047     | 1.2735       | 1.2304       | 0.9719     | 0.3702       | 0.5937   |           
440    | 2.9102     | 0.3490     | 1.2768       | 1.2844       | 0.9760     | 0.4231       | 0.6522   |           
450    | 2.8304     | 0.3006     | 1.2745       | 1.2553       | 0.9802     | 0.3469       | 0.6347   |           
460    | 2.8895     | 0.3301     | 1.2760       | 1.2834       | 0.9729     | 0.3419       | 0.6929   |           
470    | 2.8454     | 0.3006     | 1.2967       | 1.2481       | 0.9771     | 0.3840       | 0.6506   |           
480    | 2.8084     | 0.2877     | 1.2795       | 1.2413       | 0.9771     | 0.3565       | 0.6393   |           
490    | 2.8761     | 0.2986     | 1.2939       | 1.2835       | 0.9792     | 0.3717       | 0.6331   |           
500    | 2.8919     | 0.3134     | 1.3034       | 1.2752       | 0.9812     | 0.3502       | 0.6462   |           
Seed 67 | Src Acc: 97.3469 | Src MDE: 0.0381 | Tgt Acc: 49.3878 | Tgt MDE: 0.6596
>> Training PCN (Stage 2) on Source Domain...
>> Source PCN Training Finished. Huber Loss: 0.0045
>> Training PCN (Stage 2) on Target Domain...
>> Target PCN Training Finished. Huber Loss: 0.0038

Start GeoSPA-Net Training Seed 1024...
Epoch  | Total Loss | Tr Cls     | Tr Dom RSSI  | Tr Dom RTT   | Val T Acc  | Val T Entropy | Test MDE
------------------------------------------------------------------------------------------------------------------------
10     | 4.3721     | 1.9690     | 1.2197       | 1.1833       | 0.8990     | 3.2689       | 0.8036   |           
20     | 3.2358     | 1.1270     | 1.0716       | 1.0372       | 0.9688     | 2.4435       | 0.7783   | (ADV -0.25)
30     | 2.9149     | 0.8539     | 1.0170       | 1.0440       | 0.9729     | 2.0345       | 0.7867   |           
40     | 2.7541     | 0.6989     | 1.0048       | 1.0504       | 0.9708     | 1.6633       | 0.7020   |           
50     | 2.6028     | 0.5918     | 0.9806       | 1.0304       | 0.9729     | 1.4006       | 0.7191   |           
60     | 2.6365     | 0.5537     | 1.0239       | 1.0589       | 0.9719     | 1.2203       | 0.7008   | (ADV 0.36)
70     | 2.6015     | 0.5154     | 1.0143       | 1.0719       | 0.9719     | 1.1008       | 0.7231   | (ADV 0.42)
80     | 2.5914     | 0.5122     | 1.0205       | 1.0587       | 0.9771     | 1.0224       | 0.8120   | (ADV 0.47)
90     | 2.6928     | 0.5359     | 1.0474       | 1.1095       | 0.9688     | 1.0220       | 0.7288   |           
100    | 2.7045     | 0.4916     | 1.0905       | 1.1224       | 0.9719     | 0.9293       | 0.7823   |           
110    | 2.7452     | 0.4965     | 1.1064       | 1.1423       | 0.9625     | 0.9307       | 0.8180   |           
120    | 2.8553     | 0.5486     | 1.1269       | 1.1798       | 0.9677     | 0.8827       | 0.7692   |           
130    | 2.7682     | 0.4832     | 1.1208       | 1.1641       | 0.9688     | 0.7493       | 0.7467   |           
140    | 2.8149     | 0.5198     | 1.1255       | 1.1695       | 0.9688     | 0.7373       | 0.7276   |           
150    | 2.7997     | 0.4723     | 1.1482       | 1.1793       | 0.9688     | 0.7353       | 0.6762   |           
160    | 2.8495     | 0.5052     | 1.1628       | 1.1815       | 0.9708     | 0.6432       | 0.7353   |           
170    | 2.8736     | 0.4673     | 1.1932       | 1.2132       | 0.9792     | 0.6161       | 0.7452   | (ADV 0.67)
180    | 2.7499     | 0.4216     | 1.1502       | 1.1781       | 0.9573     | 0.6408       | 0.8202   |           
190    | 2.8960     | 0.4951     | 1.1842       | 1.2167       | 0.9708     | 0.6507       | 0.7726   |           
200    | 2.8456     | 0.4487     | 1.1822       | 1.2148       | 0.9729     | 0.5996       | 0.6786   |           
210    | 2.7875     | 0.4011     | 1.1938       | 1.1927       | 0.9604     | 0.5959       | 0.7168   |           
220    | 2.8059     | 0.4175     | 1.1790       | 1.2093       | 0.9750     | 0.5063       | 0.8399   | (ADV 0.72)
230    | 2.8909     | 0.4573     | 1.2076       | 1.2261       | 0.9698     | 0.5804       | 0.6988   |           
240    | 2.7995     | 0.4001     | 1.1932       | 1.2062       | 0.9698     | 0.5467       | 0.7227   |           
250    | 2.8608     | 0.4295     | 1.2067       | 1.2246       | 0.9719     | 0.5814       | 0.6885   |           
260    | 2.8767     | 0.4272     | 1.2286       | 1.2210       | 0.9771     | 0.5201       | 0.6846   |           
270    | 2.8118     | 0.3717     | 1.2281       | 1.2120       | 0.9760     | 0.5139       | 0.7359   |           
280    | 2.8507     | 0.4015     | 1.2182       | 1.2310       | 0.9740     | 0.4559       | 0.6668   |           
290    | 2.8203     | 0.3713     | 1.2274       | 1.2216       | 0.9667     | 0.5273       | 0.7412   |           
300    | 2.8837     | 0.4392     | 1.2115       | 1.2330       | 0.9677     | 0.4369       | 0.6669   |           
310    | 2.8152     | 0.3807     | 1.2120       | 1.2224       | 0.9719     | 0.4437       | 0.6360   |           
320    | 2.8271     | 0.3829     | 1.2115       | 1.2327       | 0.9698     | 0.5039       | 0.6736   |           
330    | 2.8358     | 0.3796     | 1.2278       | 1.2284       | 0.9719     | 0.4816       | 0.6613   |           
340    | 2.8362     | 0.3661     | 1.2359       | 1.2341       | 0.9729     | 0.4637       | 0.6825   |           
350    | 2.8448     | 0.3659     | 1.2384       | 1.2404       | 0.9729     | 0.4873       | 0.7111   |           
360    | 2.8481     | 0.3936     | 1.2157       | 1.2389       | 0.9740     | 0.4541       | 0.6194   |           
370    | 2.8663     | 0.3737     | 1.2561       | 1.2364       | 0.9698     | 0.3999       | 0.7072   |           
380    | 2.8474     | 0.3551     | 1.2561       | 1.2362       | 0.9740     | 0.3802       | 0.6372   |           
390    | 2.8990     | 0.3813     | 1.2670       | 1.2507       | 0.9698     | 0.4519       | 0.6128   |           
400    | 2.8116     | 0.3191     | 1.2656       | 1.2268       | 0.9573     | 0.4498       | 0.6482   |           
410    | 2.8520     | 0.3516     | 1.2586       | 1.2417       | 0.9760     | 0.4167       | 0.6579   |           
420    | 2.8066     | 0.3169     | 1.2629       | 1.2268       | 0.9677     | 0.3987       | 0.6079   |           
430    | 2.8177     | 0.3273     | 1.2586       | 1.2317       | 0.9771     | 0.3744       | 0.6418   |           
440    | 2.8420     | 0.3266     | 1.2482       | 1.2672       | 0.9719     | 0.4007       | 0.6501   |           
450    | 2.8259     | 0.3178     | 1.2634       | 1.2447       | 0.9698     | 0.3762       | 0.5709   |           
460    | 2.8164     | 0.3158     | 1.2587       | 1.2419       | 0.9740     | 0.4205       | 0.6247   |           
470    | 2.8258     | 0.3144     | 1.2578       | 1.2537       | 0.9604     | 0.4295       | 0.5715   |           
480    | 2.8447     | 0.3065     | 1.2909       | 1.2473       | 0.9708     | 0.3614       | 0.6116   |           
490    | 2.9069     | 0.3595     | 1.2793       | 1.2681       | 0.9625     | 0.4111       | 0.6418   |           
500    | 2.8590     | 0.3163     | 1.2921       | 1.2506       | 0.9688     | 0.4169       | 0.5889   |           
Seed 1024 | Src Acc: 97.4490 | Src MDE: 0.0391 | Tgt Acc: 52.0408 | Tgt MDE: 0.6110
Finished Combo GeoSPA_1_3_4. Results saved.
