==========================================
Current Architecture: GeoSPA-Net (Fixed)
mcAPs (Real Anchors): [3, 4] (Indices: [2, 3])
Legacy APs (Virtual): [1, 2] (Indices: [0, 1])
==========================================
>> Training PCN (Stage 2) on Source Domain...
>> Source PCN Training Finished. Huber Loss: 0.0049
>> Training PCN (Stage 2) on Target Domain...
>> Target PCN Training Finished. Huber Loss: 0.0052

Start GeoSPA-Net Training Seed 42...
Epoch  | Total Loss | Tr Cls     | Tr Dom RSSI  | Tr Dom RTT   | Val T Acc  | Val T Entropy | Test MDE
------------------------------------------------------------------------------------------------------------------------
10     | 4.3734     | 2.0139     | 1.1395       | 1.2200       | 0.9354     | 3.1418       | 1.0563   |           
20     | 3.2956     | 1.2037     | 0.9644       | 1.1275       | 0.9510     | 2.3853       | 0.9496   | (ADV -0.24)
30     | 2.9760     | 0.9371     | 0.9969       | 1.0420       | 0.9563     | 2.0355       | 1.0086   |           
40     | 2.8010     | 0.7939     | 0.9772       | 1.0298       | 0.9625     | 1.5874       | 0.9977   | (ADV 0.17)
50     | 2.6985     | 0.6602     | 0.9525       | 1.0857       | 0.9594     | 1.4310       | 0.9645   |           
60     | 2.7056     | 0.6528     | 0.9578       | 1.0950       | 0.9708     | 1.2580       | 1.0774   | (ADV 0.34)
70     | 2.7665     | 0.6588     | 0.9880       | 1.1197       | 0.9656     | 1.1805       | 1.0500   |           
80     | 2.8119     | 0.6500     | 1.0148       | 1.1471       | 0.9573     | 1.1291       | 0.9852   |           
90     | 2.8295     | 0.5924     | 1.0610       | 1.1761       | 0.9646     | 0.9912       | 1.0556   | (ADV 0.47)
100    | 2.8895     | 0.6043     | 1.0858       | 1.1994       | 0.9625     | 0.9974       | 0.9368   |           
110    | 2.8753     | 0.5867     | 1.1050       | 1.1836       | 0.9698     | 0.9607       | 0.9728   |           
120    | 2.8368     | 0.5609     | 1.0744       | 1.2015       | 0.9688     | 0.9018       | 1.0777   |           
130    | 2.8637     | 0.5786     | 1.1032       | 1.1819       | 0.9708     | 0.8948       | 0.9402   |           
140    | 2.8633     | 0.5346     | 1.1316       | 1.1971       | 0.9729     | 0.8519       | 0.9435   |           
150    | 2.9793     | 0.6216     | 1.1462       | 1.2116       | 0.9729     | 0.8646       | 1.0178   |           
160    | 2.8684     | 0.5243     | 1.1525       | 1.1916       | 0.9688     | 0.8254       | 0.9624   |           
170    | 2.8629     | 0.5278     | 1.1563       | 1.1788       | 0.9719     | 0.7740       | 0.9453   |           
180    | 2.9016     | 0.5213     | 1.1890       | 1.1913       | 0.9656     | 0.7733       | 1.0414   |           
190    | 2.7886     | 0.4753     | 1.1408       | 1.1725       | 0.9437     | 0.7398       | 1.0035   |           
200    | 2.8818     | 0.5065     | 1.1784       | 1.1969       | 0.9740     | 0.7598       | 0.8866   |           
210    | 2.9127     | 0.5515     | 1.1616       | 1.1996       | 0.9625     | 0.8107       | 0.9913   |           
220    | 2.9443     | 0.5354     | 1.1925       | 1.2164       | 0.9563     | 0.7041       | 0.9841   |           
230    | 2.8632     | 0.5108     | 1.1660       | 1.1863       | 0.9573     | 0.7218       | 0.9037   |           
240    | 2.8885     | 0.4786     | 1.1883       | 1.2217       | 0.9708     | 0.6154       | 0.8678   | (ADV 0.66)
250    | 2.8957     | 0.4853     | 1.2256       | 1.1848       | 0.9729     | 0.6801       | 1.0127   |           
260    | 2.9701     | 0.5294     | 1.2276       | 1.2132       | 0.9729     | 0.6693       | 0.9072   |           
270    | 2.8636     | 0.4872     | 1.1880       | 1.1884       | 0.9677     | 0.6190       | 0.9532   |           
280    | 2.9194     | 0.5048     | 1.2064       | 1.2081       | 0.9573     | 0.6587       | 0.9165   |           
290    | 2.9156     | 0.4897     | 1.2091       | 1.2168       | 0.9552     | 0.6441       | 0.8533   |           
300    | 2.9815     | 0.4994     | 1.2550       | 1.2271       | 0.9667     | 0.6420       | 1.0357   |           
310    | 2.8388     | 0.4732     | 1.1699       | 1.1958       | 0.9625     | 0.5872       | 0.9473   |           
320    | 2.8922     | 0.4669     | 1.2136       | 1.2117       | 0.9573     | 0.6502       | 0.9402   |           
330    | 2.9444     | 0.5112     | 1.2171       | 1.2162       | 0.9688     | 0.5764       | 0.8778   | (ADV 0.68)
340    | 2.9159     | 0.4827     | 1.2190       | 1.2142       | 0.9667     | 0.6664       | 1.0024   |           
350    | 2.9234     | 0.4623     | 1.2558       | 1.2053       | 0.9698     | 0.6486       | 0.9621   |           
360    | 2.8802     | 0.4435     | 1.2120       | 1.2246       | 0.9750     | 0.5956       | 0.9550   |           
370    | 2.9011     | 0.4657     | 1.2210       | 1.2144       | 0.9656     | 0.6006       | 0.8276   |           
380    | 2.8829     | 0.4622     | 1.2199       | 1.2008       | 0.9677     | 0.5261       | 0.8791   | (ADV 0.70)
390    | 2.8454     | 0.4284     | 1.2244       | 1.1926       | 0.9698     | 0.5110       | 0.8256   | (ADV 0.71)
400    | 2.8673     | 0.4156     | 1.2379       | 1.2138       | 0.9521     | 0.5013       | 0.8848   |           
410    | 2.9228     | 0.4671     | 1.2180       | 1.2377       | 0.9625     | 0.4594       | 0.8528   | (ADV 0.73)
420    | 2.9310     | 0.4636     | 1.2471       | 1.2203       | 0.9729     | 0.5342       | 0.9202   |           
430    | 2.8649     | 0.4173     | 1.2381       | 1.2095       | 0.9708     | 0.5446       | 0.8839   |           
440    | 2.8923     | 0.4201     | 1.2292       | 1.2430       | 0.9750     | 0.5693       | 0.9881   |           
450    | 2.9360     | 0.4491     | 1.2467       | 1.2402       | 0.9667     | 0.5588       | 0.9643   |           
460    | 2.9359     | 0.4306     | 1.2629       | 1.2425       | 0.9604     | 0.5551       | 0.9339   |           
470    | 2.8521     | 0.3933     | 1.2239       | 1.2349       | 0.9740     | 0.4818       | 0.8776   | (ADV 0.73)
480    | 2.8991     | 0.4099     | 1.2546       | 1.2346       | 0.9708     | 0.5015       | 0.9065   |           
490    | 2.9144     | 0.4308     | 1.2572       | 1.2264       | 0.9750     | 0.4797       | 0.8707   |           
500    | 2.8789     | 0.3913     | 1.2567       | 1.2310       | 0.9740     | 0.5250       | 0.9224   |           
Seed 42 | Src Acc: 96.6327 | Src MDE: 0.0683 | Tgt Acc: 29.8980 | Tgt MDE: 0.9558
>> Training PCN (Stage 2) on Source Domain...
>> Source PCN Training Finished. Huber Loss: 0.0039
>> Training PCN (Stage 2) on Target Domain...
>> Target PCN Training Finished. Huber Loss: 0.0046

Start GeoSPA-Net Training Seed 67...
Epoch  | Total Loss | Tr Cls     | Tr Dom RSSI  | Tr Dom RTT   | Val T Acc  | Val T Entropy | Test MDE
------------------------------------------------------------------------------------------------------------------------
10     | 4.4101     | 2.0224     | 1.1852       | 1.2025       | 0.8906     | 3.2320       | 1.0041   |           
20     | 3.3728     | 1.2851     | 1.0412       | 1.0465       | 0.9229     | 2.3909       | 0.8383   | (ADV -0.27)
30     | 2.9732     | 0.9549     | 0.9911       | 1.0272       | 0.9531     | 1.9776       | 0.7907   | (ADV -0.04)
40     | 2.7642     | 0.7827     | 1.0109       | 0.9706       | 0.9594     | 1.5747       | 0.7670   | (ADV 0.17)
50     | 2.6926     | 0.7124     | 1.0007       | 0.9796       | 0.9583     | 1.4183       | 0.7855   | (ADV 0.25)
60     | 2.7173     | 0.6512     | 1.0135       | 1.0526       | 0.9625     | 1.3031       | 0.8035   | (ADV 0.31)
70     | 2.7545     | 0.6408     | 1.0505       | 1.0632       | 0.9521     | 1.1965       | 0.8082   |           
80     | 2.8418     | 0.6857     | 1.0672       | 1.0889       | 0.9542     | 1.0556       | 0.7497   |           
90     | 2.7801     | 0.6284     | 1.0607       | 1.0910       | 0.9500     | 1.0560       | 0.8576   |           
100    | 2.7803     | 0.6063     | 1.0603       | 1.1137       | 0.9635     | 1.0259       | 0.9014   |           
110    | 2.8160     | 0.5962     | 1.0792       | 1.1406       | 0.9500     | 0.9235       | 0.9109   |           
120    | 2.7827     | 0.5455     | 1.1110       | 1.1262       | 0.9635     | 0.8813       | 0.9321   |           
130    | 2.8160     | 0.5637     | 1.1073       | 1.1450       | 0.9615     | 0.8715       | 0.9557   |           
140    | 2.7680     | 0.5179     | 1.0979       | 1.1522       | 0.9479     | 0.8349       | 0.8759   |           
150    | 2.8966     | 0.5613     | 1.1368       | 1.1986       | 0.9615     | 0.8132       | 0.8165   |           
160    | 2.9461     | 0.6058     | 1.1457       | 1.1946       | 0.9385     | 0.7745       | 0.9947   |           
170    | 2.9851     | 0.6123     | 1.1568       | 1.2160       | 0.9479     | 0.8202       | 0.9396   |           
180    | 2.8859     | 0.5741     | 1.1278       | 1.1840       | 0.9479     | 0.8293       | 0.8524   |           
190    | 2.9476     | 0.5937     | 1.1496       | 1.2043       | 0.9635     | 0.7740       | 0.8779   |           
200    | 2.9488     | 0.5495     | 1.1716       | 1.2278       | 0.9427     | 0.8236       | 0.9293   |           
210    | 2.8677     | 0.5097     | 1.1709       | 1.1871       | 0.9573     | 0.7076       | 0.8630   |           
220    | 2.8671     | 0.5187     | 1.1707       | 1.1776       | 0.9604     | 0.6820       | 0.7697   |           
230    | 2.9123     | 0.5210     | 1.1936       | 1.1977       | 0.9583     | 0.7321       | 0.8002   |           
240    | 2.9906     | 0.5680     | 1.2081       | 1.2145       | 0.9708     | 0.6432       | 0.8247   | (ADV 0.65)
250    | 2.8980     | 0.5153     | 1.1839       | 1.1988       | 0.9573     | 0.6873       | 0.9321   |           
260    | 2.9161     | 0.5223     | 1.1940       | 1.1998       | 0.9625     | 0.6513       | 0.8820   |           
270    | 2.9205     | 0.5240     | 1.1945       | 1.2019       | 0.9646     | 0.6686       | 0.7994   |           
280    | 2.9530     | 0.5277     | 1.2088       | 1.2165       | 0.9698     | 0.6324       | 0.8676   |           
290    | 2.8526     | 0.4606     | 1.1774       | 1.2146       | 0.9667     | 0.6236       | 0.8923   |           
300    | 2.8829     | 0.5038     | 1.1849       | 1.1942       | 0.9646     | 0.6030       | 0.8649   |           
310    | 2.8734     | 0.4802     | 1.1947       | 1.1985       | 0.9594     | 0.6324       | 0.9431   |           
320    | 2.8712     | 0.4632     | 1.2125       | 1.1955       | 0.9542     | 0.6227       | 0.8871   |           
330    | 2.9364     | 0.4949     | 1.2183       | 1.2232       | 0.9635     | 0.6542       | 0.8315   |           
340    | 2.8986     | 0.4685     | 1.2102       | 1.2200       | 0.9604     | 0.6112       | 0.9410   |           
350    | 2.9069     | 0.4964     | 1.2319       | 1.1786       | 0.9573     | 0.5895       | 0.9409   |           
360    | 2.8892     | 0.5019     | 1.2175       | 1.1698       | 0.9677     | 0.5435       | 0.8011   |           
370    | 2.9192     | 0.4933     | 1.2102       | 1.2157       | 0.9646     | 0.5524       | 0.9270   |           
380    | 2.8780     | 0.4686     | 1.2154       | 1.1941       | 0.9583     | 0.5841       | 0.8381   |           
390    | 2.9501     | 0.4962     | 1.2171       | 1.2368       | 0.9625     | 0.6066       | 1.0562   |           
400    | 2.8474     | 0.4298     | 1.2333       | 1.1843       | 0.9688     | 0.5677       | 0.8928   |           
410    | 2.9002     | 0.4513     | 1.2222       | 1.2268       | 0.9479     | 0.5975       | 0.9866   |           
420    | 2.9282     | 0.4897     | 1.2323       | 1.2062       | 0.9677     | 0.5650       | 0.9339   |           
430    | 2.9051     | 0.4353     | 1.2294       | 1.2404       | 0.9490     | 0.5573       | 0.8870   |           
440    | 2.8928     | 0.4577     | 1.2090       | 1.2261       | 0.9615     | 0.5263       | 0.9437   |           
450    | 2.8668     | 0.3952     | 1.2349       | 1.2367       | 0.9396     | 0.5282       | 0.8076   |           
460    | 2.8605     | 0.4018     | 1.2327       | 1.2260       | 0.9625     | 0.5271       | 0.9266   |           
470    | 2.9443     | 0.4441     | 1.2424       | 1.2578       | 0.9677     | 0.5527       | 0.8048   |           
480    | 2.8613     | 0.4160     | 1.2286       | 1.2167       | 0.9688     | 0.4977       | 0.8738   |           
490    | 2.8761     | 0.4144     | 1.2318       | 1.2299       | 0.9635     | 0.5304       | 0.7655   |           
500    | 2.8337     | 0.3933     | 1.2307       | 1.2096       | 0.9677     | 0.4482       | 0.9566   | (ADV 0.74)
Seed 67 | Src Acc: 96.9388 | Src MDE: 0.0635 | Tgt Acc: 34.6939 | Tgt MDE: 0.9566
>> Training PCN (Stage 2) on Source Domain...
>> Source PCN Training Finished. Huber Loss: 0.0032
>> Training PCN (Stage 2) on Target Domain...
>> Target PCN Training Finished. Huber Loss: 0.0039

Start GeoSPA-Net Training Seed 1024...
Epoch  | Total Loss | Tr Cls     | Tr Dom RSSI  | Tr Dom RTT   | Val T Acc  | Val T Entropy | Test MDE
------------------------------------------------------------------------------------------------------------------------
10     | 4.5948     | 2.1188     | 1.2204       | 1.2556       | 0.8615     | 3.2471       | 1.0505   |           
20     | 3.4998     | 1.2989     | 1.0633       | 1.1376       | 0.9354     | 2.5629       | 0.9680   |           
30     | 3.1370     | 1.0117     | 1.0215       | 1.1039       | 0.9510     | 2.0970       | 0.9177   |           
40     | 2.9987     | 0.8743     | 1.0326       | 1.0918       | 0.9479     | 1.7074       | 0.9709   |           
50     | 2.8210     | 0.7367     | 1.0089       | 1.0754       | 0.9500     | 1.4381       | 0.9810   |           
60     | 2.8753     | 0.7204     | 1.0279       | 1.1270       | 0.9521     | 1.2526       | 1.0635   | (ADV 0.33)
70     | 2.8289     | 0.6494     | 1.0385       | 1.1410       | 0.9583     | 1.2023       | 1.0491   | (ADV 0.36)
80     | 2.8118     | 0.6460     | 1.0478       | 1.1180       | 0.9521     | 1.0606       | 1.0383   | (ADV 0.42)
90     | 2.8410     | 0.6445     | 1.0780       | 1.1185       | 0.9490     | 1.0772       | 0.9826   |           
100    | 2.8637     | 0.6313     | 1.0622       | 1.1702       | 0.9531     | 1.0074       | 1.0586   |           
110    | 2.9258     | 0.6362     | 1.1006       | 1.1890       | 0.9479     | 0.9764       | 1.1023   |           
120    | 2.9209     | 0.6377     | 1.0861       | 1.1972       | 0.9490     | 0.8878       | 1.0212   |           
130    | 2.9482     | 0.6160     | 1.1314       | 1.2008       | 0.9500     | 0.9562       | 0.8791   |           
140    | 2.8606     | 0.5886     | 1.0918       | 1.1802       | 0.9531     | 0.9118       | 0.9953   |           
150    | 2.8813     | 0.5595     | 1.1373       | 1.1845       | 0.9594     | 0.9166       | 1.0587   |           
160    | 2.9482     | 0.6243     | 1.1497       | 1.1741       | 0.9573     | 0.8333       | 0.9783   |           
170    | 2.9495     | 0.5871     | 1.1720       | 1.1903       | 0.9594     | 0.7465       | 1.0050   | (ADV 0.59)
180    | 2.9178     | 0.5781     | 1.1354       | 1.2042       | 0.9615     | 0.7703       | 0.9830   |           
190    | 2.9991     | 0.6252     | 1.1712       | 1.2026       | 0.9323     | 0.8367       | 1.0041   |           
200    | 2.9122     | 0.5318     | 1.1866       | 1.1937       | 0.9573     | 0.7958       | 0.9350   |           
210    | 2.9710     | 0.5653     | 1.1905       | 1.2152       | 0.9510     | 0.7490       | 0.9053   |           
220    | 2.8589     | 0.5088     | 1.1644       | 1.1857       | 0.9573     | 0.7627       | 0.8261   |           
230    | 2.9702     | 0.5621     | 1.1860       | 1.2221       | 0.9531     | 0.7374       | 0.9030   |           
240    | 2.9279     | 0.5178     | 1.1856       | 1.2245       | 0.9615     | 0.7031       | 0.9061   |           
250    | 2.9115     | 0.5186     | 1.1944       | 1.1984       | 0.9604     | 0.8143       | 1.0023   |           
260    | 2.9603     | 0.5369     | 1.1923       | 1.2311       | 0.9427     | 0.6848       | 0.9707   |           
270    | 2.9010     | 0.4773     | 1.2180       | 1.2058       | 0.9490     | 0.7169       | 0.9846   |           
280    | 2.9721     | 0.5281     | 1.2213       | 1.2227       | 0.9500     | 0.6703       | 0.9589   |           
290    | 2.9369     | 0.5042     | 1.1993       | 1.2334       | 0.9667     | 0.7004       | 0.9352   |           
300    | 2.9126     | 0.5043     | 1.2098       | 1.1985       | 0.9552     | 0.6594       | 0.8816   |           
310    | 2.9364     | 0.5041     | 1.2131       | 1.2192       | 0.9594     | 0.6684       | 0.9138   |           
320    | 2.9311     | 0.5237     | 1.2084       | 1.1990       | 0.9604     | 0.6303       | 1.0008   |           
330    | 2.9160     | 0.4883     | 1.2137       | 1.2140       | 0.9604     | 0.6570       | 0.8314   |           
340    | 2.8321     | 0.4187     | 1.2149       | 1.1986       | 0.9635     | 0.5814       | 0.8620   |           
350    | 2.9142     | 0.4729     | 1.2210       | 1.2203       | 0.9667     | 0.6710       | 0.8604   |           
360    | 3.0085     | 0.5188     | 1.2506       | 1.2391       | 0.9448     | 0.6024       | 0.9480   |           
370    | 2.9095     | 0.4550     | 1.2238       | 1.2307       | 0.9531     | 0.6112       | 0.8628   |           
380    | 2.9136     | 0.4285     | 1.2610       | 1.2241       | 0.9458     | 0.6062       | 0.8972   |           
390    | 2.8130     | 0.3860     | 1.2113       | 1.2157       | 0.9542     | 0.5505       | 0.9043   |           
400    | 2.9038     | 0.4324     | 1.2519       | 1.2195       | 0.9510     | 0.5282       | 0.8582   |           
410    | 2.9011     | 0.4505     | 1.2267       | 1.2239       | 0.9688     | 0.6295       | 0.8344   |           
420    | 2.8842     | 0.4215     | 1.2491       | 1.2136       | 0.9573     | 0.4985       | 0.8533   |           
430    | 2.9440     | 0.4754     | 1.2399       | 1.2287       | 0.9552     | 0.4865       | 0.7522   |           
440    | 2.9024     | 0.4410     | 1.2329       | 1.2284       | 0.9604     | 0.5836       | 0.8127   |           
450    | 2.8537     | 0.4256     | 1.2179       | 1.2103       | 0.9677     | 0.5819       | 0.8179   |           
460    | 2.9316     | 0.4290     | 1.2439       | 1.2586       | 0.9563     | 0.5491       | 0.7300   |           
470    | 2.9453     | 0.4593     | 1.2393       | 1.2467       | 0.9583     | 0.6694       | 0.8213   |           
480    | 2.9164     | 0.4271     | 1.2514       | 1.2379       | 0.9708     | 0.5463       | 0.8608   |           
490    | 2.9717     | 0.4645     | 1.2624       | 1.2448       | 0.9615     | 0.5450       | 0.8312   |           
500    | 2.9553     | 0.4430     | 1.2484       | 1.2639       | 0.9594     | 0.5606       | 0.8183   |           
Seed 1024 | Src Acc: 96.6327 | Src MDE: 0.0696 | Tgt Acc: 39.7959 | Tgt MDE: 0.8390
Finished Combo GeoSPA_3_4. Results saved.
