==========================================
Current Architecture: GeoSPA-Net (Fixed)
mcAPs (Real Anchors): [1, 2, 4] (Indices: [0, 1, 3])
Legacy APs (Virtual): [3] (Indices: [2])
==========================================
>> Training PCN (Stage 2) on Source Domain...
>> Source PCN Training Finished. Huber Loss: 0.0049
>> Training PCN (Stage 2) on Target Domain...
>> Target PCN Training Finished. Huber Loss: 0.0041

Start GeoSPA-Net Training Seed 42...
Epoch  | Total Loss | Tr Cls     | Tr Dom RSSI  | Tr Dom RTT   | Val T Acc  | Val T Entropy | Test MDE
------------------------------------------------------------------------------------------------------------------------
10     | 4.1960     | 1.9457     | 1.1202       | 1.1301       | 0.9021     | 3.2030       | 0.7507   |           
20     | 2.9804     | 1.0941     | 0.9455       | 0.9408       | 0.9771     | 2.4613       | 0.7071   | (ADV -0.25)
30     | 2.7684     | 0.7871     | 1.0084       | 0.9729       | 0.9875     | 2.0118       | 0.7026   |           
40     | 2.6490     | 0.6518     | 1.0061       | 0.9911       | 0.9885     | 1.5993       | 0.7163   | (ADV 0.19)
50     | 2.4849     | 0.5372     | 0.9822       | 0.9655       | 0.9917     | 1.3629       | 0.6962   | (ADV 0.31)
60     | 2.5253     | 0.5387     | 0.9837       | 1.0029       | 0.9938     | 1.2488       | 0.6227   | (ADV 0.37)
70     | 2.4425     | 0.4787     | 0.9748       | 0.9890       | 0.9938     | 1.1466       | 0.6669   |           
80     | 2.4831     | 0.4805     | 0.9976       | 1.0050       | 0.9917     | 1.1343       | 0.6464   |           
90     | 2.5697     | 0.4621     | 1.0579       | 1.0497       | 0.9875     | 0.9908       | 0.7856   |           
100    | 2.5934     | 0.4613     | 1.0806       | 1.0516       | 0.9885     | 0.9286       | 0.7090   |           
110    | 2.6128     | 0.4678     | 1.0533       | 1.0917       | 0.9885     | 0.8534       | 0.6592   |           
120    | 2.6260     | 0.4485     | 1.1035       | 1.0741       | 0.9844     | 0.8189       | 0.7142   |           
130    | 2.6815     | 0.4470     | 1.0867       | 1.1478       | 0.9906     | 0.7459       | 0.7136   | (ADV 0.62)
140    | 2.5965     | 0.3859     | 1.1019       | 1.1087       | 0.9958     | 0.6908       | 0.6717   | (ADV 0.65)
150    | 2.7631     | 0.4571     | 1.1661       | 1.1399       | 0.9938     | 0.7191       | 0.7239   |           
160    | 2.6863     | 0.4143     | 1.1460       | 1.1260       | 0.9896     | 0.7121       | 0.7559   |           
170    | 2.6733     | 0.3751     | 1.1407       | 1.1575       | 0.9875     | 0.6597       | 0.7921   |           
180    | 2.6881     | 0.3878     | 1.1394       | 1.1608       | 0.9865     | 0.6059       | 0.6663   |           
190    | 2.7129     | 0.3641     | 1.1646       | 1.1842       | 0.9938     | 0.5809       | 0.6766   |           
200    | 2.7494     | 0.3670     | 1.2123       | 1.1702       | 0.9969     | 0.6073       | 0.7588   |           
210    | 2.8585     | 0.4532     | 1.2115       | 1.1938       | 0.9938     | 0.5733       | 0.6482   |           
220    | 2.7820     | 0.4043     | 1.2075       | 1.1702       | 0.9927     | 0.6302       | 0.6135   |           
230    | 2.7828     | 0.3718     | 1.2095       | 1.2016       | 0.9917     | 0.5688       | 0.5824   |           
240    | 2.7503     | 0.3283     | 1.2274       | 1.1947       | 0.9917     | 0.5385       | 0.6670   |           
250    | 2.7459     | 0.3462     | 1.2016       | 1.1981       | 0.9938     | 0.4439       | 0.5820   | (ADV 0.77)
260    | 2.7772     | 0.3351     | 1.2486       | 1.1936       | 0.9927     | 0.5249       | 0.6578   |           
270    | 2.7925     | 0.3649     | 1.2244       | 1.2032       | 0.9917     | 0.5067       | 0.5776   |           
280    | 2.7901     | 0.3669     | 1.2134       | 1.2098       | 0.9927     | 0.5252       | 0.6802   |           
290    | 2.7607     | 0.3205     | 1.2493       | 1.1909       | 0.9927     | 0.4729       | 0.6545   |           
300    | 2.8318     | 0.3558     | 1.2742       | 1.2018       | 0.9896     | 0.4762       | 0.6859   |           
310    | 2.7695     | 0.3365     | 1.2560       | 1.1769       | 0.9958     | 0.3891       | 0.6382   | (ADV 0.80)
320    | 2.7463     | 0.2914     | 1.2636       | 1.1913       | 0.9938     | 0.4415       | 0.7130   |           
330    | 2.8060     | 0.3321     | 1.2683       | 1.2056       | 0.9833     | 0.4410       | 0.5828   |           
340    | 2.7525     | 0.2840     | 1.2549       | 1.2136       | 0.9958     | 0.4146       | 0.6075   |           
350    | 2.8202     | 0.3167     | 1.2699       | 1.2336       | 0.9927     | 0.3968       | 0.6059   |           
360    | 2.8005     | 0.3243     | 1.2754       | 1.2008       | 0.9927     | 0.3842       | 0.6248   |           
370    | 2.8074     | 0.3009     | 1.2793       | 1.2271       | 0.9927     | 0.3864       | 0.5819   |           
380    | 2.8009     | 0.3086     | 1.2797       | 1.2125       | 0.9906     | 0.3867       | 0.6550   |           
390    | 2.7775     | 0.2937     | 1.2944       | 1.1894       | 0.9958     | 0.3528       | 0.6441   |           
400    | 2.7851     | 0.2835     | 1.2844       | 1.2172       | 0.9927     | 0.5111       | 0.6179   |           
410    | 2.8078     | 0.2979     | 1.2901       | 1.2197       | 0.9958     | 0.3463       | 0.6010   | (ADV 0.82)
420    | 2.8359     | 0.3245     | 1.3060       | 1.2053       | 0.9896     | 0.4229       | 0.6145   |           
430    | 2.8096     | 0.2789     | 1.3166       | 1.2141       | 0.9906     | 0.3909       | 0.6593   |           
440    | 2.7885     | 0.2552     | 1.3128       | 1.2205       | 0.9938     | 0.4005       | 0.6523   |           
450    | 2.8424     | 0.2852     | 1.3029       | 1.2543       | 0.9875     | 0.3852       | 0.7211   |           
460    | 2.8143     | 0.2764     | 1.3000       | 1.2380       | 0.9802     | 0.3890       | 0.6495   |           
470    | 2.7872     | 0.2576     | 1.2928       | 1.2368       | 0.9958     | 0.3768       | 0.5911   |           
480    | 2.8570     | 0.2777     | 1.3019       | 1.2774       | 0.9938     | 0.3489       | 0.6616   |           
490    | 2.8062     | 0.2588     | 1.2992       | 1.2482       | 0.9927     | 0.3426       | 0.6845   |           
500    | 2.7855     | 0.2389     | 1.2914       | 1.2552       | 0.9917     | 0.3337       | 0.6319   |           
Seed 42 | Src Acc: 98.5714 | Src MDE: 0.0262 | Tgt Acc: 37.7551 | Tgt MDE: 0.7005
>> Training PCN (Stage 2) on Source Domain...
>> Source PCN Training Finished. Huber Loss: 0.0049
>> Training PCN (Stage 2) on Target Domain...
>> Target PCN Training Finished. Huber Loss: 0.0044

Start GeoSPA-Net Training Seed 67...
Epoch  | Total Loss | Tr Cls     | Tr Dom RSSI  | Tr Dom RTT   | Val T Acc  | Val T Entropy | Test MDE
------------------------------------------------------------------------------------------------------------------------
10     | 4.0254     | 1.8770     | 1.1617       | 0.9867       | 0.9479     | 3.2133       | 0.7021   |           
20     | 3.0539     | 1.1066     | 1.0331       | 0.9142       | 0.9688     | 2.3951       | 0.6520   | (ADV -0.23)
30     | 2.8028     | 0.8087     | 1.0021       | 0.9920       | 0.9844     | 1.8895       | 0.6590   | (ADV 0.04)
40     | 2.5521     | 0.5850     | 0.9982       | 0.9688       | 0.9833     | 1.5355       | 0.6405   | (ADV 0.22)
50     | 2.5829     | 0.5463     | 1.0566       | 0.9799       | 0.9833     | 1.3059       | 0.6456   | (ADV 0.33)
60     | 2.4835     | 0.4770     | 1.0077       | 0.9988       | 0.9833     | 1.1092       | 0.6715   | (ADV 0.43)
70     | 2.4759     | 0.4507     | 1.0283       | 0.9969       | 0.9781     | 1.0716       | 0.6442   |           
80     | 2.5683     | 0.4785     | 1.0555       | 1.0344       | 0.9854     | 0.9474       | 0.5972   | (ADV 0.51)
90     | 2.6415     | 0.4675     | 1.0945       | 1.0795       | 0.9781     | 0.9365       | 0.6084   |           
100    | 2.5848     | 0.4254     | 1.1109       | 1.0484       | 0.9812     | 0.8619       | 0.6335   |           
110    | 2.6672     | 0.4404     | 1.1445       | 1.0823       | 0.9802     | 0.8578       | 0.6781   |           
120    | 2.6845     | 0.4563     | 1.1332       | 1.0949       | 0.9844     | 0.7548       | 0.5704   | (ADV 0.61)
130    | 2.7384     | 0.4341     | 1.1685       | 1.1358       | 0.9760     | 0.7288       | 0.6492   |           
140    | 2.7667     | 0.4332     | 1.1941       | 1.1394       | 0.9792     | 0.7019       | 0.6208   |           
150    | 2.7217     | 0.3927     | 1.1811       | 1.1479       | 0.9802     | 0.7578       | 0.6303   |           
160    | 2.7877     | 0.4367     | 1.2132       | 1.1378       | 0.9823     | 0.5921       | 0.7049   | (ADV 0.69)
170    | 2.7494     | 0.3918     | 1.2213       | 1.1363       | 0.9833     | 0.6112       | 0.6169   |           
180    | 2.8686     | 0.4379     | 1.2314       | 1.1993       | 0.9833     | 0.6187       | 0.5986   |           
190    | 2.8178     | 0.4461     | 1.2139       | 1.1578       | 0.9583     | 0.6337       | 0.6671   |           
200    | 2.7586     | 0.3678     | 1.2241       | 1.1667       | 0.9812     | 0.5666       | 0.6302   |           
210    | 2.6945     | 0.3316     | 1.2048       | 1.1582       | 0.9771     | 0.5494       | 0.6073   |           
220    | 2.7241     | 0.3513     | 1.2321       | 1.1407       | 0.9792     | 0.5255       | 0.5977   |           
230    | 2.7952     | 0.3899     | 1.2342       | 1.1711       | 0.9844     | 0.5725       | 0.6498   |           
240    | 2.8008     | 0.3967     | 1.2503       | 1.1537       | 0.9708     | 0.5563       | 0.5953   |           
250    | 2.7566     | 0.3597     | 1.2425       | 1.1543       | 0.9833     | 0.5143       | 0.5731   |           
260    | 2.7298     | 0.3352     | 1.2230       | 1.1716       | 0.9771     | 0.4929       | 0.6420   |           
270    | 2.7876     | 0.3531     | 1.2571       | 1.1774       | 0.9854     | 0.4682       | 0.5734   | (ADV 0.75)
280    | 2.7619     | 0.3197     | 1.2651       | 1.1772       | 0.9854     | 0.5846       | 0.6128   |           
290    | 2.7078     | 0.2852     | 1.2508       | 1.1717       | 0.9854     | 0.4163       | 0.6367   |           
300    | 2.7744     | 0.3286     | 1.2664       | 1.1794       | 0.9865     | 0.4657       | 0.6456   |           
310    | 2.7489     | 0.3130     | 1.2522       | 1.1837       | 0.9802     | 0.4471       | 0.5623   |           
320    | 2.7448     | 0.3025     | 1.2590       | 1.1833       | 0.9844     | 0.3996       | 0.6261   |           
330    | 2.7642     | 0.3198     | 1.2477       | 1.1967       | 0.9792     | 0.4249       | 0.5967   |           
340    | 2.6890     | 0.2706     | 1.2461       | 1.1723       | 0.9875     | 0.4568       | 0.5866   |           
350    | 2.7550     | 0.3308     | 1.2518       | 1.1725       | 0.9875     | 0.3919       | 0.6254   |           
360    | 2.8055     | 0.3256     | 1.2720       | 1.2079       | 0.9875     | 0.3720       | 0.5185   | (ADV 0.80)
370    | 2.8071     | 0.3241     | 1.2940       | 1.1891       | 0.9792     | 0.4513       | 0.5968   |           
380    | 2.8139     | 0.3189     | 1.2657       | 1.2293       | 0.9833     | 0.4233       | 0.6484   |           
390    | 2.7986     | 0.3039     | 1.2732       | 1.2215       | 0.9802     | 0.3738       | 0.5669   |           
400    | 2.8422     | 0.3094     | 1.2971       | 1.2357       | 0.9802     | 0.4175       | 0.7145   |           
410    | 2.8045     | 0.2936     | 1.2740       | 1.2370       | 0.9844     | 0.3945       | 0.6519   |           
420    | 2.7429     | 0.2467     | 1.2771       | 1.2190       | 0.9844     | 0.3511       | 0.6813   |           
430    | 2.7897     | 0.2807     | 1.2833       | 1.2257       | 0.9781     | 0.3923       | 0.6415   |           
440    | 2.7283     | 0.2589     | 1.2526       | 1.2168       | 0.9729     | 0.3850       | 0.6404   |           
450    | 2.7935     | 0.2734     | 1.2853       | 1.2347       | 0.9802     | 0.3318       | 0.6766   |           
460    | 2.7980     | 0.2462     | 1.3036       | 1.2481       | 0.9781     | 0.4039       | 0.6053   |           
470    | 2.7858     | 0.2431     | 1.3091       | 1.2336       | 0.9875     | 0.3398       | 0.6995   |           
480    | 2.7605     | 0.2414     | 1.2931       | 1.2260       | 0.9833     | 0.3697       | 0.6132   |           
490    | 2.8410     | 0.2818     | 1.2963       | 1.2628       | 0.9865     | 0.3657       | 0.5420   |           
500    | 2.8569     | 0.2811     | 1.3229       | 1.2529       | 0.9865     | 0.3331       | 0.6211   |           
Seed 67 | Src Acc: 98.9796 | Src MDE: 0.0117 | Tgt Acc: 43.5714 | Tgt MDE: 0.5819
>> Training PCN (Stage 2) on Source Domain...
>> Source PCN Training Finished. Huber Loss: 0.0048
>> Training PCN (Stage 2) on Target Domain...
>> Target PCN Training Finished. Huber Loss: 0.0041

Start GeoSPA-Net Training Seed 1024...
Epoch  | Total Loss | Tr Cls     | Tr Dom RSSI  | Tr Dom RTT   | Val T Acc  | Val T Entropy | Test MDE
------------------------------------------------------------------------------------------------------------------------
10     | 4.3093     | 1.9668     | 1.2051       | 1.1374       | 0.9135     | 3.2604       | 0.8702   |           
20     | 3.1622     | 1.1364     | 1.0433       | 0.9824       | 0.9750     | 2.5420       | 0.7344   | (ADV -0.30)
30     | 2.7981     | 0.8222     | 1.0314       | 0.9445       | 0.9719     | 2.0743       | 0.6480   |           
40     | 2.6938     | 0.6736     | 1.0216       | 0.9985       | 0.9833     | 1.6719       | 0.6054   |           
50     | 2.5618     | 0.5443     | 0.9959       | 1.0216       | 0.9844     | 1.4135       | 0.6636   | (ADV 0.28)
60     | 2.5254     | 0.5120     | 1.0041       | 1.0093       | 0.9812     | 1.2349       | 0.6572   | (ADV 0.36)
70     | 2.5020     | 0.4815     | 0.9939       | 1.0266       | 0.9812     | 1.1051       | 0.6401   | (ADV 0.43)
80     | 2.6058     | 0.4954     | 1.0398       | 1.0706       | 0.9885     | 1.0275       | 0.5800   |           
90     | 2.5969     | 0.4661     | 1.0643       | 1.0664       | 0.9823     | 0.9322       | 0.5905   | (ADV 0.52)
100    | 2.6148     | 0.4404     | 1.0791       | 1.0952       | 0.9865     | 0.9567       | 0.7111   |           
110    | 2.7186     | 0.4554     | 1.1293       | 1.1339       | 0.9885     | 0.8110       | 0.5967   |           
120    | 2.6257     | 0.4148     | 1.0983       | 1.1127       | 0.9885     | 0.7715       | 0.6076   |           
130    | 2.5754     | 0.3707     | 1.1000       | 1.1046       | 0.9833     | 0.7221       | 0.6908   | (ADV 0.62)
140    | 2.7087     | 0.4341     | 1.1416       | 1.1330       | 0.9844     | 0.7598       | 0.6603   |           
150    | 2.7090     | 0.4098     | 1.1834       | 1.1158       | 0.9833     | 0.7432       | 0.6244   |           
160    | 2.7034     | 0.4279     | 1.1822       | 1.0933       | 0.9865     | 0.6844       | 0.6348   |           
170    | 2.7250     | 0.3953     | 1.1778       | 1.1519       | 0.9771     | 0.6405       | 0.6759   |           
180    | 2.7120     | 0.3976     | 1.1597       | 1.1546       | 0.9865     | 0.5879       | 0.5406   | (ADV 0.69)
190    | 2.8723     | 0.4755     | 1.1943       | 1.2025       | 0.9812     | 0.6357       | 0.5584   |           
200    | 2.8018     | 0.3880     | 1.1977       | 1.2161       | 0.9854     | 0.6392       | 0.5160   |           
210    | 2.7770     | 0.3623     | 1.2182       | 1.1965       | 0.9760     | 0.6120       | 0.5462   |           
220    | 2.7763     | 0.3946     | 1.1994       | 1.1823       | 0.9865     | 0.5822       | 0.4867   |           
230    | 2.8161     | 0.4036     | 1.2297       | 1.1828       | 0.9844     | 0.5486       | 0.5787   |           
240    | 2.7560     | 0.3479     | 1.2164       | 1.1917       | 0.9875     | 0.5687       | 0.5188   |           
250    | 2.8329     | 0.3829     | 1.2361       | 1.2139       | 0.9833     | 0.5441       | 0.6708   |           
260    | 2.7538     | 0.3587     | 1.2148       | 1.1804       | 0.9823     | 0.5215       | 0.5575   |           
270    | 2.7208     | 0.3574     | 1.1873       | 1.1761       | 0.9698     | 0.5125       | 0.5309   |           
280    | 2.7747     | 0.3680     | 1.2164       | 1.1903       | 0.9823     | 0.4911       | 0.5200   |           
290    | 2.8635     | 0.4154     | 1.2224       | 1.2257       | 0.9833     | 0.5649       | 0.5197   |           
300    | 2.8282     | 0.3728     | 1.2282       | 1.2272       | 0.9823     | 0.5141       | 0.4703   |           
310    | 2.7623     | 0.3461     | 1.2079       | 1.2083       | 0.9781     | 0.4981       | 0.4413   |           
320    | 2.7987     | 0.3157     | 1.2615       | 1.2215       | 0.9854     | 0.5037       | 0.5782   |           
330    | 2.7979     | 0.3442     | 1.2242       | 1.2294       | 0.9844     | 0.4883       | 0.6374   |           
340    | 2.7664     | 0.3213     | 1.2292       | 1.2159       | 0.9771     | 0.4814       | 0.5448   |           
350    | 2.7920     | 0.3276     | 1.2465       | 1.2179       | 0.9802     | 0.4607       | 0.5723   |           
360    | 2.7696     | 0.3163     | 1.2556       | 1.1976       | 0.9885     | 0.4357       | 0.4746   |           
370    | 2.7631     | 0.3056     | 1.2274       | 1.2301       | 0.9875     | 0.4529       | 0.4958   |           
380    | 2.8001     | 0.2882     | 1.2631       | 1.2487       | 0.9875     | 0.4305       | 0.5664   |           
390    | 2.7679     | 0.3235     | 1.2317       | 1.2127       | 0.9760     | 0.4736       | 0.5573   |           
400    | 2.7675     | 0.2949     | 1.2505       | 1.2221       | 0.9823     | 0.3781       | 0.4867   |           
410    | 2.7625     | 0.2764     | 1.2368       | 1.2493       | 0.9760     | 0.4104       | 0.4691   |           
420    | 2.8118     | 0.2925     | 1.2705       | 1.2488       | 0.9896     | 0.4255       | 0.4970   |           
430    | 2.8221     | 0.2954     | 1.2590       | 1.2677       | 0.9833     | 0.3731       | 0.4925   |           
440    | 2.8547     | 0.2879     | 1.3062       | 1.2607       | 0.9875     | 0.3987       | 0.5020   |           
450    | 2.8413     | 0.2870     | 1.3018       | 1.2525       | 0.9729     | 0.3778       | 0.4085   |           
460    | 2.8959     | 0.3269     | 1.3012       | 1.2678       | 0.9854     | 0.4144       | 0.5860   |           
470    | 2.7876     | 0.2602     | 1.2933       | 1.2341       | 0.9708     | 0.4144       | 0.4454   |           
480    | 2.8294     | 0.2750     | 1.3009       | 1.2535       | 0.9844     | 0.4132       | 0.4218   |           
490    | 2.8388     | 0.2775     | 1.2932       | 1.2680       | 0.9844     | 0.3601       | 0.5952   |           
500    | 2.8325     | 0.2517     | 1.3154       | 1.2654       | 0.9812     | 0.3895       | 0.4577   |           
Seed 1024 | Src Acc: 98.2653 | Src MDE: 0.0228 | Tgt Acc: 48.7755 | Tgt MDE: 0.4962
Finished Combo GeoSPA_1_2_4. Results saved.
