==========================================
Current Architecture: GeoSPA-Net (Fixed)
mcAPs (Real Anchors): [2, 3] (Indices: [1, 2])
Legacy APs (Virtual): [1, 4] (Indices: [0, 3])
==========================================
>> Training PCN (Stage 2) on Source Domain...
>> Source PCN Training Finished. Huber Loss: 0.0041
>> Training PCN (Stage 2) on Target Domain...
>> Target PCN Training Finished. Huber Loss: 0.0039

Start GeoSPA-Net Training Seed 42...
Epoch  | Total Loss | Tr Cls     | Tr Dom RSSI  | Tr Dom RTT   | Val T Acc  | Val T Entropy | Test MDE
------------------------------------------------------------------------------------------------------------------------
10     | 4.4824     | 2.0688     | 1.1237       | 1.2899       | 0.8552     | 3.1558       | 0.9955   |           
20     | 3.4148     | 1.2616     | 0.9650       | 1.1882       | 0.9208     | 2.4461       | 0.8295   | (ADV -0.30)
30     | 3.0981     | 0.9398     | 1.0106       | 1.1477       | 0.9198     | 2.0061       | 0.8412   |           
40     | 2.9445     | 0.7926     | 1.0165       | 1.1354       | 0.9552     | 1.6011       | 0.9329   | (ADV 0.15)
50     | 2.7736     | 0.6713     | 0.9807       | 1.1215       | 0.9417     | 1.3556       | 0.8741   | (ADV 0.26)
60     | 2.7533     | 0.6484     | 0.9586       | 1.1464       | 0.9573     | 1.2825       | 0.8444   |           
70     | 2.7031     | 0.5958     | 0.9807       | 1.1267       | 0.9698     | 1.1374       | 0.7940   | (ADV 0.40)
80     | 2.7589     | 0.6110     | 1.0127       | 1.1352       | 0.9510     | 1.0667       | 0.8261   |           
90     | 2.8396     | 0.5820     | 1.1180       | 1.1396       | 0.9656     | 1.0171       | 0.8621   |           
100    | 2.8086     | 0.5674     | 1.1035       | 1.1377       | 0.9635     | 0.9726       | 0.8043   |           
110    | 2.8301     | 0.5828     | 1.1024       | 1.1449       | 0.9625     | 0.9406       | 0.7704   |           
120    | 2.8086     | 0.5444     | 1.1210       | 1.1432       | 0.9635     | 0.9003       | 0.7922   |           
130    | 2.8827     | 0.5647     | 1.1443       | 1.1737       | 0.9542     | 0.8123       | 0.7598   | (ADV 0.55)
140    | 2.7890     | 0.4924     | 1.1397       | 1.1570       | 0.9458     | 0.8518       | 0.8310   |           
150    | 2.8910     | 0.5589     | 1.1476       | 1.1845       | 0.9604     | 0.8103       | 0.8058   |           
160    | 2.8782     | 0.5316     | 1.1500       | 1.1966       | 0.9521     | 0.7551       | 0.7463   |           
170    | 2.8875     | 0.5381     | 1.1650       | 1.1844       | 0.9688     | 0.8179       | 0.8140   |           
180    | 2.8530     | 0.5040     | 1.1607       | 1.1883       | 0.9615     | 0.7773       | 0.7342   |           
190    | 2.9149     | 0.5233     | 1.1766       | 1.2150       | 0.9510     | 0.7248       | 0.7458   |           
200    | 2.8977     | 0.4839     | 1.2048       | 1.2090       | 0.9458     | 0.6245       | 0.6585   | (ADV 0.63)
210    | 2.9166     | 0.5506     | 1.1829       | 1.1831       | 0.9688     | 0.7356       | 0.8502   |           
220    | 2.9112     | 0.4968     | 1.2246       | 1.1898       | 0.9490     | 0.6202       | 0.7482   | (ADV 0.64)
230    | 2.8982     | 0.4785     | 1.2229       | 1.1969       | 0.9385     | 0.7072       | 0.8509   |           
240    | 2.8825     | 0.4856     | 1.2028       | 1.1941       | 0.9688     | 0.6487       | 0.7284   |           
250    | 2.9295     | 0.5145     | 1.1926       | 1.2224       | 0.9625     | 0.6190       | 0.7869   |           
260    | 2.8849     | 0.4667     | 1.2261       | 1.1920       | 0.9656     | 0.6209       | 0.7394   |           
270    | 2.8836     | 0.4650     | 1.2139       | 1.2047       | 0.9656     | 0.6683       | 0.7360   |           
280    | 2.9132     | 0.4681     | 1.2410       | 1.2041       | 0.9563     | 0.6458       | 0.7592   |           
290    | 2.9424     | 0.4873     | 1.2276       | 1.2274       | 0.9542     | 0.5943       | 0.7992   |           
300    | 2.9252     | 0.4573     | 1.2492       | 1.2187       | 0.9500     | 0.5349       | 0.7882   |           
310    | 2.9309     | 0.4862     | 1.2286       | 1.2161       | 0.9604     | 0.5289       | 0.6729   | (ADV 0.70)
320    | 2.8789     | 0.4297     | 1.2308       | 1.2184       | 0.9698     | 0.5609       | 0.8134   |           
330    | 2.9621     | 0.5002     | 1.2416       | 1.2203       | 0.9552     | 0.6063       | 0.7504   |           
340    | 2.8487     | 0.4336     | 1.2238       | 1.1912       | 0.9646     | 0.5571       | 0.7693   |           
350    | 2.9280     | 0.4499     | 1.2515       | 1.2266       | 0.9708     | 0.5644       | 0.7685   |           
360    | 2.9195     | 0.4468     | 1.2534       | 1.2193       | 0.9667     | 0.5424       | 0.7684   |           
370    | 2.9188     | 0.4606     | 1.2441       | 1.2141       | 0.9635     | 0.5606       | 0.7836   |           
380    | 2.9369     | 0.4466     | 1.2572       | 1.2331       | 0.9729     | 0.4771       | 0.7533   | (ADV 0.73)
390    | 2.9165     | 0.4137     | 1.2706       | 1.2323       | 0.9740     | 0.5352       | 0.7422   |           
400    | 2.8824     | 0.3744     | 1.2485       | 1.2595       | 0.9688     | 0.4856       | 0.7252   |           
410    | 2.8960     | 0.3921     | 1.2762       | 1.2277       | 0.9698     | 0.5329       | 0.7556   |           
420    | 2.9485     | 0.4365     | 1.2777       | 1.2344       | 0.9615     | 0.5438       | 0.7158   |           
430    | 2.9259     | 0.4179     | 1.2708       | 1.2371       | 0.9708     | 0.5567       | 0.7367   |           
440    | 2.9396     | 0.4230     | 1.2677       | 1.2489       | 0.9521     | 0.5003       | 0.7043   |           
450    | 2.8997     | 0.4158     | 1.2534       | 1.2305       | 0.9521     | 0.5024       | 0.6860   |           
460    | 2.8978     | 0.4060     | 1.2652       | 1.2265       | 0.9615     | 0.5443       | 0.7914   |           
470    | 2.8968     | 0.4054     | 1.2496       | 1.2418       | 0.9792     | 0.5098       | 0.6929   |           
480    | 2.9165     | 0.3975     | 1.2732       | 1.2458       | 0.9750     | 0.4890       | 0.6941   |           
490    | 2.9135     | 0.3897     | 1.2727       | 1.2511       | 0.9781     | 0.4950       | 0.6997   |           
500    | 2.8862     | 0.3698     | 1.2769       | 1.2395       | 0.9708     | 0.4807       | 0.7185   |           
Seed 42 | Src Acc: 97.8571 | Src MDE: 0.0337 | Tgt Acc: 41.6327 | Tgt MDE: 0.6649
>> Training PCN (Stage 2) on Source Domain...
>> Source PCN Training Finished. Huber Loss: 0.0042
>> Training PCN (Stage 2) on Target Domain...
>> Target PCN Training Finished. Huber Loss: 0.0035

Start GeoSPA-Net Training Seed 67...
Epoch  | Total Loss | Tr Cls     | Tr Dom RSSI  | Tr Dom RTT   | Val T Acc  | Val T Entropy | Test MDE
------------------------------------------------------------------------------------------------------------------------
10     | 4.3595     | 1.9552     | 1.1657       | 1.2386       | 0.8438     | 3.2211       | 0.8781   |           
20     | 3.4143     | 1.2519     | 1.0256       | 1.1368       | 0.9198     | 2.4253       | 0.8853   | (ADV -0.29)
30     | 3.0524     | 0.9427     | 0.9825       | 1.1273       | 0.9667     | 1.9773       | 0.8986   |           
40     | 2.8986     | 0.7702     | 1.0062       | 1.1222       | 0.9625     | 1.6433       | 0.8505   | (ADV 0.14)
50     | 2.8532     | 0.7034     | 1.0161       | 1.1338       | 0.9521     | 1.4771       | 0.8481   |           
60     | 2.7434     | 0.6095     | 1.0008       | 1.1331       | 0.9698     | 1.2891       | 0.7479   | (ADV 0.33)
70     | 2.7992     | 0.6408     | 1.0353       | 1.1231       | 0.9604     | 1.2142       | 0.8123   |           
80     | 2.7495     | 0.5934     | 1.0515       | 1.1046       | 0.9698     | 1.1150       | 0.8749   | (ADV 0.41)
90     | 2.7580     | 0.5761     | 1.0817       | 1.1002       | 0.9615     | 1.0580       | 0.8358   |           
100    | 2.7567     | 0.5499     | 1.0794       | 1.1274       | 0.9604     | 1.0368       | 0.8394   |           
110    | 2.8038     | 0.5478     | 1.0928       | 1.1633       | 0.9677     | 0.9237       | 0.7741   | (ADV 0.51)
120    | 2.8805     | 0.5730     | 1.1360       | 1.1715       | 0.9708     | 1.0014       | 0.7459   |           
130    | 2.8512     | 0.5357     | 1.1291       | 1.1865       | 0.9646     | 0.8936       | 0.7856   |           
140    | 2.8415     | 0.5134     | 1.1582       | 1.1699       | 0.9531     | 0.8919       | 0.8299   |           
150    | 2.8088     | 0.4898     | 1.1604       | 1.1586       | 0.9667     | 0.8155       | 0.7426   |           
160    | 2.8167     | 0.5076     | 1.1529       | 1.1562       | 0.9688     | 0.7905       | 0.7702   |           
170    | 2.7442     | 0.4559     | 1.1319       | 1.1563       | 0.9688     | 0.8117       | 0.7902   |           
180    | 2.8672     | 0.5301     | 1.1746       | 1.1625       | 0.9604     | 0.7531       | 0.8606   | (ADV 0.58)
190    | 2.8801     | 0.5217     | 1.2062       | 1.1521       | 0.9104     | 0.7215       | 0.8036   |           
200    | 2.8360     | 0.4854     | 1.1727       | 1.1779       | 0.9354     | 0.7449       | 0.7907   |           
210    | 2.8419     | 0.4911     | 1.1647       | 1.1861       | 0.9635     | 0.7124       | 0.8037   |           
220    | 2.7989     | 0.4517     | 1.1740       | 1.1732       | 0.9583     | 0.7479       | 0.7896   |           
230    | 2.7622     | 0.4392     | 1.1607       | 1.1622       | 0.9563     | 0.7414       | 0.7657   |           
240    | 2.9006     | 0.5236     | 1.2028       | 1.1742       | 0.9573     | 0.6788       | 0.7153   |           
250    | 2.8268     | 0.4394     | 1.1851       | 1.2022       | 0.9542     | 0.6826       | 0.7519   |           
260    | 2.8460     | 0.4596     | 1.1886       | 1.1978       | 0.9667     | 0.6590       | 0.6912   |           
270    | 2.9681     | 0.5368     | 1.2135       | 1.2178       | 0.9729     | 0.7252       | 0.7698   |           
280    | 2.8988     | 0.4737     | 1.2027       | 1.2224       | 0.9635     | 0.7198       | 0.7353   |           
290    | 2.8307     | 0.4397     | 1.1840       | 1.2070       | 0.9635     | 0.6571       | 0.8226   |           
300    | 2.8647     | 0.4465     | 1.1811       | 1.2371       | 0.9677     | 0.6869       | 0.8024   |           
310    | 2.8821     | 0.4434     | 1.2137       | 1.2249       | 0.9677     | 0.5736       | 0.7965   | (ADV 0.68)
320    | 2.9050     | 0.4348     | 1.2374       | 1.2328       | 0.9708     | 0.5640       | 0.7707   | (ADV 0.69)
330    | 2.8558     | 0.4195     | 1.2305       | 1.2058       | 0.9604     | 0.5751       | 0.7521   |           
340    | 2.8114     | 0.3817     | 1.2124       | 1.2172       | 0.9781     | 0.6077       | 0.7265   |           
350    | 2.8995     | 0.4262     | 1.2452       | 1.2281       | 0.9667     | 0.5947       | 0.7855   |           
360    | 2.9294     | 0.4347     | 1.2481       | 1.2466       | 0.9719     | 0.5632       | 0.7840   |           
370    | 2.9086     | 0.4229     | 1.2505       | 1.2353       | 0.9729     | 0.5843       | 0.7711   |           
380    | 2.9133     | 0.4391     | 1.2519       | 1.2224       | 0.9594     | 0.5417       | 0.7437   |           
390    | 2.9064     | 0.4262     | 1.2342       | 1.2459       | 0.9698     | 0.5193       | 0.8292   |           
400    | 2.8683     | 0.3888     | 1.2480       | 1.2316       | 0.9490     | 0.5623       | 0.8065   |           
410    | 2.8563     | 0.3605     | 1.2571       | 1.2387       | 0.9521     | 0.5509       | 0.7580   |           
420    | 2.9601     | 0.4290     | 1.2887       | 1.2424       | 0.9625     | 0.5169       | 0.7808   |           
430    | 2.8814     | 0.3862     | 1.2529       | 1.2423       | 0.9719     | 0.5704       | 0.8365   |           
440    | 2.8753     | 0.3987     | 1.2532       | 1.2234       | 0.9740     | 0.5749       | 0.8297   |           
450    | 2.8963     | 0.4038     | 1.2452       | 1.2473       | 0.9719     | 0.5635       | 0.7624   |           
460    | 2.8424     | 0.3193     | 1.2666       | 1.2565       | 0.9677     | 0.5360       | 0.7941   |           
470    | 2.8789     | 0.3652     | 1.2767       | 1.2370       | 0.9677     | 0.5461       | 0.7522   |           
480    | 2.8516     | 0.3447     | 1.2613       | 1.2457       | 0.9667     | 0.5534       | 0.8334   |           
490    | 2.9079     | 0.3796     | 1.2768       | 1.2515       | 0.9500     | 0.5404       | 0.7858   |           
500    | 2.9133     | 0.3702     | 1.2940       | 1.2491       | 0.9667     | 0.5491       | 0.8282   |           
Seed 67 | Src Acc: 96.6327 | Src MDE: 0.0481 | Tgt Acc: 31.4286 | Tgt MDE: 0.8208
>> Training PCN (Stage 2) on Source Domain...
>> Source PCN Training Finished. Huber Loss: 0.0031
>> Training PCN (Stage 2) on Target Domain...
>> Target PCN Training Finished. Huber Loss: 0.0026

Start GeoSPA-Net Training Seed 1024...
Epoch  | Total Loss | Tr Cls     | Tr Dom RSSI  | Tr Dom RTT   | Val T Acc  | Val T Entropy | Test MDE
------------------------------------------------------------------------------------------------------------------------
10     | 4.5791     | 2.1095     | 1.2204       | 1.2492       | 0.8552     | 3.2495       | 0.9293   |           
20     | 3.5852     | 1.3159     | 1.0592       | 1.2101       | 0.9375     | 2.4964       | 0.9081   | (ADV -0.31)
30     | 3.1095     | 1.0126     | 1.0041       | 1.0928       | 0.9333     | 2.0939       | 0.8967   |           
40     | 2.9833     | 0.8663     | 0.9996       | 1.1174       | 0.9521     | 1.7042       | 0.8868   |           
50     | 2.9230     | 0.7352     | 1.0109       | 1.1769       | 0.9531     | 1.4870       | 0.8965   |           
60     | 2.8840     | 0.7088     | 1.0011       | 1.1740       | 0.9625     | 1.3387       | 0.8747   |           
70     | 2.8238     | 0.6345     | 1.0283       | 1.1610       | 0.9563     | 1.1335       | 0.7479   | (ADV 0.39)
80     | 2.8290     | 0.6345     | 1.0427       | 1.1518       | 0.9500     | 1.1633       | 0.8912   |           
90     | 2.8784     | 0.6254     | 1.0786       | 1.1744       | 0.9729     | 1.0862       | 0.9293   |           
100    | 2.8081     | 0.5773     | 1.0629       | 1.1679       | 0.9490     | 1.0252       | 0.8412   |           
110    | 2.8948     | 0.6195     | 1.0864       | 1.1889       | 0.9625     | 1.0712       | 0.8490   |           
120    | 2.9208     | 0.6164     | 1.1109       | 1.1936       | 0.9604     | 0.9403       | 0.8420   |           
130    | 2.7998     | 0.5434     | 1.0746       | 1.1819       | 0.9583     | 0.9245       | 0.8495   |           
140    | 2.8942     | 0.5748     | 1.1178       | 1.2016       | 0.9729     | 0.8757       | 0.8166   |           
150    | 2.9521     | 0.5690     | 1.1730       | 1.2100       | 0.9635     | 0.8652       | 0.7942   |           
160    | 2.9380     | 0.5765     | 1.1587       | 1.2028       | 0.9635     | 0.7864       | 0.8152   |           
170    | 2.9659     | 0.5449     | 1.1973       | 1.2237       | 0.9677     | 0.7478       | 0.9136   |           
180    | 2.9292     | 0.5477     | 1.1764       | 1.2051       | 0.9521     | 0.7582       | 0.8474   |           
190    | 2.9089     | 0.5362     | 1.1660       | 1.2067       | 0.9667     | 0.7405       | 0.8680   |           
200    | 2.9003     | 0.5064     | 1.1901       | 1.2038       | 0.9698     | 0.7327       | 0.8068   |           
210    | 2.9778     | 0.5615     | 1.1878       | 1.2285       | 0.9573     | 0.7523       | 0.7635   |           
220    | 2.9466     | 0.5291     | 1.2171       | 1.2004       | 0.9635     | 0.6877       | 0.8445   |           
230    | 2.9571     | 0.5556     | 1.1902       | 1.2113       | 0.9729     | 0.7526       | 0.8179   |           
240    | 2.9211     | 0.5116     | 1.1718       | 1.2377       | 0.9688     | 0.7325       | 0.8304   |           
250    | 2.9162     | 0.4995     | 1.1776       | 1.2391       | 0.9354     | 0.6478       | 0.8351   |           
260    | 2.9390     | 0.5026     | 1.1970       | 1.2395       | 0.9615     | 0.6925       | 0.7882   |           
270    | 2.8858     | 0.4778     | 1.2014       | 1.2066       | 0.9563     | 0.6974       | 0.8453   |           
280    | 2.9394     | 0.4904     | 1.2204       | 1.2286       | 0.9583     | 0.6930       | 0.7883   |           
290    | 2.9163     | 0.4680     | 1.2010       | 1.2473       | 0.9594     | 0.6328       | 0.7800   |           
300    | 2.9494     | 0.4982     | 1.2090       | 1.2422       | 0.9750     | 0.5890       | 0.8036   |           
310    | 2.8738     | 0.4550     | 1.2096       | 1.2093       | 0.9781     | 0.6196       | 0.7725   |           
320    | 2.9593     | 0.4809     | 1.2265       | 1.2519       | 0.9719     | 0.6003       | 0.8189   |           
330    | 2.9019     | 0.4521     | 1.2169       | 1.2329       | 0.9729     | 0.6595       | 0.7584   |           
340    | 2.8922     | 0.4220     | 1.2362       | 1.2340       | 0.9635     | 0.5891       | 0.8096   |           
350    | 2.8941     | 0.4292     | 1.2389       | 1.2260       | 0.9729     | 0.5905       | 0.7477   |           
360    | 2.9669     | 0.4702     | 1.2604       | 1.2362       | 0.9740     | 0.5915       | 0.7312   |           
370    | 2.9558     | 0.4502     | 1.2418       | 1.2637       | 0.9698     | 0.5520       | 0.7495   |           
380    | 2.9438     | 0.4352     | 1.2615       | 1.2470       | 0.9521     | 0.5414       | 0.9385   |           
390    | 2.9260     | 0.4340     | 1.2427       | 1.2493       | 0.9698     | 0.5636       | 0.8476   |           
400    | 2.8883     | 0.3875     | 1.2537       | 1.2471       | 0.9469     | 0.5577       | 0.8287   |           
410    | 2.9161     | 0.4258     | 1.2519       | 1.2384       | 0.9677     | 0.5292       | 0.8020   |           
420    | 2.8272     | 0.3480     | 1.2421       | 1.2371       | 0.9719     | 0.5719       | 0.8203   |           
430    | 2.9368     | 0.4102     | 1.2702       | 1.2565       | 0.9688     | 0.5166       | 0.8171   |           
440    | 2.9610     | 0.4487     | 1.2584       | 1.2539       | 0.9667     | 0.5689       | 0.8437   |           
450    | 2.9297     | 0.4211     | 1.2591       | 1.2495       | 0.9708     | 0.5150       | 0.8078   |           
460    | 2.8870     | 0.3980     | 1.2665       | 1.2225       | 0.9698     | 0.4770       | 0.7772   |           
470    | 2.8807     | 0.3939     | 1.2544       | 1.2324       | 0.9427     | 0.5353       | 0.7343   |           
480    | 2.9028     | 0.3989     | 1.2669       | 1.2370       | 0.9760     | 0.5333       | 0.8632   |           
490    | 2.9393     | 0.4296     | 1.2600       | 1.2496       | 0.9698     | 0.5450       | 0.8427   |           
500    | 2.8726     | 0.3750     | 1.2681       | 1.2295       | 0.9698     | 0.5054       | 0.8287   |           
Seed 1024 | Src Acc: 97.3469 | Src MDE: 0.0399 | Tgt Acc: 31.3265 | Tgt MDE: 0.8514
Finished Combo GeoSPA_2_3. Results saved.
