==========================================
Current Architecture: GeoSPA-Net (Fixed)
mcAPs (Real Anchors): [1, 2, 3] (Indices: [0, 1, 2])
Legacy APs (Virtual): [4] (Indices: [3])
==========================================
>> Training PCN (Stage 2) on Source Domain...
>> Source PCN Training Finished. Huber Loss: 0.0048
>> Training PCN (Stage 2) on Target Domain...
>> Target PCN Training Finished. Huber Loss: 0.0040

Start GeoSPA-Net Training Seed 42...
Epoch  | Total Loss | Tr Cls     | Tr Dom RSSI  | Tr Dom RTT   | Val T Acc  | Val T Entropy | Test MDE
------------------------------------------------------------------------------------------------------------------------
10     | 4.3130     | 1.9552     | 1.1272       | 1.2306       | 0.9042     | 3.2033       | 0.8251   |           
20     | 3.1190     | 1.0831     | 0.9615       | 1.0744       | 0.9531     | 2.4181       | 0.6851   | (ADV -0.26)
30     | 2.8566     | 0.8093     | 0.9994       | 1.0478       | 0.9656     | 1.9941       | 0.6300   |           
40     | 2.7172     | 0.6702     | 0.9890       | 1.0580       | 0.9792     | 1.7029       | 0.6787   |           
50     | 2.4841     | 0.5530     | 0.9219       | 1.0092       | 0.9708     | 1.4516       | 0.6798   | (ADV 0.25)
60     | 2.5018     | 0.5367     | 0.9299       | 1.0352       | 0.9833     | 1.3454       | 0.6179   |           
70     | 2.4598     | 0.5018     | 0.9155       | 1.0425       | 0.9833     | 1.1960       | 0.6598   |           
80     | 2.5389     | 0.5173     | 0.9612       | 1.0604       | 0.9750     | 1.1513       | 0.6561   |           
90     | 2.7314     | 0.5413     | 1.0767       | 1.1134       | 0.9781     | 1.0576       | 0.5839   |           
100    | 2.6679     | 0.5129     | 1.0791       | 1.0759       | 0.9802     | 0.9932       | 0.6284   |           
110    | 2.6624     | 0.4917     | 1.0952       | 1.0755       | 0.9760     | 0.8375       | 0.6342   | (ADV 0.56)
120    | 2.6949     | 0.4727     | 1.1226       | 1.0996       | 0.9771     | 0.8775       | 0.6853   |           
130    | 2.7616     | 0.4795     | 1.1563       | 1.1257       | 0.9771     | 0.8949       | 0.6556   |           
140    | 2.7556     | 0.4850     | 1.1397       | 1.1309       | 0.9771     | 0.8308       | 0.5912   |           
150    | 2.8341     | 0.5135     | 1.1623       | 1.1584       | 0.9771     | 0.7975       | 0.5820   |           
160    | 2.8659     | 0.4884     | 1.1923       | 1.1852       | 0.9656     | 0.8373       | 0.6618   |           
170    | 2.8046     | 0.4454     | 1.2043       | 1.1548       | 0.9750     | 0.7546       | 0.5729   |           
180    | 2.8175     | 0.4481     | 1.2159       | 1.1535       | 0.9750     | 0.6845       | 0.5513   |           
190    | 2.8172     | 0.4278     | 1.2173       | 1.1722       | 0.9781     | 0.6890       | 0.6759   |           
200    | 2.8006     | 0.4230     | 1.2080       | 1.1697       | 0.9792     | 0.6903       | 0.5368   |           
210    | 2.7976     | 0.4271     | 1.2180       | 1.1524       | 0.9729     | 0.6936       | 0.5649   |           
220    | 2.8840     | 0.4310     | 1.2386       | 1.2144       | 0.9833     | 0.6377       | 0.5808   | (ADV 0.66)
230    | 2.7987     | 0.4020     | 1.2265       | 1.1702       | 0.9708     | 0.6253       | 0.5484   |           
240    | 2.8081     | 0.4062     | 1.2220       | 1.1799       | 0.9635     | 0.6831       | 0.6328   |           
250    | 2.8413     | 0.4086     | 1.2230       | 1.2098       | 0.9844     | 0.6131       | 0.5650   |           
260    | 2.8292     | 0.3808     | 1.2607       | 1.1877       | 0.9708     | 0.5885       | 0.5911   |           
270    | 2.8548     | 0.4023     | 1.2416       | 1.2109       | 0.9833     | 0.6046       | 0.5326   |           
280    | 2.8334     | 0.3965     | 1.2446       | 1.1924       | 0.9760     | 0.6171       | 0.5917   |           
290    | 2.8290     | 0.3848     | 1.2487       | 1.1956       | 0.9781     | 0.5373       | 0.4977   |           
300    | 2.8427     | 0.3781     | 1.2633       | 1.2013       | 0.9812     | 0.5140       | 0.5651   | (ADV 0.72)
310    | 2.8464     | 0.3814     | 1.2434       | 1.2216       | 0.9823     | 0.5544       | 0.5884   |           
320    | 2.8615     | 0.3935     | 1.2620       | 1.2059       | 0.9771     | 0.5627       | 0.6337   |           
330    | 2.8727     | 0.3738     | 1.2708       | 1.2281       | 0.9823     | 0.5383       | 0.5918   |           
340    | 2.8554     | 0.3714     | 1.2604       | 1.2236       | 0.9802     | 0.5783       | 0.5814   |           
350    | 2.8772     | 0.3979     | 1.2571       | 1.2221       | 0.9750     | 0.5251       | 0.6186   |           
360    | 2.8335     | 0.3518     | 1.2673       | 1.2144       | 0.9854     | 0.5032       | 0.5970   |           
370    | 2.8730     | 0.3903     | 1.2777       | 1.2050       | 0.9563     | 0.5125       | 0.5337   |           
380    | 2.8589     | 0.3620     | 1.2867       | 1.2102       | 0.9740     | 0.4793       | 0.5700   |           
390    | 2.8388     | 0.3577     | 1.2737       | 1.2074       | 0.9792     | 0.4715       | 0.5701   |           
400    | 2.8278     | 0.3371     | 1.2724       | 1.2183       | 0.9802     | 0.4732       | 0.5581   |           
410    | 2.8283     | 0.3471     | 1.2751       | 1.2062       | 0.9760     | 0.4866       | 0.4796   |           
420    | 2.9093     | 0.3839     | 1.2866       | 1.2388       | 0.9833     | 0.4718       | 0.5373   |           
430    | 2.8774     | 0.3457     | 1.2934       | 1.2383       | 0.9844     | 0.4441       | 0.5352   |           
440    | 2.8221     | 0.3388     | 1.2733       | 1.2100       | 0.9812     | 0.4657       | 0.5763   |           
450    | 2.8462     | 0.3177     | 1.2986       | 1.2299       | 0.9771     | 0.4763       | 0.5841   |           
460    | 2.9301     | 0.3559     | 1.3067       | 1.2675       | 0.9823     | 0.5169       | 0.6501   |           
470    | 2.9192     | 0.3458     | 1.3148       | 1.2587       | 0.9771     | 0.4707       | 0.5595   |           
480    | 2.8833     | 0.3150     | 1.3062       | 1.2622       | 0.9792     | 0.4436       | 0.5247   |           
490    | 2.8960     | 0.3349     | 1.3033       | 1.2578       | 0.9875     | 0.3954       | 0.5192   | (ADV 0.79)
500    | 2.8510     | 0.3132     | 1.2829       | 1.2549       | 0.9844     | 0.4481       | 0.5508   |           
Seed 42 | Src Acc: 97.9592 | Src MDE: 0.0317 | Tgt Acc: 48.7755 | Tgt MDE: 0.5192
>> Training PCN (Stage 2) on Source Domain...
>> Source PCN Training Finished. Huber Loss: 0.0049
>> Training PCN (Stage 2) on Target Domain...
>> Target PCN Training Finished. Huber Loss: 0.0040

Start GeoSPA-Net Training Seed 67...
Epoch  | Total Loss | Tr Cls     | Tr Dom RSSI  | Tr Dom RTT   | Val T Acc  | Val T Entropy | Test MDE
------------------------------------------------------------------------------------------------------------------------
10     | 4.2006     | 1.8558     | 1.1741       | 1.1708       | 0.8990     | 3.2450       | 0.7618   |           
20     | 3.1495     | 1.0925     | 1.0303       | 1.0266       | 0.9646     | 2.3390       | 0.6438   | (ADV -0.20)
30     | 2.7839     | 0.7952     | 0.9819       | 1.0068       | 0.9771     | 1.8959       | 0.6288   |           
40     | 2.5391     | 0.5856     | 0.9688       | 0.9846       | 0.9823     | 1.5353       | 0.6169   | (ADV 0.21)
50     | 2.5758     | 0.5906     | 1.0036       | 0.9815       | 0.9802     | 1.4299       | 0.5976   |           
60     | 2.5261     | 0.5004     | 0.9968       | 1.0289       | 0.9802     | 1.2271       | 0.5621   |           
70     | 2.5505     | 0.5105     | 1.0074       | 1.0325       | 0.9781     | 1.1388       | 0.5666   |           
80     | 2.6004     | 0.5103     | 1.0611       | 1.0290       | 0.9740     | 1.0195       | 0.5852   | (ADV 0.46)
90     | 2.5861     | 0.4511     | 1.0895       | 1.0456       | 0.9760     | 0.9376       | 0.5241   | (ADV 0.51)
100    | 2.5834     | 0.4644     | 1.0809       | 1.0382       | 0.9750     | 0.8740       | 0.4834   |           
110    | 2.6522     | 0.4233     | 1.1243       | 1.1046       | 0.9802     | 0.9095       | 0.4782   |           
120    | 2.7791     | 0.5115     | 1.1564       | 1.1113       | 0.9510     | 0.7945       | 0.4924   |           
130    | 2.6646     | 0.4451     | 1.1105       | 1.1090       | 0.9750     | 0.7534       | 0.5458   |           
140    | 2.7200     | 0.4383     | 1.1524       | 1.1293       | 0.9708     | 0.7371       | 0.5651   |           
150    | 2.6953     | 0.4079     | 1.1608       | 1.1267       | 0.9667     | 0.7243       | 0.4992   |           
160    | 2.7934     | 0.4506     | 1.1915       | 1.1513       | 0.9760     | 0.7125       | 0.5323   |           
170    | 2.7113     | 0.4097     | 1.1806       | 1.1210       | 0.9771     | 0.6645       | 0.6505   |           
180    | 2.7580     | 0.4367     | 1.1862       | 1.1351       | 0.9802     | 0.6359       | 0.6138   | (ADV 0.66)
190    | 2.7886     | 0.4528     | 1.1817       | 1.1540       | 0.9792     | 0.7083       | 0.6446   |           
200    | 2.7720     | 0.4278     | 1.1951       | 1.1491       | 0.9844     | 0.7152       | 0.5600   |           
210    | 2.7490     | 0.4094     | 1.1656       | 1.1740       | 0.9833     | 0.6543       | 0.6108   |           
220    | 2.7813     | 0.4303     | 1.1887       | 1.1624       | 0.9688     | 0.6422       | 0.6084   |           
230    | 2.7369     | 0.3879     | 1.1827       | 1.1663       | 0.9771     | 0.6044       | 0.6044   |           
240    | 2.8377     | 0.4375     | 1.2106       | 1.1896       | 0.9729     | 0.6635       | 0.6353   |           
250    | 2.8240     | 0.4236     | 1.2012       | 1.1992       | 0.9802     | 0.6328       | 0.5459   |           
260    | 2.7667     | 0.3876     | 1.2012       | 1.1779       | 0.9781     | 0.6031       | 0.5837   |           
270    | 2.8381     | 0.4110     | 1.2254       | 1.2018       | 0.9812     | 0.6465       | 0.6078   |           
280    | 2.7854     | 0.3912     | 1.2055       | 1.1886       | 0.9750     | 0.6158       | 0.5310   |           
290    | 2.8300     | 0.4020     | 1.2198       | 1.2083       | 0.9656     | 0.6088       | 0.5678   |           
300    | 2.7656     | 0.3566     | 1.2228       | 1.1861       | 0.9781     | 0.6306       | 0.5955   |           
310    | 2.8770     | 0.3964     | 1.2511       | 1.2295       | 0.9698     | 0.5547       | 0.5950   |           
320    | 2.7464     | 0.3406     | 1.2100       | 1.1958       | 0.9844     | 0.5546       | 0.5163   |           
330    | 2.8203     | 0.3833     | 1.2361       | 1.2008       | 0.9719     | 0.5063       | 0.6093   |           
340    | 2.7832     | 0.3632     | 1.2210       | 1.1990       | 0.9729     | 0.5644       | 0.5728   |           
350    | 2.8486     | 0.3769     | 1.2635       | 1.2081       | 0.9677     | 0.5267       | 0.5774   |           
360    | 2.8489     | 0.3801     | 1.2619       | 1.2069       | 0.9760     | 0.5425       | 0.5655   |           
370    | 2.9061     | 0.4139     | 1.2751       | 1.2171       | 0.9760     | 0.5201       | 0.5471   |           
380    | 2.8559     | 0.3706     | 1.2728       | 1.2124       | 0.9740     | 0.5321       | 0.6456   |           
390    | 2.8465     | 0.3748     | 1.2515       | 1.2202       | 0.9812     | 0.4839       | 0.5374   |           
400    | 2.8047     | 0.3278     | 1.2463       | 1.2305       | 0.9698     | 0.5177       | 0.5877   |           
410    | 2.8136     | 0.3299     | 1.2532       | 1.2305       | 0.9740     | 0.5024       | 0.6248   |           
420    | 2.8324     | 0.3096     | 1.2785       | 1.2443       | 0.9771     | 0.4849       | 0.6169   |           
430    | 2.8455     | 0.3175     | 1.2715       | 1.2565       | 0.9792     | 0.5153       | 0.5189   |           
440    | 2.8675     | 0.3428     | 1.2660       | 1.2587       | 0.9823     | 0.4524       | 0.5876   |           
450    | 2.8389     | 0.3073     | 1.2652       | 1.2664       | 0.9812     | 0.4155       | 0.5266   | (ADV 0.77)
460    | 2.8461     | 0.3041     | 1.2793       | 1.2627       | 0.9771     | 0.4372       | 0.5720   |           
470    | 2.8533     | 0.3209     | 1.2843       | 1.2481       | 0.9667     | 0.4803       | 0.5328   |           
480    | 2.7858     | 0.2866     | 1.2499       | 1.2493       | 0.9719     | 0.4039       | 0.5317   |           
490    | 2.8448     | 0.3036     | 1.2645       | 1.2767       | 0.9802     | 0.4035       | 0.5575   |           
500    | 2.8279     | 0.2944     | 1.2699       | 1.2636       | 0.9750     | 0.4007       | 0.5074   |           
Seed 67 | Src Acc: 98.1633 | Src MDE: 0.0241 | Tgt Acc: 42.0408 | Tgt MDE: 0.5531
>> Training PCN (Stage 2) on Source Domain...
>> Source PCN Training Finished. Huber Loss: 0.0041
>> Training PCN (Stage 2) on Target Domain...
>> Target PCN Training Finished. Huber Loss: 0.0034

Start GeoSPA-Net Training Seed 1024...
Epoch  | Total Loss | Tr Cls     | Tr Dom RSSI  | Tr Dom RTT   | Val T Acc  | Val T Entropy | Test MDE
------------------------------------------------------------------------------------------------------------------------
10     | 4.4480     | 1.9821     | 1.2239       | 1.2419       | 0.9417     | 3.2478       | 0.8054   |           
20     | 3.2852     | 1.1189     | 1.0607       | 1.1056       | 0.9708     | 2.4333       | 0.6771   | (ADV -0.25)
30     | 2.9136     | 0.8462     | 1.0269       | 1.0405       | 0.9677     | 2.0343       | 0.6091   |           
40     | 2.7863     | 0.7020     | 1.0282       | 1.0561       | 0.9792     | 1.6638       | 0.7399   |           
50     | 2.6142     | 0.5760     | 0.9933       | 1.0448       | 0.9688     | 1.4416       | 0.6410   |           
60     | 2.5988     | 0.5576     | 1.0029       | 1.0383       | 0.9698     | 1.3055       | 0.7454   |           
70     | 2.6133     | 0.5064     | 1.0443       | 1.0626       | 0.9760     | 1.2432       | 0.6888   |           
80     | 2.6855     | 0.5348     | 1.0616       | 1.0891       | 0.9771     | 1.0463       | 0.6483   | (ADV 0.45)
90     | 2.7520     | 0.5270     | 1.1030       | 1.1219       | 0.9771     | 1.0119       | 0.6297   |           
100    | 2.7095     | 0.4944     | 1.0818       | 1.1333       | 0.9635     | 0.9568       | 0.6750   |           
110    | 2.7019     | 0.4790     | 1.1011       | 1.1219       | 0.9760     | 0.9067       | 0.6150   |           
120    | 2.7507     | 0.4902     | 1.1165       | 1.1440       | 0.9771     | 0.8753       | 0.6714   |           
130    | 2.7776     | 0.4796     | 1.1253       | 1.1726       | 0.9771     | 0.8444       | 0.6681   |           
140    | 2.7647     | 0.4504     | 1.1195       | 1.1948       | 0.9750     | 0.7766       | 0.6467   |           
150    | 2.7343     | 0.4335     | 1.1525       | 1.1482       | 0.9750     | 0.8181       | 0.5732   |           
160    | 2.7987     | 0.4834     | 1.1554       | 1.1600       | 0.9625     | 0.7284       | 0.6521   |           
170    | 2.8339     | 0.4555     | 1.1903       | 1.1882       | 0.9802     | 0.7212       | 0.5749   |           
180    | 2.8086     | 0.4415     | 1.1953       | 1.1718       | 0.9625     | 0.7632       | 0.6027   |           
190    | 2.8434     | 0.4777     | 1.1771       | 1.1886       | 0.9750     | 0.7274       | 0.6534   |           
200    | 2.8318     | 0.4385     | 1.2083       | 1.1850       | 0.9771     | 0.5966       | 0.6153   | (ADV 0.68)
210    | 2.8678     | 0.4465     | 1.2177       | 1.2036       | 0.9781     | 0.6502       | 0.5992   |           
220    | 2.8090     | 0.4357     | 1.2388       | 1.1345       | 0.9583     | 0.6723       | 0.6861   |           
230    | 2.8495     | 0.4377     | 1.2063       | 1.2054       | 0.9740     | 0.6203       | 0.6638   |           
240    | 2.7292     | 0.3540     | 1.2053       | 1.1700       | 0.9771     | 0.6643       | 0.6117   |           
250    | 2.9025     | 0.4246     | 1.2269       | 1.2510       | 0.9552     | 0.5954       | 0.6851   |           
260    | 2.8485     | 0.4328     | 1.2293       | 1.1864       | 0.9823     | 0.5654       | 0.6749   | (ADV 0.70)
270    | 2.7841     | 0.3652     | 1.2163       | 1.2026       | 0.9781     | 0.6407       | 0.6224   |           
280    | 2.8312     | 0.3797     | 1.2333       | 1.2183       | 0.9771     | 0.5456       | 0.6282   |           
290    | 2.8611     | 0.4209     | 1.2231       | 1.2171       | 0.9750     | 0.5665       | 0.6561   |           
300    | 2.8757     | 0.4264     | 1.2397       | 1.2096       | 0.9563     | 0.5470       | 0.6293   |           
310    | 2.8122     | 0.3719     | 1.2269       | 1.2134       | 0.9792     | 0.5221       | 0.6937   |           
320    | 2.7918     | 0.3643     | 1.2358       | 1.1917       | 0.9740     | 0.5012       | 0.6337   |           
330    | 2.7672     | 0.3475     | 1.2151       | 1.2046       | 0.9781     | 0.5295       | 0.6361   |           
340    | 2.8139     | 0.3554     | 1.2288       | 1.2297       | 0.9833     | 0.4871       | 0.5630   |           
350    | 2.7979     | 0.3461     | 1.2230       | 1.2289       | 0.9719     | 0.4916       | 0.5839   |           
360    | 2.8960     | 0.4050     | 1.2674       | 1.2236       | 0.9729     | 0.4404       | 0.5906   |           
370    | 2.8211     | 0.3477     | 1.2511       | 1.2224       | 0.9729     | 0.5229       | 0.6093   |           
380    | 2.8869     | 0.3644     | 1.2845       | 1.2380       | 0.9729     | 0.4869       | 0.6918   |           
390    | 2.8534     | 0.3582     | 1.2532       | 1.2420       | 0.9792     | 0.4403       | 0.5964   |           
400    | 2.8471     | 0.3345     | 1.2671       | 1.2455       | 0.9708     | 0.4383       | 0.6632   |           
410    | 2.9010     | 0.3810     | 1.2577       | 1.2623       | 0.9656     | 0.4912       | 0.6777   |           
420    | 2.8776     | 0.3674     | 1.2601       | 1.2501       | 0.9781     | 0.4386       | 0.5854   |           
430    | 2.8527     | 0.3240     | 1.2862       | 1.2424       | 0.9740     | 0.3929       | 0.5472   | (ADV 0.78)
440    | 2.8906     | 0.3528     | 1.2810       | 1.2568       | 0.9802     | 0.4283       | 0.6769   |           
450    | 2.8206     | 0.3147     | 1.2754       | 1.2305       | 0.9760     | 0.4270       | 0.5819   |           
460    | 2.8919     | 0.3329     | 1.3029       | 1.2561       | 0.9708     | 0.4336       | 0.6716   |           
470    | 2.8876     | 0.3333     | 1.2927       | 1.2617       | 0.9490     | 0.4182       | 0.5912   |           
480    | 2.8868     | 0.3216     | 1.3048       | 1.2604       | 0.9781     | 0.4072       | 0.5204   |           
490    | 2.8803     | 0.3449     | 1.2966       | 1.2388       | 0.9698     | 0.3507       | 0.5433   |           
500    | 2.8259     | 0.2785     | 1.3077       | 1.2397       | 0.9792     | 0.4083       | 0.5901   |           
Seed 1024 | Src Acc: 97.6531 | Src MDE: 0.0251 | Tgt Acc: 47.1429 | Tgt MDE: 0.5280
Finished Combo GeoSPA_1_2_3. Results saved.
