==========================================
Current Architecture: GeoSPA-Net (Fixed)
mcAPs (Real Anchors): [2, 3, 4] (Indices: [1, 2, 3])
Legacy APs (Virtual): [1] (Indices: [0])
==========================================
>> Training PCN (Stage 2) on Source Domain...
>> Source PCN Training Finished. Huber Loss: 0.0047
>> Training PCN (Stage 2) on Target Domain...
>> Target PCN Training Finished. Huber Loss: 0.0047

Start GeoSPA-Net Training Seed 42...
Epoch  | Total Loss | Tr Cls     | Tr Dom RSSI  | Tr Dom RTT   | Val T Acc  | Val T Entropy | Test MDE
------------------------------------------------------------------------------------------------------------------------
10     | 4.1879     | 1.9262     | 1.1195       | 1.1423       | 0.9396     | 3.1559       | 0.9406   |           
20     | 2.9597     | 1.0547     | 0.9390       | 0.9660       | 0.9646     | 2.4294       | 0.7508   | (ADV -0.25)
30     | 2.6723     | 0.7665     | 0.9855       | 0.9204       | 0.9708     | 1.9975       | 0.7056   |           
40     | 2.5425     | 0.6493     | 0.9672       | 0.9260       | 0.9750     | 1.5392       | 0.6985   | (ADV 0.21)
50     | 2.4506     | 0.5432     | 0.9602       | 0.9472       | 0.9708     | 1.3587       | 0.7174   |           
60     | 2.4589     | 0.5301     | 0.9594       | 0.9694       | 0.9781     | 1.1991       | 0.7854   |           
70     | 2.5179     | 0.5005     | 0.9995       | 1.0179       | 0.9740     | 1.1008       | 0.7731   |           
80     | 2.6427     | 0.5291     | 1.0747       | 1.0389       | 0.9708     | 1.1132       | 0.7984   |           
90     | 2.6589     | 0.4892     | 1.1015       | 1.0681       | 0.9750     | 0.9617       | 0.7574   |           
100    | 2.6928     | 0.4891     | 1.1260       | 1.0778       | 0.9729     | 0.9210       | 0.7855   |           
110    | 2.6823     | 0.4878     | 1.1025       | 1.0920       | 0.9656     | 0.8035       | 0.6570   |           
120    | 2.6512     | 0.4464     | 1.1367       | 1.0682       | 0.9750     | 0.7411       | 0.7011   |           
130    | 2.7596     | 0.5003     | 1.1639       | 1.0954       | 0.9719     | 0.6622       | 0.6246   | (ADV 0.64)
140    | 2.7183     | 0.4311     | 1.1759       | 1.1113       | 0.9760     | 0.7092       | 0.6823   |           
150    | 2.8802     | 0.5121     | 1.2203       | 1.1477       | 0.9729     | 0.7029       | 0.8145   |           
160    | 2.6853     | 0.3987     | 1.1966       | 1.0900       | 0.9802     | 0.6604       | 0.6929   |           
170    | 2.7615     | 0.4148     | 1.1909       | 1.1557       | 0.9719     | 0.6791       | 0.7108   |           
180    | 2.7347     | 0.3970     | 1.2028       | 1.1349       | 0.9750     | 0.5892       | 0.7092   |           
190    | 2.7429     | 0.3799     | 1.2186       | 1.1444       | 0.9719     | 0.5684       | 0.6413   |           
200    | 2.7797     | 0.4044     | 1.2227       | 1.1525       | 0.9688     | 0.5582       | 0.6456   |           
210    | 2.8173     | 0.4102     | 1.2502       | 1.1569       | 0.9750     | 0.6048       | 0.6237   |           
220    | 2.8747     | 0.4374     | 1.2436       | 1.1937       | 0.9656     | 0.5066       | 0.6077   |           
230    | 2.7936     | 0.3785     | 1.2364       | 1.1788       | 0.9740     | 0.5355       | 0.6658   |           
240    | 2.8817     | 0.4255     | 1.2535       | 1.2026       | 0.9750     | 0.5354       | 0.6207   |           
250    | 2.8105     | 0.3902     | 1.2353       | 1.1849       | 0.9750     | 0.5197       | 0.6970   |           
260    | 2.8121     | 0.3765     | 1.2483       | 1.1872       | 0.9781     | 0.4777       | 0.6190   |           
270    | 2.8478     | 0.3844     | 1.2460       | 1.2174       | 0.9771     | 0.4636       | 0.6483   |           
280    | 2.7817     | 0.3688     | 1.2438       | 1.1691       | 0.9771     | 0.5187       | 0.6668   |           
290    | 2.7830     | 0.3509     | 1.2475       | 1.1845       | 0.9729     | 0.4551       | 0.6853   |           
300    | 2.8380     | 0.3540     | 1.2715       | 1.2126       | 0.9615     | 0.4905       | 0.6143   |           
310    | 2.8161     | 0.3478     | 1.2577       | 1.2106       | 0.9792     | 0.4473       | 0.6143   |           
320    | 2.8055     | 0.3581     | 1.2466       | 1.2009       | 0.9729     | 0.4731       | 0.5978   |           
330    | 2.8166     | 0.3753     | 1.2599       | 1.1815       | 0.9625     | 0.4494       | 0.6354   |           
340    | 2.7933     | 0.3218     | 1.2716       | 1.1999       | 0.9812     | 0.4345       | 0.6891   |           
350    | 2.8679     | 0.3459     | 1.2854       | 1.2366       | 0.9781     | 0.4406       | 0.6727   |           
360    | 2.8502     | 0.3341     | 1.2890       | 1.2271       | 0.9802     | 0.3799       | 0.5772   |           
370    | 2.8218     | 0.3210     | 1.2757       | 1.2252       | 0.9792     | 0.3761       | 0.5754   |           
380    | 2.7995     | 0.3171     | 1.2632       | 1.2192       | 0.9719     | 0.3868       | 0.6137   |           
390    | 2.7771     | 0.2838     | 1.2789       | 1.2144       | 0.9802     | 0.3793       | 0.5811   |           
400    | 2.8048     | 0.2940     | 1.2976       | 1.2133       | 0.9781     | 0.3888       | 0.6847   |           
410    | 2.8074     | 0.3153     | 1.2789       | 1.2132       | 0.9802     | 0.3710       | 0.5895   |           
420    | 2.8724     | 0.3395     | 1.2912       | 1.2416       | 0.9740     | 0.4122       | 0.6161   |           
430    | 2.8659     | 0.3308     | 1.3033       | 1.2319       | 0.9781     | 0.3592       | 0.5595   |           
440    | 2.8400     | 0.3022     | 1.2869       | 1.2509       | 0.9771     | 0.3422       | 0.6144   |           
450    | 2.8243     | 0.3002     | 1.2775       | 1.2465       | 0.9802     | 0.3761       | 0.6399   |           
460    | 2.8404     | 0.2982     | 1.2852       | 1.2571       | 0.9781     | 0.3531       | 0.5747   |           
470    | 2.8214     | 0.2763     | 1.2902       | 1.2548       | 0.9760     | 0.3604       | 0.6673   |           
480    | 2.7802     | 0.2651     | 1.2831       | 1.2320       | 0.9760     | 0.3300       | 0.6737   |           
490    | 2.8531     | 0.2920     | 1.3063       | 1.2549       | 0.9771     | 0.3384       | 0.6327   |           
500    | 2.8461     | 0.2993     | 1.3013       | 1.2454       | 0.9771     | 0.3569       | 0.6287   |           
Seed 42 | Src Acc: 97.6531 | Src MDE: 0.0389 | Tgt Acc: 37.8571 | Tgt MDE: 0.6429
>> Training PCN (Stage 2) on Source Domain...
>> Source PCN Training Finished. Huber Loss: 0.0043
>> Training PCN (Stage 2) on Target Domain...
>> Target PCN Training Finished. Huber Loss: 0.0044

Start GeoSPA-Net Training Seed 67...
Epoch  | Total Loss | Tr Cls     | Tr Dom RSSI  | Tr Dom RTT   | Val T Acc  | Val T Entropy | Test MDE
------------------------------------------------------------------------------------------------------------------------
10     | 4.1354     | 1.8564     | 1.1595       | 1.1194       | 0.9385     | 3.2182       | 0.8086   |           
20     | 3.0641     | 1.1116     | 1.0194       | 0.9331       | 0.9594     | 2.4028       | 0.7983   | (ADV -0.24)
30     | 2.8106     | 0.8309     | 0.9933       | 0.9864       | 0.9781     | 1.8724       | 0.8294   | (ADV 0.04)
40     | 2.6242     | 0.6429     | 1.0227       | 0.9585       | 0.9802     | 1.5473       | 0.7954   | (ADV 0.21)
50     | 2.5626     | 0.5811     | 1.0381       | 0.9434       | 0.9865     | 1.3165       | 0.8414   | (ADV 0.33)
60     | 2.5310     | 0.5199     | 1.0379       | 0.9732       | 0.9750     | 1.2786       | 0.8155   |           
70     | 2.5885     | 0.5195     | 1.0698       | 0.9993       | 0.9781     | 1.0530       | 0.8331   | (ADV 0.45)
80     | 2.6504     | 0.5258     | 1.0733       | 1.0513       | 0.9802     | 0.9888       | 0.7321   | (ADV 0.49)
90     | 2.6774     | 0.4921     | 1.1281       | 1.0572       | 0.9781     | 0.9652       | 0.7318   |           
100    | 2.7184     | 0.4933     | 1.1083       | 1.1168       | 0.9698     | 0.8926       | 0.7807   |           
110    | 2.7149     | 0.4590     | 1.1481       | 1.1079       | 0.9708     | 0.8384       | 0.7710   |           
120    | 2.7514     | 0.4594     | 1.1466       | 1.1454       | 0.9740     | 0.7986       | 0.6752   |           
130    | 2.7446     | 0.4427     | 1.1671       | 1.1348       | 0.9760     | 0.7571       | 0.7412   | (ADV 0.60)
140    | 2.7681     | 0.4469     | 1.1586       | 1.1626       | 0.9552     | 0.7096       | 0.7091   |           
150    | 2.7816     | 0.4396     | 1.1882       | 1.1537       | 0.9760     | 0.7391       | 0.7312   |           
160    | 2.7528     | 0.4318     | 1.1781       | 1.1428       | 0.9750     | 0.6391       | 0.7182   | (ADV 0.66)
170    | 2.8019     | 0.4552     | 1.2025       | 1.1443       | 0.9750     | 0.6948       | 0.7646   |           
180    | 2.7495     | 0.4139     | 1.1801       | 1.1555       | 0.9760     | 0.5879       | 0.7047   | (ADV 0.68)
190    | 2.7763     | 0.4481     | 1.1805       | 1.1477       | 0.9771     | 0.6398       | 0.7357   |           
200    | 2.7369     | 0.3879     | 1.1862       | 1.1628       | 0.9781     | 0.6281       | 0.7533   |           
210    | 2.7379     | 0.3753     | 1.1934       | 1.1692       | 0.9760     | 0.6339       | 0.7806   |           
220    | 2.7660     | 0.3829     | 1.1957       | 1.1875       | 0.9740     | 0.6074       | 0.7523   |           
230    | 2.8054     | 0.4157     | 1.1996       | 1.1901       | 0.9635     | 0.6731       | 0.7036   |           
240    | 2.8567     | 0.4213     | 1.2257       | 1.2097       | 0.9760     | 0.5964       | 0.8308   |           
250    | 2.7892     | 0.3826     | 1.2171       | 1.1895       | 0.9812     | 0.5382       | 0.7407   |           
260    | 2.7962     | 0.4057     | 1.2107       | 1.1798       | 0.9792     | 0.5365       | 0.7514   |           
270    | 2.8591     | 0.4110     | 1.2257       | 1.2224       | 0.9792     | 0.5030       | 0.7563   |           
280    | 2.7949     | 0.3805     | 1.2199       | 1.1945       | 0.9802     | 0.5251       | 0.8110   |           
290    | 2.7530     | 0.3563     | 1.1948       | 1.2020       | 0.9698     | 0.5744       | 0.8095   |           
300    | 2.7811     | 0.3704     | 1.2061       | 1.2046       | 0.9760     | 0.5414       | 0.7389   |           
310    | 2.8543     | 0.3998     | 1.2269       | 1.2276       | 0.9708     | 0.5411       | 0.8659   |           
320    | 2.8513     | 0.3651     | 1.2429       | 1.2433       | 0.9760     | 0.5407       | 0.7614   |           
330    | 2.8465     | 0.3935     | 1.2392       | 1.2138       | 0.9844     | 0.5610       | 0.7750   |           
340    | 2.8261     | 0.3423     | 1.2675       | 1.2163       | 0.9760     | 0.4778       | 0.7500   |           
350    | 2.8022     | 0.3420     | 1.2411       | 1.2191       | 0.9760     | 0.4928       | 0.7969   |           
360    | 2.9019     | 0.3767     | 1.2728       | 1.2524       | 0.9854     | 0.5335       | 0.6365   |           
370    | 2.8606     | 0.3807     | 1.2553       | 1.2245       | 0.9781     | 0.4946       | 0.7425   |           
380    | 2.8816     | 0.3894     | 1.2613       | 1.2310       | 0.9719     | 0.5017       | 0.6866   |           
390    | 2.8626     | 0.3617     | 1.2472       | 1.2538       | 0.9823     | 0.4579       | 0.6635   |           
400    | 2.8019     | 0.3165     | 1.2450       | 1.2404       | 0.9760     | 0.4802       | 0.7455   |           
410    | 2.8120     | 0.3109     | 1.2831       | 1.2180       | 0.9740     | 0.4750       | 0.7759   |           
420    | 2.8274     | 0.3386     | 1.2594       | 1.2294       | 0.9812     | 0.4255       | 0.7607   |           
430    | 2.7469     | 0.2661     | 1.2600       | 1.2208       | 0.9792     | 0.4225       | 0.6821   |           
440    | 2.7992     | 0.3002     | 1.2731       | 1.2260       | 0.9844     | 0.4515       | 0.7780   |           
450    | 2.8655     | 0.3116     | 1.2754       | 1.2785       | 0.9760     | 0.4128       | 0.7625   |           
460    | 2.8258     | 0.2912     | 1.2780       | 1.2565       | 0.9781     | 0.4273       | 0.7402   |           
470    | 2.7928     | 0.2881     | 1.2644       | 1.2402       | 0.9812     | 0.4105       | 0.7570   |           
480    | 2.8083     | 0.2744     | 1.2781       | 1.2557       | 0.9771     | 0.4104       | 0.7489   |           
490    | 2.8494     | 0.2878     | 1.2922       | 1.2694       | 0.9823     | 0.4194       | 0.7379   |           
500    | 2.8403     | 0.2897     | 1.2938       | 1.2568       | 0.9812     | 0.3743       | 0.7383   | (ADV 0.79)
Seed 67 | Src Acc: 98.3673 | Src MDE: 0.0255 | Tgt Acc: 34.5918 | Tgt MDE: 0.7383
>> Training PCN (Stage 2) on Source Domain...
>> Source PCN Training Finished. Huber Loss: 0.0038
>> Training PCN (Stage 2) on Target Domain...
>> Target PCN Training Finished. Huber Loss: 0.0037

Start GeoSPA-Net Training Seed 1024...
Epoch  | Total Loss | Tr Cls     | Tr Dom RSSI  | Tr Dom RTT   | Val T Acc  | Val T Entropy | Test MDE
------------------------------------------------------------------------------------------------------------------------
10     | 4.3593     | 1.9589     | 1.1993       | 1.2011       | 0.9427     | 3.1984       | 0.7641   |           
20     | 3.2204     | 1.1383     | 1.0306       | 1.0515       | 0.9833     | 2.4206       | 0.7079   | (ADV -0.23)
30     | 2.8183     | 0.8368     | 0.9768       | 1.0047       | 0.9771     | 2.0095       | 0.6922   |           
40     | 2.7367     | 0.7013     | 1.0110       | 1.0245       | 0.9792     | 1.6249       | 0.7720   |           
50     | 2.5487     | 0.5951     | 0.9527       | 1.0009       | 0.9802     | 1.3539       | 0.7289   |           
60     | 2.5945     | 0.5838     | 0.9789       | 1.0318       | 0.9833     | 1.1534       | 0.6952   | (ADV 0.41)
70     | 2.6275     | 0.5298     | 1.0367       | 1.0611       | 0.9802     | 1.0823       | 0.7021   |           
80     | 2.6670     | 0.5247     | 1.0515       | 1.0909       | 0.9750     | 1.0180       | 0.7370   |           
90     | 2.6333     | 0.5299     | 1.0583       | 1.0451       | 0.9812     | 0.9152       | 0.7172   |           
100    | 2.6836     | 0.4980     | 1.1022       | 1.0835       | 0.9844     | 0.9039       | 0.7431   |           
110    | 2.7360     | 0.5058     | 1.1197       | 1.1105       | 0.9833     | 0.9112       | 0.6833   |           
120    | 2.7198     | 0.4930     | 1.1130       | 1.1138       | 0.9812     | 0.7775       | 0.7075   |           
130    | 2.6777     | 0.4646     | 1.1299       | 1.0831       | 0.9833     | 0.7769       | 0.7221   |           
140    | 2.7038     | 0.4571     | 1.1250       | 1.1217       | 0.9865     | 0.6969       | 0.6724   | (ADV 0.64)
150    | 2.7099     | 0.4412     | 1.1473       | 1.1214       | 0.9812     | 0.7429       | 0.5906   |           
160    | 2.7883     | 0.4824     | 1.1765       | 1.1293       | 0.9802     | 0.6691       | 0.5862   |           
170    | 2.9111     | 0.5122     | 1.2194       | 1.1796       | 0.9771     | 0.6658       | 0.7047   |           
180    | 2.7965     | 0.4440     | 1.1743       | 1.1782       | 0.9802     | 0.6212       | 0.6840   |           
190    | 2.7696     | 0.4480     | 1.1806       | 1.1410       | 0.9802     | 0.6045       | 0.6956   |           
200    | 2.8303     | 0.4225     | 1.2251       | 1.1828       | 0.9823     | 0.5662       | 0.6018   |           
210    | 2.8704     | 0.4456     | 1.2176       | 1.2072       | 0.9823     | 0.5782       | 0.6534   |           
220    | 2.8494     | 0.4124     | 1.2368       | 1.2002       | 0.9812     | 0.5225       | 0.7035   |           
230    | 2.8676     | 0.4235     | 1.2318       | 1.2124       | 0.9760     | 0.5681       | 0.6690   |           
240    | 2.8092     | 0.3983     | 1.2045       | 1.2064       | 0.9833     | 0.5421       | 0.6148   |           
250    | 2.8253     | 0.3996     | 1.2341       | 1.1915       | 0.9802     | 0.5404       | 0.5861   |           
260    | 2.8588     | 0.4291     | 1.2347       | 1.1950       | 0.9729     | 0.5048       | 0.6572   |           
270    | 2.8183     | 0.3865     | 1.2227       | 1.2090       | 0.9781     | 0.4969       | 0.6429   |           
280    | 2.8266     | 0.4060     | 1.2270       | 1.1936       | 0.9792     | 0.5524       | 0.6770   |           
290    | 2.8284     | 0.3877     | 1.2393       | 1.2013       | 0.9833     | 0.5379       | 0.5970   |           
300    | 2.8513     | 0.3828     | 1.2493       | 1.2191       | 0.9812     | 0.4504       | 0.7292   | (ADV 0.76)
310    | 2.7868     | 0.3622     | 1.2186       | 1.2060       | 0.9781     | 0.4908       | 0.6482   |           
320    | 2.8175     | 0.3625     | 1.2227       | 1.2323       | 0.9823     | 0.4699       | 0.6884   |           
330    | 2.8304     | 0.3647     | 1.2601       | 1.2057       | 0.9802     | 0.4902       | 0.7773   |           
340    | 2.8280     | 0.3543     | 1.2343       | 1.2394       | 0.9823     | 0.4785       | 0.6892   |           
350    | 2.8476     | 0.3571     | 1.2592       | 1.2313       | 0.9677     | 0.4741       | 0.5860   |           
360    | 2.8628     | 0.3866     | 1.2352       | 1.2410       | 0.9531     | 0.4479       | 0.6073   |           
370    | 2.7940     | 0.3316     | 1.2449       | 1.2175       | 0.9812     | 0.4510       | 0.5729   |           
380    | 2.7755     | 0.3254     | 1.2357       | 1.2143       | 0.9833     | 0.4842       | 0.7058   |           
390    | 2.7605     | 0.3272     | 1.2394       | 1.1938       | 0.9740     | 0.4611       | 0.6474   |           
400    | 2.7930     | 0.3230     | 1.2432       | 1.2267       | 0.9719     | 0.4166       | 0.6441   |           
410    | 2.8784     | 0.3450     | 1.2682       | 1.2652       | 0.9812     | 0.4214       | 0.6742   |           
420    | 2.8424     | 0.3248     | 1.2834       | 1.2342       | 0.9781     | 0.4574       | 0.6420   |           
430    | 2.8295     | 0.3116     | 1.2786       | 1.2393       | 0.9771     | 0.4094       | 0.6145   |           
440    | 2.8866     | 0.3434     | 1.2883       | 1.2549       | 0.9833     | 0.4101       | 0.6214   |           
450    | 2.8568     | 0.3175     | 1.2913       | 1.2479       | 0.9802     | 0.3827       | 0.5957   |           
460    | 2.8350     | 0.3166     | 1.2934       | 1.2250       | 0.9802     | 0.3814       | 0.6069   |           
470    | 2.8635     | 0.3401     | 1.2736       | 1.2498       | 0.9729     | 0.4151       | 0.6823   |           
480    | 2.8650     | 0.3097     | 1.2938       | 1.2614       | 0.9802     | 0.3645       | 0.6568   |           
490    | 2.8451     | 0.3205     | 1.2863       | 1.2382       | 0.9740     | 0.3770       | 0.6645   |           
500    | 2.8296     | 0.3124     | 1.2885       | 1.2287       | 0.9823     | 0.4129       | 0.6259   |           
Seed 1024 | Src Acc: 97.1429 | Src MDE: 0.0426 | Tgt Acc: 39.0816 | Tgt MDE: 0.6272
Finished Combo GeoSPA_2_3_4. Results saved.
