==========================================
Current Architecture: GeoSPA-Net (Fixed)
mcAPs (Real Anchors): [1, 2, 3, 4] (Indices: [0, 1, 2, 3])
Legacy APs (Virtual): [] (Indices: [])
==========================================
>> Training PCN (Stage 2) on Source Domain...
>> Source PCN Training Finished. Huber Loss: 0.0049
>> Training PCN (Stage 2) on Target Domain...
>> Target PCN Training Finished. Huber Loss: 0.0046

Start GeoSPA-Net Training Seed 42...
Epoch  | Total Loss | Tr Cls     | Tr Dom RSSI  | Tr Dom RTT   | Val T Acc  | Val T Entropy | Test MDE
------------------------------------------------------------------------------------------------------------------------
10     | 4.1198     | 1.8853     | 1.1220       | 1.1125       | 0.9688     | 3.1991       | 0.7644   |           
20     | 2.8578     | 1.0145     | 0.9464       | 0.8968       | 0.9760     | 2.4877       | 0.6703   | (ADV -0.27)
30     | 2.5267     | 0.7295     | 0.9789       | 0.8183       | 0.9802     | 2.0493       | 0.6192   |           
40     | 2.4728     | 0.6111     | 0.9896       | 0.8721       | 0.9875     | 1.6422       | 0.6058   | (ADV 0.17)
50     | 2.3611     | 0.4963     | 0.9485       | 0.9163       | 0.9885     | 1.4084       | 0.6231   |           
60     | 2.3811     | 0.4654     | 0.9743       | 0.9415       | 0.9917     | 1.2816       | 0.5873   |           
70     | 2.4716     | 0.4787     | 1.0210       | 0.9720       | 0.9885     | 1.1360       | 0.5662   |           
80     | 2.4553     | 0.4458     | 1.0452       | 0.9643       | 0.9854     | 1.0876       | 0.5903   |           
90     | 2.5757     | 0.4480     | 1.0775       | 1.0502       | 0.9927     | 0.9616       | 0.6612   |           
100    | 2.6698     | 0.4530     | 1.1484       | 1.0684       | 0.9896     | 0.9056       | 0.5651   |           
110    | 2.6496     | 0.4469     | 1.1666       | 1.0360       | 0.9906     | 0.7817       | 0.4297   |           
120    | 2.6311     | 0.4194     | 1.1594       | 1.0524       | 0.9896     | 0.7864       | 0.5524   |           
130    | 2.7267     | 0.4415     | 1.1835       | 1.1018       | 0.9917     | 0.7112       | 0.6110   | (ADV 0.64)
140    | 2.7169     | 0.3891     | 1.2048       | 1.1229       | 0.9896     | 0.7535       | 0.5780   |           
150    | 2.8497     | 0.4687     | 1.2391       | 1.1419       | 0.9906     | 0.6415       | 0.6281   | (ADV 0.67)
160    | 2.7023     | 0.3782     | 1.2264       | 1.0977       | 0.9865     | 0.6644       | 0.6300   |           
170    | 2.7331     | 0.4017     | 1.1995       | 1.1319       | 0.9927     | 0.6273       | 0.5879   |           
180    | 2.7702     | 0.4051     | 1.1907       | 1.1743       | 0.9896     | 0.6318       | 0.4683   |           
190    | 2.6591     | 0.3292     | 1.2015       | 1.1285       | 0.9833     | 0.5190       | 0.5491   | (ADV 0.72)
200    | 2.7058     | 0.3603     | 1.2248       | 1.1207       | 0.9885     | 0.5432       | 0.5304   |           
210    | 2.7615     | 0.3750     | 1.2293       | 1.1572       | 0.9906     | 0.5876       | 0.5084   |           
220    | 2.8147     | 0.3980     | 1.2539       | 1.1628       | 0.9854     | 0.5375       | 0.5601   |           
230    | 2.7216     | 0.3394     | 1.2483       | 1.1338       | 0.9865     | 0.5480       | 0.5596   |           
240    | 2.7453     | 0.3539     | 1.2309       | 1.1605       | 0.9906     | 0.5315       | 0.5287   |           
250    | 2.7400     | 0.3518     | 1.2349       | 1.1533       | 0.9927     | 0.4968       | 0.5880   |           
260    | 2.7374     | 0.3225     | 1.2613       | 1.1537       | 0.9938     | 0.5394       | 0.6434   |           
270    | 2.7864     | 0.3462     | 1.2766       | 1.1635       | 0.9896     | 0.4889       | 0.5267   |           
280    | 2.7539     | 0.3157     | 1.2528       | 1.1854       | 0.9885     | 0.4468       | 0.5325   |           
290    | 2.7502     | 0.3097     | 1.2656       | 1.1749       | 0.9927     | 0.4159       | 0.5091   |           
300    | 2.7836     | 0.3348     | 1.2745       | 1.1744       | 0.9854     | 0.4039       | 0.4953   |           
310    | 2.7779     | 0.3253     | 1.2600       | 1.1926       | 0.9906     | 0.4454       | 0.5006   |           
320    | 2.8003     | 0.3279     | 1.2652       | 1.2072       | 0.9948     | 0.3788       | 0.4997   | (ADV 0.81)
330    | 2.8092     | 0.3225     | 1.2741       | 1.2126       | 0.9823     | 0.3811       | 0.4490   |           
340    | 2.7963     | 0.3070     | 1.2872       | 1.2020       | 0.9885     | 0.4295       | 0.5081   |           
350    | 2.8497     | 0.3366     | 1.2976       | 1.2154       | 0.9938     | 0.3891       | 0.5401   |           
360    | 2.8637     | 0.3128     | 1.3180       | 1.2329       | 0.9906     | 0.3585       | 0.5091   |           
370    | 2.8210     | 0.2910     | 1.3029       | 1.2270       | 0.9906     | 0.3204       | 0.5217   | (ADV 0.83)
380    | 2.8166     | 0.2760     | 1.3102       | 1.2304       | 0.9885     | 0.3128       | 0.5402   |           
390    | 2.8369     | 0.2955     | 1.3045       | 1.2369       | 0.9938     | 0.3637       | 0.5215   |           
400    | 2.7926     | 0.2439     | 1.3205       | 1.2281       | 0.9906     | 0.3805       | 0.5107   |           
410    | 2.8369     | 0.2733     | 1.3142       | 1.2494       | 0.9896     | 0.3208       | 0.4694   |           
420    | 2.8605     | 0.3056     | 1.3180       | 1.2369       | 0.9906     | 0.2951       | 0.4408   |           
430    | 2.8044     | 0.2636     | 1.3057       | 1.2351       | 0.9792     | 0.3008       | 0.5118   |           
440    | 2.8022     | 0.2540     | 1.3018       | 1.2463       | 0.9833     | 0.3423       | 0.5053   |           
450    | 2.8039     | 0.2380     | 1.3106       | 1.2552       | 0.9885     | 0.3471       | 0.5504   |           
460    | 2.8454     | 0.2572     | 1.3170       | 1.2711       | 0.9917     | 0.2964       | 0.5167   |           
470    | 2.8463     | 0.2682     | 1.3357       | 1.2424       | 0.9885     | 0.3143       | 0.5043   |           
480    | 2.8334     | 0.2337     | 1.3216       | 1.2782       | 0.9865     | 0.2904       | 0.5384   |           
490    | 2.8225     | 0.2551     | 1.3185       | 1.2489       | 0.9854     | 0.2814       | 0.4617   |           
500    | 2.7994     | 0.2357     | 1.3173       | 1.2463       | 0.9906     | 0.2502       | 0.4908   | (ADV 0.87)
Seed 42 | Src Acc: 98.6735 | Src MDE: 0.0232 | Tgt Acc: 51.6327 | Tgt MDE: 0.4908
>> Training PCN (Stage 2) on Source Domain...
>> Source PCN Training Finished. Huber Loss: 0.0050
>> Training PCN (Stage 2) on Target Domain...
>> Target PCN Training Finished. Huber Loss: 0.0044

Start GeoSPA-Net Training Seed 67...
Epoch  | Total Loss | Tr Cls     | Tr Dom RSSI  | Tr Dom RTT   | Val T Acc  | Val T Entropy | Test MDE
------------------------------------------------------------------------------------------------------------------------
10     | 3.9772     | 1.7858     | 1.1722       | 1.0192       | 0.9365     | 3.2486       | 0.6526   |           
20     | 2.9138     | 1.0177     | 1.0315       | 0.8645       | 0.9781     | 2.3549       | 0.7031   | (ADV -0.20)
30     | 2.5812     | 0.7427     | 1.0034       | 0.8351       | 0.9844     | 1.8961       | 0.6626   | (ADV 0.04)
40     | 2.3913     | 0.5350     | 0.9892       | 0.8671       | 0.9885     | 1.4927       | 0.6327   | (ADV 0.24)
50     | 2.4396     | 0.5269     | 1.0539       | 0.8588       | 0.9875     | 1.3510       | 0.5622   |           
60     | 2.4007     | 0.4475     | 1.0175       | 0.9358       | 0.9875     | 1.1846       | 0.6097   | (ADV 0.40)
70     | 2.4512     | 0.4347     | 1.0455       | 0.9710       | 0.9833     | 1.0631       | 0.5854   |           
80     | 2.5918     | 0.4780     | 1.0928       | 1.0210       | 0.9802     | 0.9746       | 0.5466   | (ADV 0.49)
90     | 2.5687     | 0.4104     | 1.1329       | 1.0255       | 0.9823     | 0.8670       | 0.6407   |           
100    | 2.6209     | 0.4319     | 1.1295       | 1.0594       | 0.9771     | 0.8583       | 0.5613   |           
110    | 2.6099     | 0.3709     | 1.1520       | 1.0870       | 0.9771     | 0.7623       | 0.7112   |           
120    | 2.7205     | 0.4384     | 1.1410       | 1.1412       | 0.9708     | 0.7799       | 0.5787   |           
130    | 2.6881     | 0.4057     | 1.1554       | 1.1269       | 0.9844     | 0.7442       | 0.6903   |           
140    | 2.6601     | 0.3845     | 1.1492       | 1.1265       | 0.9812     | 0.6978       | 0.6513   |           
150    | 2.7130     | 0.3852     | 1.1675       | 1.1603       | 0.9812     | 0.6348       | 0.5398   |           
160    | 2.7518     | 0.3938     | 1.2010       | 1.1570       | 0.9823     | 0.5843       | 0.5410   |           
170    | 2.7194     | 0.3826     | 1.1837       | 1.1530       | 0.9792     | 0.6378       | 0.5272   |           
180    | 2.7197     | 0.3516     | 1.1840       | 1.1841       | 0.9781     | 0.5607       | 0.5419   |           
190    | 2.7827     | 0.3680     | 1.2430       | 1.1717       | 0.9823     | 0.5175       | 0.5761   |           
200    | 2.7224     | 0.3412     | 1.2044       | 1.1768       | 0.9823     | 0.5794       | 0.6106   |           
210    | 2.7232     | 0.3213     | 1.2109       | 1.1911       | 0.9812     | 0.4837       | 0.5940   |           
220    | 2.6844     | 0.3002     | 1.1826       | 1.2016       | 0.9812     | 0.4863       | 0.5274   |           
230    | 2.7548     | 0.3410     | 1.2150       | 1.1988       | 0.9760     | 0.4632       | 0.5445   |           
240    | 2.7454     | 0.3433     | 1.2136       | 1.1886       | 0.9760     | 0.4839       | 0.4529   |           
250    | 2.7130     | 0.2864     | 1.2097       | 1.2170       | 0.9698     | 0.3844       | 0.5103   |           
260    | 2.7239     | 0.2895     | 1.2172       | 1.2172       | 0.9792     | 0.4245       | 0.5327   |           
270    | 2.7668     | 0.3225     | 1.2224       | 1.2219       | 0.9771     | 0.4297       | 0.5554   |           
280    | 2.7662     | 0.2789     | 1.2396       | 1.2477       | 0.9823     | 0.4065       | 0.4861   |           
290    | 2.7447     | 0.2778     | 1.2370       | 1.2298       | 0.9771     | 0.3557       | 0.5131   |           
300    | 2.7639     | 0.2976     | 1.2310       | 1.2353       | 0.9802     | 0.3958       | 0.4526   |           
310    | 2.7910     | 0.2733     | 1.2604       | 1.2573       | 0.9781     | 0.3393       | 0.4871   |           
320    | 2.8064     | 0.2894     | 1.2704       | 1.2465       | 0.9781     | 0.3672       | 0.4887   |           
330    | 2.7812     | 0.2857     | 1.2687       | 1.2268       | 0.9844     | 0.3418       | 0.4996   |           
340    | 2.7839     | 0.2740     | 1.2438       | 1.2661       | 0.9854     | 0.3417       | 0.4404   |           
350    | 2.8034     | 0.3007     | 1.2490       | 1.2537       | 0.9823     | 0.3376       | 0.5473   |           
360    | 2.8138     | 0.2839     | 1.2673       | 1.2626       | 0.9760     | 0.3397       | 0.4911   |           
370    | 2.8121     | 0.2644     | 1.2857       | 1.2620       | 0.9729     | 0.3359       | 0.4893   |           
380    | 2.8918     | 0.3289     | 1.3013       | 1.2615       | 0.9781     | 0.3499       | 0.4653   |           
390    | 2.8246     | 0.2982     | 1.2985       | 1.2279       | 0.9802     | 0.3313       | 0.4897   |           
400    | 2.7822     | 0.2339     | 1.3054       | 1.2428       | 0.9802     | 0.3453       | 0.4866   |           
410    | 2.8037     | 0.2616     | 1.2901       | 1.2520       | 0.9792     | 0.3067       | 0.5735   |           
420    | 2.7959     | 0.2416     | 1.2957       | 1.2586       | 0.9781     | 0.3142       | 0.5678   |           
430    | 2.8139     | 0.2385     | 1.3086       | 1.2668       | 0.9812     | 0.3327       | 0.4912   |           
440    | 2.8285     | 0.2464     | 1.3021       | 1.2799       | 0.9750     | 0.2634       | 0.5266   |           
450    | 2.8127     | 0.2344     | 1.3158       | 1.2625       | 0.9771     | 0.2963       | 0.4767   |           
460    | 2.7449     | 0.2082     | 1.2871       | 1.2496       | 0.9760     | 0.2720       | 0.4879   |           
470    | 2.7937     | 0.2333     | 1.2994       | 1.2610       | 0.9802     | 0.2398       | 0.4782   | (ADV 0.86)
480    | 2.7683     | 0.2102     | 1.2991       | 1.2590       | 0.9781     | 0.3017       | 0.5144   |           
490    | 2.8286     | 0.2283     | 1.3071       | 1.2932       | 0.9823     | 0.2716       | 0.5301   |           
500    | 2.8929     | 0.2772     | 1.3380       | 1.2777       | 0.9802     | 0.2607       | 0.4654   |           
Seed 67 | Src Acc: 98.6735 | Src MDE: 0.0161 | Tgt Acc: 50.3061 | Tgt MDE: 0.4780
>> Training PCN (Stage 2) on Source Domain...
>> Source PCN Training Finished. Huber Loss: 0.0043
>> Training PCN (Stage 2) on Target Domain...
>> Target PCN Training Finished. Huber Loss: 0.0039

Start GeoSPA-Net Training Seed 1024...
Epoch  | Total Loss | Tr Cls     | Tr Dom RSSI  | Tr Dom RTT   | Val T Acc  | Val T Entropy | Test MDE
------------------------------------------------------------------------------------------------------------------------
10     | 4.3190     | 1.9283     | 1.2176       | 1.1731       | 0.9396     | 3.2563       | 0.8339   |           
20     | 3.1391     | 1.0623     | 1.0563       | 1.0205       | 0.9812     | 2.4720       | 0.6623   | (ADV -0.25)
30     | 2.7140     | 0.7735     | 0.9994       | 0.9410       | 0.9854     | 2.0660       | 0.5788   |           
40     | 2.5895     | 0.6177     | 0.9940       | 0.9777       | 0.9812     | 1.5776       | 0.5717   |           
50     | 2.4502     | 0.5113     | 0.9626       | 0.9763       | 0.9875     | 1.3904       | 0.5894   |           
60     | 2.4099     | 0.4709     | 0.9486       | 0.9904       | 0.9823     | 1.1729       | 0.5675   | (ADV 0.40)
70     | 2.4756     | 0.4568     | 1.0134       | 1.0053       | 0.9833     | 1.1354       | 0.5885   |           
80     | 2.5117     | 0.4656     | 1.0366       | 1.0095       | 0.9802     | 0.9786       | 0.6108   | (ADV 0.49)
90     | 2.6167     | 0.4565     | 1.0788       | 1.0813       | 0.9802     | 1.0151       | 0.5958   |           
100    | 2.6299     | 0.4380     | 1.0863       | 1.1055       | 0.9667     | 0.8764       | 0.6585   | (ADV 0.53)
110    | 2.6929     | 0.4387     | 1.1399       | 1.1143       | 0.9771     | 0.9510       | 0.6256   |           
120    | 2.7066     | 0.4526     | 1.1355       | 1.1186       | 0.9854     | 0.8696       | 0.5747   |           
130    | 2.6265     | 0.3933     | 1.1290       | 1.1042       | 0.9812     | 0.7345       | 0.6130   |           
140    | 2.7149     | 0.4287     | 1.1522       | 1.1339       | 0.9823     | 0.7453       | 0.6691   |           
150    | 2.6965     | 0.4064     | 1.1717       | 1.1183       | 0.9698     | 0.6829       | 0.5490   |           
160    | 2.7722     | 0.4258     | 1.1846       | 1.1618       | 0.9865     | 0.6543       | 0.5807   |           
170    | 2.7367     | 0.3647     | 1.2070       | 1.1649       | 0.9792     | 0.5645       | 0.5967   |           
180    | 2.7507     | 0.3920     | 1.2038       | 1.1549       | 0.9812     | 0.5671       | 0.5358   |           
190    | 2.8315     | 0.4392     | 1.2208       | 1.1716       | 0.9781     | 0.5875       | 0.4876   |           
200    | 2.7932     | 0.3537     | 1.2426       | 1.1969       | 0.9771     | 0.5524       | 0.5252   |           
210    | 2.7764     | 0.3505     | 1.2376       | 1.1883       | 0.9823     | 0.5406       | 0.4293   |           
220    | 2.7787     | 0.3419     | 1.2469       | 1.1899       | 0.9812     | 0.5416       | 0.4503   |           
230    | 2.8359     | 0.3861     | 1.2540       | 1.1958       | 0.9844     | 0.5143       | 0.4888   |           
240    | 2.7553     | 0.3158     | 1.2290       | 1.2105       | 0.9854     | 0.4990       | 0.5265   |           
250    | 2.8037     | 0.3355     | 1.2519       | 1.2164       | 0.9771     | 0.5313       | 0.5231   |           
260    | 2.7743     | 0.3319     | 1.2312       | 1.2112       | 0.9854     | 0.4669       | 0.5073   |           
270    | 2.7689     | 0.3246     | 1.2410       | 1.2033       | 0.9812     | 0.4158       | 0.4937   |           
280    | 2.7529     | 0.3013     | 1.2434       | 1.2082       | 0.9802     | 0.4485       | 0.5661   |           
290    | 2.8104     | 0.3333     | 1.2574       | 1.2197       | 0.9760     | 0.4229       | 0.5101   |           
300    | 2.7903     | 0.3090     | 1.2543       | 1.2270       | 0.9875     | 0.3880       | 0.5376   |           
310    | 2.7841     | 0.3194     | 1.2492       | 1.2155       | 0.9885     | 0.4266       | 0.4991   |           
320    | 2.7902     | 0.3111     | 1.2570       | 1.2221       | 0.9833     | 0.3932       | 0.5211   |           
330    | 2.7876     | 0.2985     | 1.2679       | 1.2212       | 0.9885     | 0.3999       | 0.4977   |           
340    | 2.7603     | 0.2786     | 1.2757       | 1.2060       | 0.9865     | 0.3608       | 0.5122   |           
350    | 2.7984     | 0.3003     | 1.2698       | 1.2283       | 0.9740     | 0.3777       | 0.5456   |           
360    | 2.7955     | 0.2954     | 1.2809       | 1.2193       | 0.9854     | 0.4037       | 0.5277   |           
370    | 2.7816     | 0.2884     | 1.2492       | 1.2440       | 0.9854     | 0.3860       | 0.4575   |           
380    | 2.7743     | 0.2548     | 1.2818       | 1.2377       | 0.9875     | 0.3580       | 0.4774   |           
390    | 2.7868     | 0.2791     | 1.2856       | 1.2221       | 0.9833     | 0.3531       | 0.4363   |           
400    | 2.7696     | 0.2527     | 1.2764       | 1.2405       | 0.9781     | 0.3374       | 0.4542   |           
410    | 2.7804     | 0.2587     | 1.2833       | 1.2384       | 0.9844     | 0.3317       | 0.4781   |           
420    | 2.7814     | 0.2498     | 1.2915       | 1.2401       | 0.9875     | 0.3258       | 0.5174   |           
430    | 2.8001     | 0.2337     | 1.3184       | 1.2480       | 0.9823     | 0.3350       | 0.4982   |           
440    | 2.8145     | 0.2597     | 1.3034       | 1.2514       | 0.9833     | 0.2917       | 0.5017   | (ADV 0.84)
450    | 2.8442     | 0.2892     | 1.3049       | 1.2501       | 0.9812     | 0.3634       | 0.5491   |           
460    | 2.8123     | 0.2487     | 1.3129       | 1.2508       | 0.9812     | 0.3596       | 0.5880   |           
470    | 2.8384     | 0.2588     | 1.3279       | 1.2517       | 0.9781     | 0.3268       | 0.4813   |           
480    | 2.7756     | 0.2295     | 1.3086       | 1.2375       | 0.9865     | 0.3011       | 0.4695   |           
490    | 2.8370     | 0.2657     | 1.3101       | 1.2611       | 0.9802     | 0.3311       | 0.5537   |           
500    | 2.8004     | 0.2193     | 1.3229       | 1.2582       | 0.9823     | 0.3152       | 0.5100   |           
Seed 1024 | Src Acc: 98.5714 | Src MDE: 0.0206 | Tgt Acc: 51.8367 | Tgt MDE: 0.5206
Finished Combo GeoSPA_1_2_3_4. Results saved.
