==========================================
Current Architecture: GeoSPA-Net (Fixed)
mcAPs (Real Anchors): [2, 4] (Indices: [1, 3])
Legacy APs (Virtual): [1, 3] (Indices: [0, 2])
==========================================
>> Training PCN (Stage 2) on Source Domain...
>> Source PCN Training Finished. Huber Loss: 0.0043
>> Training PCN (Stage 2) on Target Domain...
>> Target PCN Training Finished. Huber Loss: 0.0041

Start GeoSPA-Net Training Seed 42...
Epoch  | Total Loss | Tr Cls     | Tr Dom RSSI  | Tr Dom RTT   | Val T Acc  | Val T Entropy | Test MDE
------------------------------------------------------------------------------------------------------------------------
10     | 4.2403     | 2.0318     | 1.0922       | 1.1163       | 0.9104     | 3.1522       | 1.0430   |           
20     | 3.1814     | 1.1685     | 0.9426       | 1.0704       | 0.9583     | 2.3721       | 0.8788   | (ADV -0.23)
30     | 2.8845     | 0.8648     | 0.9807       | 1.0390       | 0.9615     | 1.9818       | 0.9680   |           
40     | 2.7508     | 0.7243     | 0.9827       | 1.0438       | 0.9625     | 1.5232       | 0.8774   | (ADV 0.20)
50     | 2.6259     | 0.6023     | 0.9664       | 1.0573       | 0.9646     | 1.3114       | 0.8098   |           
60     | 2.6219     | 0.5710     | 0.9716       | 1.0794       | 0.9781     | 1.1886       | 0.9264   | (ADV 0.38)
70     | 2.5974     | 0.5471     | 0.9709       | 1.0794       | 0.9802     | 1.0862       | 0.8516   |           
80     | 2.6741     | 0.5542     | 1.0072       | 1.1127       | 0.9792     | 1.0742       | 0.9281   |           
90     | 2.6513     | 0.4873     | 1.0630       | 1.1010       | 0.9740     | 0.9339       | 0.8009   |           
100    | 2.7401     | 0.5257     | 1.1005       | 1.1139       | 0.9677     | 0.9064       | 0.7797   |           
110    | 2.6995     | 0.4926     | 1.0967       | 1.1103       | 0.9708     | 0.8350       | 0.8381   |           
120    | 2.7204     | 0.4883     | 1.1087       | 1.1233       | 0.9823     | 0.8525       | 0.8957   |           
130    | 2.7450     | 0.4975     | 1.1381       | 1.1094       | 0.9729     | 0.7455       | 0.7550   |           
140    | 2.7855     | 0.4788     | 1.1648       | 1.1420       | 0.9740     | 0.7588       | 0.7476   |           
150    | 2.8834     | 0.5647     | 1.1737       | 1.1451       | 0.9667     | 0.7846       | 0.8685   |           
160    | 2.7881     | 0.4956     | 1.1430       | 1.1495       | 0.9792     | 0.7547       | 0.8770   |           
170    | 2.7897     | 0.4566     | 1.1907       | 1.1424       | 0.9729     | 0.6884       | 0.8724   |           
180    | 2.7968     | 0.4581     | 1.1782       | 1.1605       | 0.9844     | 0.6589       | 0.7652   |           
190    | 2.7947     | 0.4280     | 1.1684       | 1.1983       | 0.9708     | 0.6318       | 0.7761   |           
200    | 2.8123     | 0.4441     | 1.1958       | 1.1724       | 0.9781     | 0.6562       | 0.8578   |           
210    | 2.8307     | 0.4896     | 1.1817       | 1.1595       | 0.9760     | 0.6292       | 0.7419   |           
220    | 2.8285     | 0.4732     | 1.1877       | 1.1675       | 0.9646     | 0.6691       | 0.8059   |           
230    | 2.8363     | 0.4395     | 1.2187       | 1.1780       | 0.9802     | 0.6082       | 0.8246   |           
240    | 2.8028     | 0.4309     | 1.1831       | 1.1888       | 0.9823     | 0.6031       | 0.8151   |           
250    | 2.7890     | 0.4198     | 1.1805       | 1.1887       | 0.9833     | 0.5330       | 0.8345   | (ADV 0.72)
260    | 2.8258     | 0.4286     | 1.2018       | 1.1954       | 0.9729     | 0.5662       | 0.7488   |           
270    | 2.7854     | 0.4083     | 1.1708       | 1.2063       | 0.9719     | 0.4934       | 0.7686   |           
280    | 2.8028     | 0.4097     | 1.1993       | 1.1938       | 0.9802     | 0.5669       | 0.7998   |           
290    | 2.7990     | 0.4132     | 1.2028       | 1.1829       | 0.9740     | 0.5075       | 0.7888   |           
300    | 2.8940     | 0.4512     | 1.2465       | 1.1963       | 0.9750     | 0.5847       | 0.7575   |           
310    | 2.8136     | 0.4089     | 1.2138       | 1.1908       | 0.9854     | 0.5291       | 0.8304   |           
320    | 2.7822     | 0.3703     | 1.2118       | 1.2000       | 0.9844     | 0.5196       | 0.6654   |           
330    | 2.8573     | 0.4343     | 1.2297       | 1.1933       | 0.9917     | 0.5126       | 0.7436   |           
340    | 2.7925     | 0.3722     | 1.2319       | 1.1885       | 0.9823     | 0.5283       | 0.8505   |           
350    | 2.8699     | 0.4215     | 1.2377       | 1.2107       | 0.9760     | 0.4787       | 0.8372   |           
360    | 2.7895     | 0.3552     | 1.2471       | 1.1872       | 0.9854     | 0.4877       | 0.8005   |           
370    | 2.8165     | 0.4031     | 1.2131       | 1.2004       | 0.9729     | 0.4504       | 0.7788   |           
380    | 2.8260     | 0.3929     | 1.2284       | 1.2046       | 0.9823     | 0.5195       | 0.7459   |           
390    | 2.8055     | 0.3647     | 1.2416       | 1.1992       | 0.9833     | 0.4599       | 0.7461   |           
400    | 2.7536     | 0.3249     | 1.2496       | 1.1791       | 0.9854     | 0.4507       | 0.7940   | (ADV 0.76)
410    | 2.8081     | 0.3708     | 1.2493       | 1.1880       | 0.9750     | 0.4230       | 0.7867   |           
420    | 2.8772     | 0.3907     | 1.2606       | 1.2258       | 0.9812     | 0.4876       | 0.8619   |           
430    | 2.8598     | 0.3901     | 1.2605       | 1.2093       | 0.9750     | 0.4498       | 0.8422   |           
440    | 2.7961     | 0.3710     | 1.2411       | 1.1840       | 0.9760     | 0.4555       | 0.7765   |           
450    | 2.8499     | 0.3793     | 1.2686       | 1.2020       | 0.9823     | 0.5109       | 0.8651   |           
460    | 2.8750     | 0.3704     | 1.2619       | 1.2427       | 0.9792     | 0.4980       | 0.8167   |           
470    | 2.8118     | 0.3417     | 1.2555       | 1.2146       | 0.9812     | 0.4550       | 0.7863   |           
480    | 2.8560     | 0.3670     | 1.2663       | 1.2228       | 0.9771     | 0.4789       | 0.7552   |           
490    | 2.8220     | 0.3445     | 1.2730       | 1.2044       | 0.9802     | 0.4421       | 0.7921   |           
500    | 2.8563     | 0.3526     | 1.2787       | 1.2249       | 0.9802     | 0.4468       | 0.7998   |           
Seed 42 | Src Acc: 97.7551 | Src MDE: 0.0354 | Tgt Acc: 35.8163 | Tgt MDE: 0.8011
>> Training PCN (Stage 2) on Source Domain...
>> Source PCN Training Finished. Huber Loss: 0.0041
>> Training PCN (Stage 2) on Target Domain...
>> Target PCN Training Finished. Huber Loss: 0.0039

Start GeoSPA-Net Training Seed 67...
Epoch  | Total Loss | Tr Cls     | Tr Dom RSSI  | Tr Dom RTT   | Val T Acc  | Val T Entropy | Test MDE
------------------------------------------------------------------------------------------------------------------------
10     | 4.2712     | 1.9749     | 1.1579       | 1.1383       | 0.8865     | 3.1928       | 0.9724   |           
20     | 3.2913     | 1.2624     | 1.0329       | 0.9961       | 0.9531     | 2.3210       | 0.7975   | (ADV -0.21)
30     | 3.0025     | 0.9600     | 0.9792       | 1.0634       | 0.9667     | 1.8272       | 0.8251   | (ADV 0.05)
40     | 2.7771     | 0.7458     | 0.9912       | 1.0401       | 0.9729     | 1.4971       | 0.8451   | (ADV 0.22)
50     | 2.7152     | 0.6630     | 1.0218       | 1.0305       | 0.9740     | 1.3482       | 0.7786   |           
60     | 2.6937     | 0.5767     | 1.0236       | 1.0934       | 0.9740     | 1.1670       | 0.9214   | (ADV 0.39)
70     | 2.6972     | 0.5866     | 1.0366       | 1.0740       | 0.9688     | 1.0976       | 0.8330   |           
80     | 2.6562     | 0.5523     | 1.0418       | 1.0621       | 0.9698     | 1.0202       | 0.9015   |           
90     | 2.7228     | 0.5543     | 1.0802       | 1.0884       | 0.9708     | 0.9393       | 0.8546   |           
100    | 2.7839     | 0.5445     | 1.0859       | 1.1535       | 0.9677     | 0.9270       | 0.8985   |           
110    | 2.8021     | 0.5008     | 1.1547       | 1.1467       | 0.9594     | 0.8549       | 0.7686   |           
120    | 2.8070     | 0.5279     | 1.1197       | 1.1594       | 0.9750     | 0.8926       | 0.8280   |           
130    | 2.8271     | 0.5227     | 1.1456       | 1.1588       | 0.9760     | 0.8135       | 0.9386   |           
140    | 2.7992     | 0.4931     | 1.1428       | 1.1632       | 0.9594     | 0.8169       | 0.8011   |           
150    | 2.8263     | 0.4768     | 1.1554       | 1.1940       | 0.9708     | 0.7947       | 1.0282   |           
160    | 2.8870     | 0.4923     | 1.1879       | 1.2068       | 0.9635     | 0.7064       | 0.7041   |           
170    | 2.8394     | 0.4669     | 1.1962       | 1.1762       | 0.9729     | 0.6936       | 0.7167   |           
180    | 2.8896     | 0.5085     | 1.2027       | 1.1784       | 0.9740     | 0.6777       | 0.7941   |           
190    | 2.8672     | 0.4922     | 1.1798       | 1.1952       | 0.9531     | 0.6432       | 0.8347   |           
200    | 2.8157     | 0.4528     | 1.1870       | 1.1759       | 0.9333     | 0.6966       | 0.8453   |           
210    | 2.7535     | 0.4121     | 1.1780       | 1.1635       | 0.9698     | 0.6326       | 0.8566   | (ADV 0.65)
220    | 2.8278     | 0.4338     | 1.2130       | 1.1811       | 0.9719     | 0.6345       | 0.8141   |           
230    | 2.8223     | 0.4561     | 1.1779       | 1.1883       | 0.9656     | 0.6926       | 0.8878   |           
240    | 2.8769     | 0.4712     | 1.2079       | 1.1978       | 0.9750     | 0.6177       | 0.8078   |           
250    | 2.8197     | 0.4228     | 1.1817       | 1.2153       | 0.9688     | 0.6907       | 0.8911   |           
260    | 2.7608     | 0.4111     | 1.1800       | 1.1697       | 0.9698     | 0.5914       | 0.7452   |           
270    | 2.8404     | 0.4209     | 1.2117       | 1.2078       | 0.9719     | 0.5961       | 0.7939   |           
280    | 2.8737     | 0.4502     | 1.2288       | 1.1946       | 0.9625     | 0.5778       | 0.7593   |           
290    | 2.8083     | 0.4065     | 1.2235       | 1.1782       | 0.9521     | 0.6196       | 0.8180   |           
300    | 2.8212     | 0.3940     | 1.2410       | 1.1862       | 0.9750     | 0.5203       | 0.8043   |           
310    | 2.8833     | 0.4418     | 1.2381       | 1.2034       | 0.9688     | 0.5476       | 0.8460   |           
320    | 2.8394     | 0.3878     | 1.2470       | 1.2046       | 0.9552     | 0.5104       | 0.8226   |           
330    | 2.8970     | 0.4381     | 1.2418       | 1.2171       | 0.9625     | 0.5816       | 0.9006   |           
340    | 2.8067     | 0.3608     | 1.2356       | 1.2103       | 0.9750     | 0.5326       | 0.7118   |           
350    | 2.8365     | 0.3986     | 1.2351       | 1.2028       | 0.9625     | 0.4786       | 0.8141   |           
360    | 2.8851     | 0.4068     | 1.2655       | 1.2128       | 0.9625     | 0.5505       | 0.8733   |           
370    | 2.8384     | 0.3975     | 1.2387       | 1.2021       | 0.9771     | 0.5175       | 0.8662   |           
380    | 2.8724     | 0.3746     | 1.2559       | 1.2418       | 0.9729     | 0.5078       | 0.8363   |           
390    | 2.8430     | 0.3778     | 1.2377       | 1.2275       | 0.9740     | 0.5087       | 0.8850   |           
400    | 2.8607     | 0.3795     | 1.2512       | 1.2300       | 0.9490     | 0.5493       | 0.8495   |           
410    | 2.8672     | 0.3572     | 1.2579       | 1.2521       | 0.9677     | 0.4973       | 0.8301   |           
420    | 2.9021     | 0.3923     | 1.2780       | 1.2318       | 0.9594     | 0.5050       | 1.0211   |           
430    | 2.8385     | 0.3522     | 1.2763       | 1.2100       | 0.9646     | 0.4994       | 0.9326   |           
440    | 2.8678     | 0.3737     | 1.2610       | 1.2330       | 0.9781     | 0.4714       | 0.8383   |           
450    | 2.8437     | 0.3377     | 1.2737       | 1.2324       | 0.9750     | 0.4847       | 0.8597   |           
460    | 2.8593     | 0.3420     | 1.2808       | 1.2364       | 0.9667     | 0.5065       | 0.8430   |           
470    | 2.8659     | 0.3683     | 1.2725       | 1.2252       | 0.9563     | 0.4756       | 0.9285   |           
480    | 2.8768     | 0.3527     | 1.2702       | 1.2538       | 0.9708     | 0.5085       | 0.8887   |           
490    | 2.8610     | 0.3554     | 1.2692       | 1.2364       | 0.9708     | 0.4717       | 0.8766   |           
500    | 2.8317     | 0.3426     | 1.2668       | 1.2224       | 0.9719     | 0.4429       | 0.8352   |           
Seed 67 | Src Acc: 98.2653 | Src MDE: 0.0239 | Tgt Acc: 31.3265 | Tgt MDE: 0.8661
>> Training PCN (Stage 2) on Source Domain...
>> Source PCN Training Finished. Huber Loss: 0.0038
>> Training PCN (Stage 2) on Target Domain...
>> Target PCN Training Finished. Huber Loss: 0.0037

Start GeoSPA-Net Training Seed 1024...
Epoch  | Total Loss | Tr Cls     | Tr Dom RSSI  | Tr Dom RTT   | Val T Acc  | Val T Entropy | Test MDE
------------------------------------------------------------------------------------------------------------------------
10     | 4.4714     | 2.0684     | 1.1941       | 1.2088       | 0.8896     | 3.2253       | 0.9366   |           
20     | 3.4137     | 1.2452     | 1.0213       | 1.1472       | 0.9531     | 2.4545       | 0.8412   | (ADV -0.27)
30     | 3.0307     | 0.9769     | 0.9674       | 1.0865       | 0.9542     | 2.0789       | 0.7792   |           
40     | 2.9146     | 0.8015     | 1.0083       | 1.1049       | 0.9729     | 1.6380       | 0.7646   | (ADV 0.15)
50     | 2.8154     | 0.6927     | 1.0042       | 1.1185       | 0.9750     | 1.3808       | 0.7276   |           
60     | 2.7674     | 0.6479     | 1.0030       | 1.1164       | 0.9719     | 1.2128       | 0.7603   | (ADV 0.37)
70     | 2.6964     | 0.5941     | 1.0004       | 1.1019       | 0.9802     | 1.1006       | 0.8132   | (ADV 0.43)
80     | 2.7936     | 0.5954     | 1.0645       | 1.1338       | 0.9583     | 0.9770       | 0.8122   | (ADV 0.47)
90     | 2.7626     | 0.5584     | 1.0629       | 1.1413       | 0.9750     | 0.9773       | 0.8395   | (ADV 0.49)
100    | 2.7374     | 0.5413     | 1.0693       | 1.1269       | 0.9667     | 0.9826       | 0.8390   |           
110    | 2.7420     | 0.5423     | 1.0504       | 1.1493       | 0.9708     | 0.9513       | 0.7537   |           
120    | 2.7570     | 0.5323     | 1.0878       | 1.1369       | 0.9760     | 0.8587       | 0.7091   |           
130    | 2.7060     | 0.4827     | 1.0641       | 1.1592       | 0.9729     | 0.8191       | 0.8199   |           
140    | 2.7312     | 0.4852     | 1.0889       | 1.1571       | 0.9750     | 0.8105       | 0.7724   |           
150    | 2.7735     | 0.4802     | 1.1284       | 1.1649       | 0.9646     | 0.8129       | 0.7559   |           
160    | 2.8658     | 0.5215     | 1.1666       | 1.1776       | 0.9667     | 0.7871       | 0.7030   |           
170    | 2.8187     | 0.4884     | 1.1384       | 1.1919       | 0.9812     | 0.7623       | 0.7867   |           
180    | 2.7799     | 0.4760     | 1.1341       | 1.1697       | 0.9771     | 0.6930       | 0.8480   |           
190    | 2.8508     | 0.5041     | 1.1375       | 1.2091       | 0.9677     | 0.7033       | 0.7904   |           
200    | 2.8340     | 0.4709     | 1.1477       | 1.2154       | 0.9792     | 0.6673       | 0.7816   |           
210    | 2.8516     | 0.4726     | 1.1755       | 1.2036       | 0.9688     | 0.7055       | 0.7283   |           
220    | 2.8155     | 0.4327     | 1.1861       | 1.1967       | 0.9719     | 0.6393       | 0.8806   |           
230    | 2.8279     | 0.4632     | 1.1609       | 1.2038       | 0.9781     | 0.6672       | 0.8129   |           
240    | 2.7312     | 0.4073     | 1.1536       | 1.1703       | 0.9708     | 0.6052       | 0.7135   |           
250    | 2.8424     | 0.4546     | 1.1896       | 1.1982       | 0.9771     | 0.6436       | 0.8249   |           
260    | 2.8147     | 0.4507     | 1.1688       | 1.1951       | 0.9719     | 0.6203       | 0.7180   |           
270    | 2.8504     | 0.4499     | 1.1979       | 1.2026       | 0.9719     | 0.5732       | 0.6821   |           
280    | 2.8929     | 0.4423     | 1.2315       | 1.2191       | 0.9708     | 0.6037       | 0.8543   |           
290    | 2.8423     | 0.4384     | 1.2059       | 1.1980       | 0.9583     | 0.5883       | 0.6989   |           
300    | 2.9300     | 0.4680     | 1.2489       | 1.2131       | 0.9740     | 0.5235       | 0.8199   | (ADV 0.71)
310    | 2.8678     | 0.4548     | 1.2109       | 1.2021       | 0.9729     | 0.6194       | 0.6844   |           
320    | 2.8554     | 0.4201     | 1.2197       | 1.2156       | 0.9708     | 0.5230       | 0.8246   |           
330    | 2.7962     | 0.3954     | 1.2187       | 1.1821       | 0.9729     | 0.5383       | 0.7563   |           
340    | 2.7617     | 0.3707     | 1.2100       | 1.1810       | 0.9698     | 0.4853       | 0.7671   | (ADV 0.73)
350    | 2.8116     | 0.3941     | 1.2346       | 1.1829       | 0.9792     | 0.5431       | 0.7077   |           
360    | 2.8517     | 0.4119     | 1.2275       | 1.2122       | 0.9802     | 0.5023       | 0.6870   |           
370    | 2.8339     | 0.3791     | 1.2336       | 1.2212       | 0.9802     | 0.5105       | 0.7183   |           
380    | 2.8425     | 0.3864     | 1.2489       | 1.2071       | 0.9781     | 0.5030       | 0.7667   |           
390    | 2.8583     | 0.4077     | 1.2488       | 1.2018       | 0.9750     | 0.5090       | 0.7417   |           
400    | 2.8847     | 0.3808     | 1.2630       | 1.2408       | 0.9688     | 0.4658       | 0.7649   |           
410    | 2.8846     | 0.3912     | 1.2720       | 1.2214       | 0.9740     | 0.5529       | 0.7550   |           
420    | 2.8578     | 0.3811     | 1.2563       | 1.2204       | 0.9719     | 0.4453       | 0.8008   |           
430    | 2.8671     | 0.3663     | 1.2734       | 1.2275       | 0.9771     | 0.4617       | 0.7641   |           
440    | 2.8862     | 0.3950     | 1.2539       | 1.2374       | 0.9729     | 0.4823       | 0.7982   |           
450    | 2.8882     | 0.3787     | 1.2730       | 1.2365       | 0.9698     | 0.4656       | 0.8114   |           
460    | 2.8530     | 0.3573     | 1.2727       | 1.2230       | 0.9760     | 0.4733       | 0.8309   |           
470    | 2.8774     | 0.3852     | 1.2592       | 1.2329       | 0.9708     | 0.5394       | 0.7811   |           
480    | 2.9107     | 0.3878     | 1.2882       | 1.2347       | 0.9771     | 0.4568       | 0.8872   |           
490    | 2.8761     | 0.3854     | 1.2549       | 1.2359       | 0.9542     | 0.5031       | 0.8775   |           
500    | 2.8313     | 0.3415     | 1.2700       | 1.2198       | 0.9865     | 0.4647       | 0.7110   |           
Seed 1024 | Src Acc: 97.2449 | Src MDE: 0.0362 | Tgt Acc: 32.1429 | Tgt MDE: 0.7727
Finished Combo GeoSPA_2_4. Results saved.
