==========================================
Current Architecture: GeoSPA-Net (Fixed)
mcAPs (Real Anchors): [1, 2] (Indices: [0, 1])
Legacy APs (Virtual): [3, 4] (Indices: [2, 3])
==========================================
>> Training PCN (Stage 2) on Source Domain...
>> Source PCN Training Finished. Huber Loss: 0.0042
>> Training PCN (Stage 2) on Target Domain...
>> Target PCN Training Finished. Huber Loss: 0.0035

Start GeoSPA-Net Training Seed 42...
Epoch  | Total Loss | Tr Cls     | Tr Dom RSSI  | Tr Dom RTT   | Val T Acc  | Val T Entropy | Test MDE
------------------------------------------------------------------------------------------------------------------------
10     | 4.4235     | 2.0515     | 1.1150       | 1.2569       | 0.9333     | 3.2598       | 0.8679   |           
20     | 3.2525     | 1.1813     | 0.9296       | 1.1417       | 0.9604     | 2.5084       | 0.7024   |           
30     | 3.0113     | 0.8945     | 1.0011       | 1.1158       | 0.9781     | 2.0264       | 0.7705   |           
40     | 2.8262     | 0.7555     | 0.9894       | 1.0812       | 0.9865     | 1.6014       | 0.7560   | (ADV 0.19)
50     | 2.6905     | 0.6371     | 0.9632       | 1.0901       | 0.9750     | 1.4107       | 0.6570   |           
60     | 2.6342     | 0.6017     | 0.9440       | 1.0885       | 0.9781     | 1.3489       | 0.8508   |           
70     | 2.5735     | 0.5428     | 0.9694       | 1.0614       | 0.9792     | 1.2081       | 0.8054   |           
80     | 2.5815     | 0.5574     | 0.9766       | 1.0474       | 0.9708     | 1.0791       | 0.9397   |           
90     | 2.6557     | 0.5332     | 1.0241       | 1.0985       | 0.9812     | 1.0447       | 0.8119   |           
100    | 2.6754     | 0.5271     | 1.0033       | 1.1450       | 0.9760     | 0.9518       | 0.7288   | (ADV 0.50)
110    | 2.6307     | 0.4886     | 1.0189       | 1.1232       | 0.9833     | 0.8793       | 0.8785   | (ADV 0.54)
120    | 2.6832     | 0.4800     | 1.0763       | 1.1269       | 0.9792     | 0.8820       | 0.6214   |           
130    | 2.8143     | 0.5360     | 1.1266       | 1.1517       | 0.9792     | 0.8413       | 0.7228   |           
140    | 2.7794     | 0.5101     | 1.1149       | 1.1544       | 0.9833     | 0.8506       | 0.8748   |           
150    | 2.8502     | 0.5426     | 1.1322       | 1.1754       | 0.9708     | 0.8424       | 0.8223   |           
160    | 2.7395     | 0.4653     | 1.1228       | 1.1514       | 0.9792     | 0.7939       | 0.7132   |           
170    | 2.8554     | 0.5110     | 1.1705       | 1.1739       | 0.9771     | 0.7849       | 0.6248   |           
180    | 2.8031     | 0.4913     | 1.1327       | 1.1791       | 0.9760     | 0.7707       | 0.6106   |           
190    | 2.7749     | 0.4435     | 1.1522       | 1.1792       | 0.9729     | 0.7272       | 0.6395   |           
200    | 2.8485     | 0.4921     | 1.1840       | 1.1725       | 0.9760     | 0.7902       | 0.5911   |           
210    | 2.8831     | 0.5059     | 1.1713       | 1.2059       | 0.9792     | 0.7514       | 0.6664   |           
220    | 2.8798     | 0.4769     | 1.1837       | 1.2193       | 0.9844     | 0.6987       | 0.6979   |           
230    | 2.8829     | 0.5008     | 1.1508       | 1.2313       | 0.9729     | 0.7027       | 0.7032   |           
240    | 2.8393     | 0.4299     | 1.1955       | 1.2138       | 0.9750     | 0.6337       | 0.5997   |           
250    | 2.8289     | 0.4475     | 1.1841       | 1.1973       | 0.9844     | 0.6171       | 0.5608   |           
260    | 2.8990     | 0.4488     | 1.2233       | 1.2269       | 0.9729     | 0.6268       | 0.7705   |           
270    | 2.8710     | 0.4454     | 1.1963       | 1.2292       | 0.9729     | 0.6146       | 0.7015   |           
280    | 2.8837     | 0.4780     | 1.1842       | 1.2215       | 0.9802     | 0.6408       | 0.5963   |           
290    | 2.8389     | 0.4190     | 1.1848       | 1.2352       | 0.9729     | 0.6110       | 0.8291   |           
300    | 2.8528     | 0.3926     | 1.2020       | 1.2582       | 0.9760     | 0.6695       | 0.6816   |           
310    | 2.9071     | 0.4417     | 1.2142       | 1.2511       | 0.9792     | 0.6204       | 0.6514   |           
320    | 2.8501     | 0.4180     | 1.2056       | 1.2265       | 0.9740     | 0.6373       | 0.5742   |           
330    | 2.8979     | 0.4527     | 1.1960       | 1.2491       | 0.9823     | 0.6320       | 0.6491   |           
340    | 2.8657     | 0.4140     | 1.2215       | 1.2302       | 0.9542     | 0.6077       | 0.5922   |           
350    | 2.9801     | 0.4812     | 1.2331       | 1.2657       | 0.9771     | 0.6438       | 0.5895   |           
360    | 2.8747     | 0.4180     | 1.2267       | 1.2301       | 0.9823     | 0.5386       | 0.6337   |           
370    | 2.9355     | 0.4807     | 1.2292       | 1.2255       | 0.9760     | 0.5210       | 0.4701   |           
380    | 2.8776     | 0.4205     | 1.2068       | 1.2503       | 0.9781     | 0.5725       | 0.5354   |           
390    | 2.8238     | 0.3814     | 1.2129       | 1.2296       | 0.9844     | 0.5395       | 0.5776   |           
400    | 2.8099     | 0.3691     | 1.2226       | 1.2182       | 0.9802     | 0.5326       | 0.6508   |           
410    | 2.8368     | 0.3577     | 1.2180       | 1.2611       | 0.9646     | 0.5271       | 0.6921   |           
420    | 2.8775     | 0.4028     | 1.2396       | 1.2351       | 0.9844     | 0.6098       | 0.6495   |           
430    | 2.8715     | 0.3575     | 1.2536       | 1.2604       | 0.9792     | 0.5499       | 0.6321   |           
440    | 2.8468     | 0.3641     | 1.2353       | 1.2474       | 0.9812     | 0.5052       | 0.5393   |           
450    | 2.8917     | 0.4081     | 1.2154       | 1.2682       | 0.9615     | 0.5422       | 0.6106   |           
460    | 2.9276     | 0.4073     | 1.2526       | 1.2677       | 0.9760     | 0.5690       | 0.6584   |           
470    | 2.8973     | 0.3982     | 1.2308       | 1.2683       | 0.9792     | 0.5338       | 0.7030   |           
480    | 2.8660     | 0.3641     | 1.2488       | 1.2531       | 0.9854     | 0.5121       | 0.8359   |           
490    | 2.8497     | 0.3689     | 1.2319       | 1.2488       | 0.9771     | 0.4774       | 0.6279   |           
500    | 2.8325     | 0.3477     | 1.2345       | 1.2503       | 0.9719     | 0.4474       | 0.5822   |           
Seed 42 | Src Acc: 97.0408 | Src MDE: 0.0485 | Tgt Acc: 45.5102 | Tgt MDE: 0.5597
>> Training PCN (Stage 2) on Source Domain...
>> Source PCN Training Finished. Huber Loss: 0.0047
>> Training PCN (Stage 2) on Target Domain...
>> Target PCN Training Finished. Huber Loss: 0.0038

Start GeoSPA-Net Training Seed 67...
Epoch  | Total Loss | Tr Cls     | Tr Dom RSSI  | Tr Dom RTT   | Val T Acc  | Val T Entropy | Test MDE
------------------------------------------------------------------------------------------------------------------------
10     | 4.3557     | 1.9805     | 1.1551       | 1.2201       | 0.8500     | 3.2657       | 0.8991   |           
20     | 3.3963     | 1.2465     | 1.0246       | 1.1253       | 0.9521     | 2.4349       | 0.6088   | (ADV -0.27)
30     | 3.0399     | 0.9087     | 1.0222       | 1.1090       | 0.9698     | 1.9605       | 0.6618   |           
40     | 2.8712     | 0.7328     | 1.0013       | 1.1371       | 0.9667     | 1.5483       | 0.6210   | (ADV 0.19)
50     | 2.7553     | 0.6763     | 0.9895       | 1.0895       | 0.9667     | 1.4398       | 0.7903   |           
60     | 2.6764     | 0.5702     | 0.9854       | 1.1208       | 0.9667     | 1.2373       | 0.8109   | (ADV 0.35)
70     | 2.6517     | 0.5671     | 0.9839       | 1.1007       | 0.9604     | 1.1230       | 0.7149   |           
80     | 2.6664     | 0.5543     | 1.0392       | 1.0729       | 0.9729     | 1.0167       | 0.6155   | (ADV 0.46)
90     | 2.7216     | 0.5291     | 1.0409       | 1.1515       | 0.9698     | 0.9529       | 0.6399   | (ADV 0.49)
100    | 2.6453     | 0.5119     | 1.0267       | 1.1067       | 0.9771     | 0.9850       | 0.6716   |           
110    | 2.7402     | 0.5095     | 1.0642       | 1.1665       | 0.9729     | 0.9273       | 0.6781   | (ADV 0.51)
120    | 2.8113     | 0.5501     | 1.0816       | 1.1795       | 0.9583     | 0.8280       | 0.7061   |           
130    | 2.7724     | 0.5139     | 1.1113       | 1.1472       | 0.9646     | 0.8327       | 0.6968   |           
140    | 2.8068     | 0.5214     | 1.1215       | 1.1638       | 0.9573     | 0.7789       | 0.6090   |           
150    | 2.8216     | 0.5254     | 1.1195       | 1.1767       | 0.9646     | 0.8045       | 0.7487   |           
160    | 2.8192     | 0.5308     | 1.1218       | 1.1666       | 0.9625     | 0.7815       | 0.6434   |           
170    | 2.7881     | 0.4850     | 1.1424       | 1.1608       | 0.9635     | 0.7802       | 0.7159   |           
180    | 2.8185     | 0.5164     | 1.1291       | 1.1729       | 0.9677     | 0.7563       | 0.7357   |           
190    | 2.8434     | 0.5160     | 1.1512       | 1.1762       | 0.9646     | 0.7619       | 0.7202   |           
200    | 2.8862     | 0.5367     | 1.1399       | 1.2096       | 0.9385     | 0.7851       | 0.8486   |           
210    | 2.8306     | 0.4859     | 1.1651       | 1.1796       | 0.9667     | 0.6592       | 0.7036   |           
220    | 2.8371     | 0.4897     | 1.1491       | 1.1983       | 0.9604     | 0.7114       | 0.7646   |           
230    | 2.8968     | 0.5286     | 1.1633       | 1.2050       | 0.9635     | 0.7442       | 0.7423   |           
240    | 2.9959     | 0.5595     | 1.2288       | 1.2076       | 0.9625     | 0.7064       | 0.6992   |           
250    | 2.7937     | 0.4451     | 1.1479       | 1.2007       | 0.9688     | 0.6743       | 0.6346   |           
260    | 2.8391     | 0.4634     | 1.1642       | 1.2115       | 0.9719     | 0.7244       | 0.7660   |           
270    | 2.8537     | 0.4745     | 1.1652       | 1.2139       | 0.9740     | 0.6750       | 1.0352   |           
280    | 2.8401     | 0.4479     | 1.1677       | 1.2245       | 0.9604     | 0.6898       | 0.7683   |           
290    | 2.8547     | 0.4710     | 1.1727       | 1.2110       | 0.9625     | 0.7553       | 0.7844   |           
300    | 2.8567     | 0.4595     | 1.1757       | 1.2215       | 0.9688     | 0.6667       | 0.7267   |           
310    | 2.8096     | 0.4292     | 1.1699       | 1.2105       | 0.9646     | 0.6526       | 0.7848   |           
320    | 2.8399     | 0.4330     | 1.1811       | 1.2258       | 0.9688     | 0.6340       | 0.7436   |           
330    | 2.8925     | 0.4928     | 1.1846       | 1.2151       | 0.9667     | 0.6195       | 0.7850   |           
340    | 2.7577     | 0.3887     | 1.1684       | 1.2006       | 0.9688     | 0.6301       | 0.7519   |           
350    | 2.8642     | 0.4647     | 1.1965       | 1.2029       | 0.9708     | 0.5821       | 0.7241   | (ADV 0.68)
360    | 2.9001     | 0.4749     | 1.2124       | 1.2128       | 0.9677     | 0.6377       | 0.8445   |           
370    | 2.8721     | 0.4599     | 1.2030       | 1.2091       | 0.9667     | 0.6561       | 0.9263   |           
380    | 2.9203     | 0.4614     | 1.2155       | 1.2435       | 0.9563     | 0.5714       | 0.8552   |           
390    | 2.8739     | 0.4304     | 1.2016       | 1.2419       | 0.9594     | 0.6303       | 0.8900   |           
400    | 2.8727     | 0.4187     | 1.2088       | 1.2452       | 0.9479     | 0.6137       | 0.6842   |           
410    | 2.8218     | 0.3786     | 1.2032       | 1.2400       | 0.9604     | 0.5559       | 0.7805   |           
420    | 2.8506     | 0.4190     | 1.1920       | 1.2396       | 0.9542     | 0.5478       | 0.7317   |           
430    | 2.8161     | 0.3920     | 1.1914       | 1.2328       | 0.9635     | 0.5370       | 0.8380   |           
440    | 2.8754     | 0.4231     | 1.2034       | 1.2489       | 0.9615     | 0.6058       | 0.9911   |           
450    | 2.8207     | 0.3595     | 1.2207       | 1.2404       | 0.9615     | 0.5184       | 0.7558   |           
460    | 2.7956     | 0.3255     | 1.2267       | 1.2434       | 0.9510     | 0.4758       | 0.9832   |           
470    | 2.8987     | 0.4285     | 1.2349       | 1.2353       | 0.9552     | 0.5453       | 0.7337   |           
480    | 2.8244     | 0.3571     | 1.2209       | 1.2463       | 0.9708     | 0.5273       | 0.8260   |           
490    | 2.8746     | 0.3746     | 1.2544       | 1.2456       | 0.9552     | 0.5693       | 0.8350   |           
500    | 2.9034     | 0.3998     | 1.2466       | 1.2570       | 0.9646     | 0.5128       | 0.8787   |           
Seed 67 | Src Acc: 98.1633 | Src MDE: 0.0269 | Tgt Acc: 38.6735 | Tgt MDE: 0.8746
>> Training PCN (Stage 2) on Source Domain...
>> Source PCN Training Finished. Huber Loss: 0.0042
>> Training PCN (Stage 2) on Target Domain...
>> Target PCN Training Finished. Huber Loss: 0.0036

Start GeoSPA-Net Training Seed 1024...
Epoch  | Total Loss | Tr Cls     | Tr Dom RSSI  | Tr Dom RTT   | Val T Acc  | Val T Entropy | Test MDE
------------------------------------------------------------------------------------------------------------------------
10     | 4.4867     | 2.0281     | 1.2197       | 1.2389       | 0.9094     | 3.2517       | 1.0299   |           
20     | 3.4421     | 1.2258     | 1.0515       | 1.1647       | 0.9625     | 2.4882       | 0.8895   | (ADV -0.28)
30     | 3.0024     | 0.9111     | 1.0065       | 1.0849       | 0.9656     | 2.0371       | 0.9226   |           
40     | 2.8597     | 0.7666     | 0.9989       | 1.0942       | 0.9760     | 1.5881       | 0.6397   | (ADV 0.18)
50     | 2.6920     | 0.6328     | 0.9910       | 1.0682       | 0.9750     | 1.4135       | 0.6881   |           
60     | 2.6580     | 0.6143     | 0.9696       | 1.0741       | 0.9740     | 1.2685       | 0.6539   | (ADV 0.34)
70     | 2.5887     | 0.5491     | 0.9791       | 1.0605       | 0.9635     | 1.1848       | 0.7506   |           
80     | 2.6715     | 0.5633     | 1.0334       | 1.0748       | 0.9719     | 1.0574       | 0.6904   |           
90     | 2.7484     | 0.5799     | 1.0327       | 1.1357       | 0.9646     | 1.0647       | 0.7243   |           
100    | 2.6702     | 0.5241     | 1.0445       | 1.1016       | 0.9750     | 0.9844       | 0.6518   |           
110    | 2.7879     | 0.5545     | 1.0767       | 1.1568       | 0.9656     | 0.9828       | 0.6465   |           
120    | 2.7765     | 0.5598     | 1.0712       | 1.1455       | 0.9771     | 0.9546       | 0.6859   |           
130    | 2.7190     | 0.5038     | 1.0737       | 1.1415       | 0.9708     | 0.8536       | 0.7532   |           
140    | 2.7121     | 0.4844     | 1.0686       | 1.1592       | 0.9740     | 0.8055       | 0.8127   |           
150    | 2.7806     | 0.4879     | 1.1295       | 1.1631       | 0.9750     | 0.8217       | 0.8322   |           
160    | 2.7691     | 0.5255     | 1.1035       | 1.1401       | 0.9708     | 0.7856       | 0.9139   |           
170    | 2.7738     | 0.4935     | 1.1094       | 1.1709       | 0.9740     | 0.7405       | 0.8880   |           
180    | 2.7809     | 0.4858     | 1.1122       | 1.1829       | 0.9833     | 0.7198       | 0.8203   | (ADV 0.62)
190    | 2.8717     | 0.5288     | 1.1363       | 1.2066       | 0.9792     | 0.7040       | 0.8556   |           
200    | 2.8556     | 0.4872     | 1.1535       | 1.2149       | 0.9625     | 0.7338       | 0.7400   |           
210    | 2.8114     | 0.4629     | 1.1621       | 1.1865       | 0.9781     | 0.7213       | 0.6842   |           
220    | 2.7698     | 0.4385     | 1.1681       | 1.1632       | 0.9719     | 0.7091       | 0.8907   |           
230    | 2.8299     | 0.4844     | 1.1639       | 1.1816       | 0.9781     | 0.7485       | 0.9063   |           
240    | 2.8482     | 0.4390     | 1.1808       | 1.2284       | 0.9688     | 0.7405       | 0.7879   |           
250    | 2.7849     | 0.4472     | 1.1365       | 1.2012       | 0.9615     | 0.6819       | 0.9897   |           
260    | 2.8104     | 0.4555     | 1.1550       | 1.1999       | 0.9760     | 0.6835       | 0.7719   |           
270    | 2.8725     | 0.4536     | 1.1897       | 1.2293       | 0.9708     | 0.7165       | 0.8939   |           
280    | 2.8551     | 0.4546     | 1.1889       | 1.2116       | 0.9740     | 0.6801       | 0.7420   |           
290    | 2.8820     | 0.4911     | 1.1683       | 1.2226       | 0.9656     | 0.6862       | 0.8170   |           
300    | 2.9147     | 0.4760     | 1.2281       | 1.2107       | 0.9812     | 0.6277       | 0.9191   |           
310    | 2.8851     | 0.4429     | 1.2132       | 1.2289       | 0.9635     | 0.5766       | 0.7994   |           
320    | 2.8812     | 0.4167     | 1.2191       | 1.2454       | 0.9792     | 0.6017       | 0.9176   |           
330    | 2.8367     | 0.3935     | 1.2234       | 1.2198       | 0.9667     | 0.6551       | 0.8891   |           
340    | 2.8062     | 0.3657     | 1.2163       | 1.2242       | 0.9344     | 0.6729       | 1.0351   |           
350    | 2.8018     | 0.3664     | 1.2086       | 1.2269       | 0.9802     | 0.6213       | 0.8539   |           
360    | 2.9194     | 0.4549     | 1.2215       | 1.2430       | 0.9667     | 0.6578       | 0.8203   |           
370    | 2.8707     | 0.4162     | 1.2131       | 1.2415       | 0.9792     | 0.6078       | 0.7915   |           
380    | 2.8602     | 0.3945     | 1.2380       | 1.2277       | 0.9646     | 0.5496       | 0.7978   |           
390    | 2.8628     | 0.3971     | 1.2290       | 1.2367       | 0.9698     | 0.5816       | 0.8494   |           
400    | 2.8543     | 0.3834     | 1.2453       | 1.2256       | 0.9656     | 0.5286       | 0.8623   |           
410    | 2.8764     | 0.4184     | 1.2242       | 1.2338       | 0.9688     | 0.5574       | 0.7947   |           
420    | 2.8780     | 0.3848     | 1.2297       | 1.2634       | 0.9615     | 0.6014       | 0.8464   |           
430    | 2.9058     | 0.3886     | 1.2707       | 1.2465       | 0.9781     | 0.5840       | 0.9153   |           
440    | 2.8547     | 0.3595     | 1.2513       | 1.2439       | 0.9750     | 0.5320       | 0.7635   |           
450    | 2.8214     | 0.3485     | 1.2367       | 1.2362       | 0.9740     | 0.5322       | 0.8732   |           
460    | 2.8694     | 0.3920     | 1.2565       | 1.2209       | 0.9844     | 0.5809       | 0.5937   |           
470    | 2.8462     | 0.3571     | 1.2260       | 1.2631       | 0.9583     | 0.5425       | 1.0110   |           
480    | 2.8886     | 0.3724     | 1.2685       | 1.2477       | 0.9802     | 0.5478       | 0.8243   |           
490    | 2.8830     | 0.3699     | 1.2636       | 1.2495       | 0.9708     | 0.6221       | 0.8407   |           
500    | 2.8184     | 0.3413     | 1.2484       | 1.2287       | 0.9688     | 0.4852       | 0.7959   |           
Seed 1024 | Src Acc: 97.5510 | Src MDE: 0.0382 | Tgt Acc: 40.8163 | Tgt MDE: 0.7722
Finished Combo GeoSPA_1_2. Results saved.
