==========================================
Current Architecture: GeoSPA-Net (Fixed)
mcAPs (Real Anchors): [4] (Indices: [3])
Legacy APs (Virtual): [1, 2, 3] (Indices: [0, 1, 2])
==========================================
>> Training PCN (Stage 2) on Source Domain...
>> Source PCN Training Finished. Huber Loss: 0.0043
>> Training PCN (Stage 2) on Target Domain...
>> Target PCN Training Finished. Huber Loss: 0.0051

Start GeoSPA-Net Training Seed 42...
Epoch  | Total Loss | Tr Cls     | Tr Dom RSSI  | Tr Dom RTT   | Val T Acc  | Val T Entropy | Test MDE
------------------------------------------------------------------------------------------------------------------------
10     | 4.5622     | 2.1545     | 1.1374       | 1.2703       | 0.8708     | 3.0751       | 1.1564   |           
20     | 3.5051     | 1.3412     | 0.9566       | 1.2073       | 0.9354     | 2.3114       | 1.1728   | (ADV -0.22)
30     | 3.2677     | 1.0572     | 0.9801       | 1.2304       | 0.9281     | 1.9180       | 1.2949   |           
40     | 3.0642     | 0.9137     | 0.9928       | 1.1577       | 0.9458     | 1.4660       | 1.1031   | (ADV 0.21)
50     | 2.9746     | 0.7962     | 0.9817       | 1.1967       | 0.9458     | 1.3337       | 1.1202   |           
60     | 2.9666     | 0.7550     | 0.9882       | 1.2234       | 0.9375     | 1.2080       | 1.1215   |           
70     | 2.9532     | 0.7430     | 1.0089       | 1.2012       | 0.9479     | 1.1178       | 1.0674   |           
80     | 2.9321     | 0.7257     | 0.9983       | 1.2081       | 0.9521     | 1.1294       | 1.1707   |           
90     | 2.9060     | 0.6494     | 1.0272       | 1.2294       | 0.9500     | 0.9571       | 1.0684   |           
100    | 2.8897     | 0.6596     | 1.0192       | 1.2109       | 0.9448     | 0.8911       | 1.0393   | (ADV 0.50)
110    | 2.9484     | 0.6402     | 1.0890       | 1.2191       | 0.9490     | 0.8475       | 1.0389   | (ADV 0.53)
120    | 2.9717     | 0.6386     | 1.0992       | 1.2339       | 0.9354     | 0.8883       | 1.1146   |           
130    | 3.0446     | 0.7013     | 1.0940       | 1.2493       | 0.9437     | 0.8482       | 1.1773   |           
140    | 3.0080     | 0.6293     | 1.1152       | 1.2635       | 0.9479     | 0.7957       | 1.1872   |           
150    | 3.1051     | 0.7258     | 1.1399       | 1.2395       | 0.9521     | 0.7369       | 1.1585   |           
160    | 3.0278     | 0.6511     | 1.1348       | 1.2419       | 0.9500     | 0.7286       | 1.2167   |           
170    | 2.9612     | 0.5902     | 1.1406       | 1.2304       | 0.9229     | 0.7552       | 1.2316   |           
180    | 2.9723     | 0.5822     | 1.1388       | 1.2513       | 0.9563     | 0.6800       | 1.2220   |           
190    | 2.8962     | 0.5307     | 1.1301       | 1.2355       | 0.9563     | 0.6927       | 1.1404   |           
200    | 3.0139     | 0.5937     | 1.1685       | 1.2517       | 0.9469     | 0.6942       | 1.2056   |           
210    | 3.0814     | 0.6425     | 1.1761       | 1.2627       | 0.9375     | 0.6794       | 1.1205   |           
220    | 3.0013     | 0.5966     | 1.1671       | 1.2376       | 0.9396     | 0.6334       | 1.1586   |           
230    | 2.9988     | 0.6067     | 1.1483       | 1.2438       | 0.9365     | 0.7108       | 1.1463   |           
240    | 3.0421     | 0.5886     | 1.1727       | 1.2808       | 0.9417     | 0.6217       | 1.0438   |           
250    | 3.0487     | 0.5896     | 1.1914       | 1.2676       | 0.9583     | 0.6092       | 1.1354   |           
260    | 2.9835     | 0.5574     | 1.1760       | 1.2501       | 0.9563     | 0.6277       | 1.1476   |           
270    | 3.0011     | 0.5816     | 1.1775       | 1.2421       | 0.9531     | 0.5777       | 1.0689   | (ADV 0.66)
280    | 2.9792     | 0.5678     | 1.1716       | 1.2399       | 0.9396     | 0.6526       | 1.1589   |           
290    | 2.9571     | 0.5168     | 1.1898       | 1.2505       | 0.9437     | 0.5539       | 1.1013   |           
300    | 2.9808     | 0.5400     | 1.1828       | 1.2579       | 0.9313     | 0.5533       | 1.2045   |           
310    | 2.9538     | 0.5446     | 1.1593       | 1.2498       | 0.9313     | 0.5079       | 1.2417   |           
320    | 2.9624     | 0.5522     | 1.1619       | 1.2483       | 0.9510     | 0.5447       | 1.0791   |           
330    | 2.9838     | 0.5592     | 1.1718       | 1.2529       | 0.9417     | 0.5338       | 1.1056   |           
340    | 2.9379     | 0.5156     | 1.1685       | 1.2538       | 0.9573     | 0.5708       | 1.1035   |           
350    | 2.9330     | 0.5170     | 1.1927       | 1.2232       | 0.9594     | 0.5495       | 1.1499   |           
360    | 2.9904     | 0.5114     | 1.2199       | 1.2590       | 0.9531     | 0.4985       | 1.0811   | (ADV 0.70)
370    | 2.9897     | 0.5379     | 1.1884       | 1.2634       | 0.9427     | 0.4773       | 1.1133   |           
380    | 3.0501     | 0.5790     | 1.2106       | 1.2605       | 0.9365     | 0.5402       | 1.1332   |           
390    | 2.9652     | 0.5129     | 1.1975       | 1.2548       | 0.9490     | 0.4937       | 1.1481   |           
400    | 2.9120     | 0.4941     | 1.1858       | 1.2321       | 0.9427     | 0.5465       | 1.1068   |           
410    | 2.9605     | 0.5189     | 1.2125       | 1.2291       | 0.9552     | 0.4981       | 1.1051   |           
420    | 3.0332     | 0.5616     | 1.2213       | 1.2504       | 0.9333     | 0.5112       | 1.0978   |           
430    | 2.9881     | 0.5186     | 1.2339       | 1.2357       | 0.9500     | 0.5056       | 1.1263   |           
440    | 2.9055     | 0.4573     | 1.2098       | 1.2383       | 0.9604     | 0.4560       | 1.0494   | (ADV 0.73)
450    | 2.9712     | 0.5253     | 1.2085       | 1.2374       | 0.9219     | 0.5394       | 1.1268   |           
460    | 2.9766     | 0.5271     | 1.2068       | 1.2427       | 0.9406     | 0.4843       | 1.2232   |           
470    | 2.9310     | 0.4738     | 1.2329       | 1.2243       | 0.9385     | 0.4309       | 1.1060   |           
480    | 2.9637     | 0.4833     | 1.2230       | 1.2574       | 0.9313     | 0.4560       | 1.1454   |           
490    | 2.9951     | 0.5339     | 1.2096       | 1.2517       | 0.9479     | 0.4242       | 1.1694   |           
500    | 2.9590     | 0.4846     | 1.2197       | 1.2547       | 0.9510     | 0.5224       | 1.1539   |           
Seed 42 | Src Acc: 94.5918 | Src MDE: 0.0959 | Tgt Acc: 27.0408 | Tgt MDE: 1.1371
>> Training PCN (Stage 2) on Source Domain...
>> Source PCN Training Finished. Huber Loss: 0.0040
>> Training PCN (Stage 2) on Target Domain...
>> Target PCN Training Finished. Huber Loss: 0.0045

Start GeoSPA-Net Training Seed 67...
Epoch  | Total Loss | Tr Cls     | Tr Dom RSSI  | Tr Dom RTT   | Val T Acc  | Val T Entropy | Test MDE
------------------------------------------------------------------------------------------------------------------------
10     | 4.6779     | 2.2070     | 1.1668       | 1.3041       | 0.8333     | 3.1977       | 1.2702   |           
20     | 3.7606     | 1.4839     | 1.0273       | 1.2493       | 0.9198     | 2.4277       | 1.1539   | (ADV -0.29)
30     | 3.3275     | 1.1259     | 0.9717       | 1.2299       | 0.9437     | 1.9149       | 1.1803   | (ADV -0.01)
40     | 3.1618     | 0.9748     | 1.0072       | 1.1797       | 0.9542     | 1.5766       | 1.1725   | (ADV 0.17)
50     | 3.0996     | 0.8722     | 1.0120       | 1.2154       | 0.9292     | 1.3836       | 1.2082   |           
60     | 3.0088     | 0.7718     | 1.0089       | 1.2282       | 0.9333     | 1.2546       | 1.1010   |           
70     | 2.9876     | 0.7511     | 1.0169       | 1.2196       | 0.9479     | 1.1460       | 1.2203   |           
80     | 3.0135     | 0.7374     | 1.0474       | 1.2288       | 0.9552     | 1.0411       | 1.1535   |           
90     | 2.9505     | 0.7128     | 1.0392       | 1.1984       | 0.9313     | 1.0416       | 1.1476   |           
100    | 2.9404     | 0.6706     | 1.0481       | 1.2216       | 0.9427     | 0.9675       | 1.1281   |           
110    | 2.9643     | 0.6629     | 1.0629       | 1.2385       | 0.9427     | 0.8851       | 1.1129   | (ADV 0.50)
120    | 3.0114     | 0.6923     | 1.0818       | 1.2373       | 0.9437     | 0.9553       | 1.0637   |           
130    | 3.0002     | 0.6747     | 1.1025       | 1.2230       | 0.9594     | 0.7827       | 1.0537   | (ADV 0.57)
140    | 2.9533     | 0.6041     | 1.1171       | 1.2321       | 0.9323     | 0.7688       | 1.1558   |           
150    | 2.9821     | 0.6491     | 1.1018       | 1.2312       | 0.9406     | 0.7834       | 1.0867   |           
160    | 2.9853     | 0.6199     | 1.1234       | 1.2420       | 0.9552     | 0.7835       | 1.0632   |           
170    | 3.0218     | 0.6348     | 1.1467       | 1.2403       | 0.9510     | 0.8132       | 1.0054   |           
180    | 3.1299     | 0.7031     | 1.1732       | 1.2536       | 0.9281     | 0.7147       | 1.1441   |           
190    | 3.0398     | 0.6974     | 1.1255       | 1.2169       | 0.9437     | 0.7468       | 1.0509   |           
200    | 2.9806     | 0.6208     | 1.1439       | 1.2159       | 0.9531     | 0.6952       | 1.1291   |           
210    | 2.9969     | 0.6019     | 1.1587       | 1.2363       | 0.9417     | 0.7159       | 1.0727   |           
220    | 3.0206     | 0.5939     | 1.1637       | 1.2630       | 0.9490     | 0.7015       | 0.9719   |           
230    | 3.0297     | 0.6170     | 1.1727       | 1.2401       | 0.9531     | 0.6639       | 1.1647   |           
240    | 3.0984     | 0.6645     | 1.1875       | 1.2465       | 0.9563     | 0.6558       | 1.0591   |           
250    | 3.0329     | 0.6060     | 1.1859       | 1.2409       | 0.9365     | 0.6484       | 1.1313   |           
260    | 3.0042     | 0.5881     | 1.1681       | 1.2480       | 0.9573     | 0.6527       | 1.0936   |           
270    | 3.0194     | 0.6353     | 1.1415       | 1.2426       | 0.9521     | 0.6165       | 1.1742   |           
280    | 3.0416     | 0.6094     | 1.1750       | 1.2572       | 0.9615     | 0.6418       | 1.1075   |           
290    | 2.9425     | 0.5468     | 1.1689       | 1.2268       | 0.9510     | 0.6860       | 1.1432   |           
300    | 2.9530     | 0.5522     | 1.1757       | 1.2252       | 0.9552     | 0.5953       | 1.1169   |           
310    | 3.0456     | 0.5899     | 1.1951       | 1.2605       | 0.9344     | 0.6492       | 1.0990   |           
320    | 2.9503     | 0.5439     | 1.1711       | 1.2353       | 0.9521     | 0.6239       | 1.0557   |           
330    | 3.0361     | 0.5876     | 1.1969       | 1.2516       | 0.9250     | 0.6602       | 1.1678   |           
340    | 2.9647     | 0.5437     | 1.1817       | 1.2394       | 0.9396     | 0.5700       | 1.1499   |           
350    | 3.0520     | 0.6195     | 1.1805       | 1.2519       | 0.9458     | 0.6918       | 1.1112   |           
360    | 3.0204     | 0.5628     | 1.2071       | 1.2504       | 0.9552     | 0.5811       | 1.0971   |           
370    | 3.0862     | 0.6294     | 1.2067       | 1.2501       | 0.9500     | 0.6509       | 1.0398   |           
380    | 2.9953     | 0.5427     | 1.1964       | 1.2563       | 0.9594     | 0.5597       | 1.1623   |           
390    | 3.0313     | 0.5825     | 1.1969       | 1.2520       | 0.9354     | 0.6423       | 1.1075   |           
400    | 2.9884     | 0.5476     | 1.2045       | 1.2363       | 0.9573     | 0.6238       | 1.0920   |           
410    | 2.9707     | 0.5214     | 1.2225       | 1.2268       | 0.9490     | 0.6163       | 1.2045   |           
420    | 2.9491     | 0.5096     | 1.2078       | 1.2317       | 0.9594     | 0.5961       | 1.1204   |           
430    | 3.0297     | 0.5705     | 1.2186       | 1.2407       | 0.9521     | 0.5328       | 1.1360   |           
440    | 2.9750     | 0.5254     | 1.2024       | 1.2472       | 0.9448     | 0.5713       | 1.0984   |           
450    | 2.9960     | 0.5308     | 1.2155       | 1.2497       | 0.9500     | 0.5471       | 1.1517   |           
460    | 2.9213     | 0.4843     | 1.1995       | 1.2375       | 0.9635     | 0.5866       | 1.0195   |           
470    | 3.0057     | 0.5556     | 1.2041       | 1.2460       | 0.9573     | 0.5469       | 1.1650   |           
480    | 2.9683     | 0.5151     | 1.2060       | 1.2472       | 0.9417     | 0.5681       | 1.0948   |           
490    | 3.0128     | 0.5270     | 1.2316       | 1.2542       | 0.9583     | 0.5467       | 1.1281   |           
500    | 2.9822     | 0.5185     | 1.2307       | 1.2330       | 0.9469     | 0.5412       | 1.0963   |           
Seed 67 | Src Acc: 94.3878 | Src MDE: 0.0738 | Tgt Acc: 28.8776 | Tgt MDE: 1.1114
>> Training PCN (Stage 2) on Source Domain...
>> Source PCN Training Finished. Huber Loss: 0.0034
>> Training PCN (Stage 2) on Target Domain...
>> Target PCN Training Finished. Huber Loss: 0.0044

Start GeoSPA-Net Training Seed 1024...
Epoch  | Total Loss | Tr Cls     | Tr Dom RSSI  | Tr Dom RTT   | Val T Acc  | Val T Entropy | Test MDE
------------------------------------------------------------------------------------------------------------------------
10     | 4.8414     | 2.2768     | 1.2115       | 1.3531       | 0.7854     | 3.1935       | 1.1596   |           
20     | 3.8176     | 1.4623     | 1.0487       | 1.3066       | 0.9219     | 2.5091       | 1.1506   | (ADV -0.33)
30     | 3.4519     | 1.1689     | 1.0114       | 1.2716       | 0.9354     | 2.1109       | 1.1425   |           
40     | 3.3275     | 1.0143     | 1.0455       | 1.2676       | 0.9365     | 1.7040       | 1.1676   |           
50     | 3.1571     | 0.8818     | 1.0335       | 1.2417       | 0.9323     | 1.4884       | 1.2072   | (ADV 0.19)
60     | 3.0950     | 0.8169     | 1.0229       | 1.2551       | 0.9375     | 1.3046       | 1.1781   | (ADV 0.29)
70     | 3.0619     | 0.7950     | 1.0050       | 1.2618       | 0.9396     | 1.2511       | 1.2444   |           
80     | 3.0353     | 0.7761     | 1.0012       | 1.2580       | 0.9281     | 1.1631       | 1.1931   |           
90     | 3.0133     | 0.7489     | 1.0221       | 1.2423       | 0.9375     | 1.1234       | 1.1803   |           
100    | 3.0485     | 0.7243     | 1.0540       | 1.2702       | 0.9354     | 1.0292       | 1.2623   |           
110    | 2.9863     | 0.6909     | 1.0516       | 1.2438       | 0.9260     | 1.0015       | 1.3375   |           
120    | 3.0266     | 0.7414     | 1.0491       | 1.2362       | 0.9344     | 0.9104       | 1.2320   |           
130    | 3.0120     | 0.6864     | 1.0879       | 1.2378       | 0.9354     | 0.8537       | 1.2356   |           
140    | 2.9772     | 0.6629     | 1.0706       | 1.2437       | 0.9229     | 0.8935       | 1.2790   |           
150    | 3.0573     | 0.6856     | 1.1113       | 1.2604       | 0.9292     | 0.8742       | 1.1613   |           
160    | 3.0543     | 0.6942     | 1.1072       | 1.2530       | 0.9354     | 0.7594       | 1.2286   | (ADV 0.56)
170    | 3.0183     | 0.6455     | 1.1202       | 1.2526       | 0.9417     | 0.7187       | 1.1829   |           
180    | 3.0463     | 0.6562     | 1.1360       | 1.2541       | 0.9219     | 0.7580       | 1.2566   |           
190    | 3.1562     | 0.7349     | 1.1554       | 1.2659       | 0.9250     | 0.8285       | 1.1889   |           
200    | 3.0586     | 0.6483     | 1.1563       | 1.2541       | 0.9417     | 0.7390       | 1.1679   |           
210    | 3.1024     | 0.6739     | 1.1782       | 1.2503       | 0.9208     | 0.7528       | 1.1933   |           
220    | 3.0662     | 0.6378     | 1.1794       | 1.2490       | 0.9240     | 0.6761       | 1.1911   |           
230    | 3.0407     | 0.6435     | 1.1574       | 1.2398       | 0.9510     | 0.6415       | 1.2414   | (ADV 0.63)
240    | 2.9876     | 0.5981     | 1.1480       | 1.2415       | 0.9552     | 0.6448       | 1.1961   | (ADV 0.63)
250    | 3.0536     | 0.6243     | 1.1755       | 1.2538       | 0.9427     | 0.6751       | 1.2353   |           
260    | 3.0521     | 0.6336     | 1.1783       | 1.2402       | 0.9406     | 0.6602       | 1.1665   |           
270    | 3.0452     | 0.6027     | 1.1876       | 1.2548       | 0.9375     | 0.6367       | 1.1632   |           
280    | 3.1188     | 0.6500     | 1.2025       | 1.2663       | 0.9604     | 0.6596       | 1.1889   |           
290    | 3.0968     | 0.6207     | 1.2063       | 1.2698       | 0.9396     | 0.6561       | 1.2732   |           
300    | 3.1291     | 0.6270     | 1.2033       | 1.2988       | 0.9333     | 0.5768       | 1.1741   |           
310    | 3.0538     | 0.6081     | 1.1830       | 1.2627       | 0.9385     | 0.5739       | 1.1742   |           
320    | 3.0651     | 0.6091     | 1.1919       | 1.2641       | 0.9396     | 0.6305       | 1.2253   |           
330    | 3.0264     | 0.5808     | 1.1789       | 1.2667       | 0.9521     | 0.6360       | 1.2385   |           
340    | 3.0278     | 0.5582     | 1.2015       | 1.2680       | 0.9365     | 0.5741       | 1.3242   |           
350    | 3.0210     | 0.5628     | 1.1874       | 1.2707       | 0.9531     | 0.6218       | 1.2724   |           
360    | 3.0212     | 0.5543     | 1.1969       | 1.2699       | 0.9427     | 0.5710       | 1.2577   |           
370    | 3.0451     | 0.5512     | 1.2107       | 1.2832       | 0.9563     | 0.5714       | 1.1769   |           
380    | 2.9905     | 0.5220     | 1.1967       | 1.2718       | 0.9604     | 0.5820       | 1.2270   |           
390    | 3.0042     | 0.5525     | 1.1958       | 1.2559       | 0.9458     | 0.5652       | 1.1835   |           
400    | 3.0011     | 0.5487     | 1.1913       | 1.2611       | 0.9469     | 0.5747       | 1.2536   |           
410    | 3.0450     | 0.5580     | 1.2225       | 1.2646       | 0.9354     | 0.5180       | 1.2939   |           
420    | 3.0550     | 0.5385     | 1.2371       | 1.2794       | 0.9594     | 0.5875       | 1.1140   |           
430    | 3.0649     | 0.5744     | 1.2229       | 1.2676       | 0.9417     | 0.5439       | 1.2438   |           
440    | 3.0669     | 0.5591     | 1.2310       | 1.2768       | 0.9375     | 0.5774       | 1.1205   |           
450    | 3.0190     | 0.5327     | 1.2228       | 1.2635       | 0.9448     | 0.5141       | 1.2149   |           
460    | 3.0286     | 0.5374     | 1.2288       | 1.2625       | 0.9604     | 0.5991       | 1.1226   |           
470    | 2.9594     | 0.5295     | 1.1887       | 1.2411       | 0.9500     | 0.6422       | 1.1938   |           
480    | 3.0240     | 0.5123     | 1.2300       | 1.2817       | 0.9490     | 0.5191       | 1.1995   |           
490    | 3.0440     | 0.5626     | 1.2196       | 1.2619       | 0.9479     | 0.5830       | 1.1652   |           
500    | 3.0345     | 0.5586     | 1.2169       | 1.2589       | 0.9417     | 0.4798       | 1.1748   | (ADV 0.70)
Seed 1024 | Src Acc: 94.7959 | Src MDE: 0.0891 | Tgt Acc: 30.3061 | Tgt MDE: 1.1748
Finished Combo GeoSPA_4. Results saved.
