==========================================
Current Architecture: GeoSPA-Net (Fixed)
mcAPs (Real Anchors): [1, 4] (Indices: [0, 3])
Legacy APs (Virtual): [2, 3] (Indices: [1, 2])
==========================================
>> Training PCN (Stage 2) on Source Domain...
>> Source PCN Training Finished. Huber Loss: 0.0050
>> Training PCN (Stage 2) on Target Domain...
>> Target PCN Training Finished. Huber Loss: 0.0045

Start GeoSPA-Net Training Seed 42...
Epoch  | Total Loss | Tr Cls     | Tr Dom RSSI  | Tr Dom RTT   | Val T Acc  | Val T Entropy | Test MDE
------------------------------------------------------------------------------------------------------------------------
10     | 4.3076     | 2.0410     | 1.1297       | 1.1369       | 0.8938     | 3.1754       | 0.8972   |           
20     | 3.1853     | 1.1994     | 0.9486       | 1.0372       | 0.9542     | 2.4813       | 0.7090   | (ADV -0.29)
30     | 2.9080     | 0.8671     | 1.0170       | 1.0238       | 0.9833     | 1.9715       | 0.7880   | (ADV -0.00)
40     | 2.8420     | 0.7252     | 1.0204       | 1.0964       | 0.9875     | 1.6243       | 0.7402   | (ADV 0.18)
50     | 2.6733     | 0.6143     | 0.9876       | 1.0714       | 0.9854     | 1.3841       | 0.6844   |           
60     | 2.6590     | 0.5776     | 0.9857       | 1.0958       | 0.9917     | 1.1825       | 0.7041   | (ADV 0.40)
70     | 2.6231     | 0.5618     | 1.0028       | 1.0585       | 0.9844     | 1.1259       | 0.7376   |           
80     | 2.6272     | 0.5421     | 1.0097       | 1.0754       | 0.9823     | 1.0383       | 0.7871   |           
90     | 2.6618     | 0.4982     | 1.0429       | 1.1208       | 0.9865     | 1.0245       | 0.7358   |           
100    | 2.7037     | 0.5064     | 1.0679       | 1.1294       | 0.9760     | 0.9020       | 0.7880   |           
110    | 2.6705     | 0.4944     | 1.0382       | 1.1379       | 0.9823     | 0.8146       | 0.8051   |           
120    | 2.7389     | 0.5165     | 1.0810       | 1.1415       | 0.9792     | 0.8317       | 0.8081   |           
130    | 2.7600     | 0.4965     | 1.0968       | 1.1668       | 0.9771     | 0.7869       | 0.7795   |           
140    | 2.7030     | 0.4260     | 1.1211       | 1.1559       | 0.9792     | 0.7222       | 0.7812   |           
150    | 2.8221     | 0.5041     | 1.1670       | 1.1510       | 0.9833     | 0.7506       | 0.8204   |           
160    | 2.8107     | 0.4606     | 1.1690       | 1.1811       | 0.9875     | 0.7062       | 0.7794   |           
170    | 2.7924     | 0.4314     | 1.1921       | 1.1689       | 0.9875     | 0.7205       | 0.7958   |           
180    | 2.8438     | 0.4390     | 1.1945       | 1.2102       | 0.9812     | 0.6782       | 0.7648   |           
190    | 2.8374     | 0.4359     | 1.1766       | 1.2249       | 0.9896     | 0.7324       | 0.7894   |           
200    | 2.8228     | 0.4588     | 1.1869       | 1.1771       | 0.9833     | 0.6803       | 0.7389   |           
210    | 2.8644     | 0.4627     | 1.1914       | 1.2104       | 0.9812     | 0.6638       | 0.8029   |           
220    | 2.7852     | 0.4247     | 1.1955       | 1.1650       | 0.9823     | 0.5918       | 0.8160   |           
230    | 2.7919     | 0.4311     | 1.1835       | 1.1773       | 0.9854     | 0.6745       | 0.8255   |           
240    | 2.7969     | 0.4081     | 1.1931       | 1.1957       | 0.9823     | 0.6724       | 0.8026   |           
250    | 2.7477     | 0.3852     | 1.1847       | 1.1778       | 0.9885     | 0.6054       | 0.7491   |           
260    | 2.8325     | 0.4145     | 1.2197       | 1.1983       | 0.9875     | 0.5612       | 0.6926   |           
270    | 2.8544     | 0.4194     | 1.2141       | 1.2210       | 0.9823     | 0.5473       | 0.7399   |           
280    | 2.8369     | 0.4384     | 1.2133       | 1.1852       | 0.9812     | 0.5759       | 0.8139   |           
290    | 2.7490     | 0.3348     | 1.2172       | 1.1969       | 0.9875     | 0.5357       | 0.8567   |           
300    | 2.8427     | 0.4078     | 1.2127       | 1.2222       | 0.9802     | 0.5709       | 0.7882   |           
310    | 2.8247     | 0.4191     | 1.2120       | 1.1936       | 0.9865     | 0.5303       | 0.7482   |           
320    | 2.8171     | 0.3968     | 1.2106       | 1.2097       | 0.9854     | 0.5377       | 0.7940   |           
330    | 2.7984     | 0.3987     | 1.2118       | 1.1879       | 0.9854     | 0.5243       | 0.7979   |           
340    | 2.7644     | 0.3478     | 1.2218       | 1.1948       | 0.9927     | 0.4963       | 0.7782   |           
350    | 2.8614     | 0.4017     | 1.2312       | 1.2285       | 0.9875     | 0.4863       | 0.8126   |           
360    | 2.8259     | 0.3626     | 1.2634       | 1.1999       | 0.9885     | 0.4550       | 0.8161   |           
370    | 2.8111     | 0.3815     | 1.2350       | 1.1946       | 0.9844     | 0.5179       | 0.7668   |           
380    | 2.8523     | 0.3790     | 1.2590       | 1.2143       | 0.9792     | 0.5685       | 0.7230   |           
390    | 2.8364     | 0.3634     | 1.2637       | 1.2093       | 0.9906     | 0.5194       | 0.8406   |           
400    | 2.7843     | 0.3297     | 1.2440       | 1.2105       | 0.9885     | 0.4640       | 0.7516   |           
410    | 2.8719     | 0.3848     | 1.2518       | 1.2353       | 0.9906     | 0.5086       | 0.8311   |           
420    | 2.9098     | 0.4028     | 1.2799       | 1.2271       | 0.9917     | 0.4655       | 0.7198   |           
430    | 2.7805     | 0.3222     | 1.2408       | 1.2175       | 0.9833     | 0.4733       | 0.8278   |           
440    | 2.7889     | 0.3110     | 1.2549       | 1.2231       | 0.9896     | 0.4821       | 0.8669   |           
450    | 2.7987     | 0.3355     | 1.2346       | 1.2285       | 0.9865     | 0.4950       | 0.8724   |           
460    | 2.8734     | 0.3612     | 1.2818       | 1.2303       | 0.9833     | 0.4805       | 0.8484   |           
470    | 2.8328     | 0.3418     | 1.2570       | 1.2340       | 0.9865     | 0.4238       | 0.7987   |           
480    | 2.8385     | 0.3305     | 1.2664       | 1.2416       | 0.9896     | 0.4381       | 0.8576   |           
490    | 2.8630     | 0.3606     | 1.2515       | 1.2509       | 0.9948     | 0.4343       | 0.8590   |           
500    | 2.8135     | 0.3360     | 1.2424       | 1.2350       | 0.9802     | 0.4505       | 0.8599   |           
Seed 42 | Src Acc: 97.9592 | Src MDE: 0.0322 | Tgt Acc: 42.2449 | Tgt MDE: 0.8184
>> Training PCN (Stage 2) on Source Domain...
>> Source PCN Training Finished. Huber Loss: 0.0047
>> Training PCN (Stage 2) on Target Domain...
>> Target PCN Training Finished. Huber Loss: 0.0041

Start GeoSPA-Net Training Seed 67...
Epoch  | Total Loss | Tr Cls     | Tr Dom RSSI  | Tr Dom RTT   | Val T Acc  | Val T Entropy | Test MDE
------------------------------------------------------------------------------------------------------------------------
10     | 4.2828     | 2.0190     | 1.1717       | 1.0920       | 0.8896     | 3.2054       | 0.8299   |           
20     | 3.3399     | 1.2646     | 1.0445       | 1.0308       | 0.9635     | 2.3911       | 0.7621   | (ADV -0.23)
30     | 2.9731     | 0.9264     | 1.0156       | 1.0311       | 0.9708     | 1.9058       | 0.7986   | (ADV 0.02)
40     | 2.8128     | 0.7360     | 1.0284       | 1.0484       | 0.9729     | 1.5075       | 0.7799   | (ADV 0.22)
50     | 2.7736     | 0.6533     | 1.0270       | 1.0933       | 0.9708     | 1.3085       | 0.8387   | (ADV 0.32)
60     | 2.6327     | 0.5677     | 0.9835       | 1.0815       | 0.9740     | 1.1317       | 0.7685   | (ADV 0.41)
70     | 2.6668     | 0.5509     | 1.0211       | 1.0949       | 0.9656     | 1.0712       | 0.7935   |           
80     | 2.7757     | 0.5715     | 1.0758       | 1.1284       | 0.9646     | 1.0023       | 0.7743   |           
90     | 2.6583     | 0.5237     | 1.0361       | 1.0984       | 0.9708     | 0.9421       | 0.6643   |           
100    | 2.7232     | 0.5171     | 1.0829       | 1.1232       | 0.9677     | 0.8772       | 0.7563   |           
110    | 2.6972     | 0.4911     | 1.1096       | 1.0965       | 0.9719     | 0.7589       | 0.6893   | (ADV 0.59)
120    | 2.7965     | 0.5347     | 1.1485       | 1.1133       | 0.9771     | 0.7604       | 0.7162   |           
130    | 2.7932     | 0.4931     | 1.1287       | 1.1713       | 0.9688     | 0.7387       | 0.7028   |           
140    | 2.8208     | 0.4779     | 1.1453       | 1.1976       | 0.9552     | 0.6575       | 0.6750   |           
150    | 2.8309     | 0.4982     | 1.1513       | 1.1814       | 0.9708     | 0.6573       | 0.6682   |           
160    | 2.7856     | 0.4561     | 1.1610       | 1.1685       | 0.9719     | 0.6721       | 0.6366   |           
170    | 2.8218     | 0.4699     | 1.1553       | 1.1966       | 0.9792     | 0.6249       | 0.6838   | (ADV 0.67)
180    | 2.8689     | 0.5114     | 1.1630       | 1.1945       | 0.9719     | 0.6080       | 0.6890   | (ADV 0.67)
190    | 2.8864     | 0.5019     | 1.1879       | 1.1965       | 0.9667     | 0.6567       | 0.7939   |           
200    | 2.8026     | 0.4449     | 1.1946       | 1.1631       | 0.9729     | 0.6815       | 0.7723   |           
210    | 2.7953     | 0.4204     | 1.1821       | 1.1929       | 0.9698     | 0.6500       | 0.7374   |           
220    | 2.7455     | 0.3954     | 1.1745       | 1.1756       | 0.9760     | 0.6244       | 0.6418   |           
230    | 2.7921     | 0.4291     | 1.1559       | 1.2072       | 0.9583     | 0.5818       | 0.7249   |           
240    | 2.8483     | 0.4476     | 1.2166       | 1.1842       | 0.9729     | 0.6644       | 0.6787   |           
250    | 2.7919     | 0.4169     | 1.1899       | 1.1851       | 0.9740     | 0.5577       | 0.6750   |           
260    | 2.7975     | 0.3898     | 1.2002       | 1.2074       | 0.9760     | 0.5425       | 0.7394   |           
270    | 2.8085     | 0.4285     | 1.1672       | 1.2129       | 0.9802     | 0.4945       | 0.7263   | (ADV 0.73)
280    | 2.8287     | 0.4269     | 1.1947       | 1.2071       | 0.9781     | 0.5390       | 0.7410   |           
290    | 2.7937     | 0.4005     | 1.1803       | 1.2128       | 0.9719     | 0.5228       | 0.7636   |           
300    | 2.8408     | 0.4201     | 1.2129       | 1.2078       | 0.9656     | 0.4762       | 0.6694   |           
310    | 2.8634     | 0.4132     | 1.2288       | 1.2214       | 0.9688     | 0.5076       | 0.7450   |           
320    | 2.7750     | 0.3582     | 1.2199       | 1.1968       | 0.9740     | 0.5329       | 0.7075   |           
330    | 2.8270     | 0.4012     | 1.2203       | 1.2056       | 0.9688     | 0.5478       | 0.7006   |           
340    | 2.8492     | 0.3781     | 1.2261       | 1.2450       | 0.9646     | 0.4532       | 0.7808   |           
350    | 2.8623     | 0.4095     | 1.2266       | 1.2261       | 0.9781     | 0.4446       | 0.7660   | (ADV 0.76)
360    | 2.8473     | 0.3960     | 1.2395       | 1.2119       | 0.9729     | 0.5013       | 0.7698   |           
370    | 2.8798     | 0.3896     | 1.2616       | 1.2286       | 0.9760     | 0.5427       | 0.7626   |           
380    | 2.8840     | 0.4046     | 1.2324       | 1.2470       | 0.9594     | 0.4696       | 0.7874   |           
390    | 2.8043     | 0.3409     | 1.2365       | 1.2269       | 0.9781     | 0.4462       | 0.7870   |           
400    | 2.7897     | 0.3319     | 1.2293       | 1.2284       | 0.9760     | 0.4269       | 0.7604   |           
410    | 2.8220     | 0.3427     | 1.2479       | 1.2314       | 0.9760     | 0.4146       | 0.8029   |           
420    | 2.7975     | 0.3313     | 1.2366       | 1.2297       | 0.9771     | 0.4484       | 0.7888   |           
430    | 2.8047     | 0.3432     | 1.2292       | 1.2322       | 0.9708     | 0.4346       | 0.7453   |           
440    | 2.7929     | 0.3211     | 1.2428       | 1.2291       | 0.9760     | 0.4368       | 0.7781   |           
450    | 2.8130     | 0.3245     | 1.2427       | 1.2458       | 0.9698     | 0.4543       | 0.8042   |           
460    | 2.8400     | 0.3401     | 1.2658       | 1.2342       | 0.9750     | 0.4010       | 0.7577   |           
470    | 2.9181     | 0.3789     | 1.2911       | 1.2481       | 0.9760     | 0.4831       | 0.8627   |           
480    | 2.7836     | 0.2893     | 1.2476       | 1.2468       | 0.9740     | 0.4815       | 0.8518   |           
490    | 2.8414     | 0.3269     | 1.2670       | 1.2475       | 0.9719     | 0.4003       | 0.6589   |           
500    | 2.8783     | 0.3269     | 1.2952       | 1.2563       | 0.9698     | 0.4369       | 0.7495   |           
Seed 67 | Src Acc: 98.1633 | Src MDE: 0.0322 | Tgt Acc: 50.7143 | Tgt MDE: 0.6157
>> Training PCN (Stage 2) on Source Domain...
>> Source PCN Training Finished. Huber Loss: 0.0043
>> Training PCN (Stage 2) on Target Domain...
>> Target PCN Training Finished. Huber Loss: 0.0042

Start GeoSPA-Net Training Seed 1024...
Epoch  | Total Loss | Tr Cls     | Tr Dom RSSI  | Tr Dom RTT   | Val T Acc  | Val T Entropy | Test MDE
------------------------------------------------------------------------------------------------------------------------
10     | 4.4635     | 2.0853     | 1.2127       | 1.1656       | 0.8458     | 3.2418       | 0.9239   |           
20     | 3.3735     | 1.2687     | 1.0572       | 1.0475       | 0.9531     | 2.5158       | 0.8930   | (ADV -0.30)
30     | 3.1009     | 0.9706     | 1.0389       | 1.0914       | 0.9604     | 2.0714       | 0.8779   |           
40     | 2.9942     | 0.8079     | 1.0493       | 1.1370       | 0.9594     | 1.7165       | 0.9100   |           
50     | 2.8193     | 0.6658     | 1.0220       | 1.1316       | 0.9698     | 1.4661       | 0.8558   |           
60     | 2.7211     | 0.5914     | 1.0142       | 1.1154       | 0.9635     | 1.2554       | 0.7970   | (ADV 0.34)
70     | 2.6938     | 0.5891     | 0.9744       | 1.1303       | 0.9708     | 1.1842       | 0.8088   |           
80     | 2.6527     | 0.5667     | 0.9974       | 1.0886       | 0.9760     | 1.1098       | 0.8407   | (ADV 0.42)
90     | 2.7327     | 0.5634     | 1.0300       | 1.1392       | 0.9594     | 1.0405       | 0.9345   |           
100    | 2.6861     | 0.5101     | 1.0521       | 1.1239       | 0.9760     | 1.0015       | 0.7771   |           
110    | 2.7495     | 0.5134     | 1.0836       | 1.1524       | 0.9604     | 0.9129       | 0.7963   | (ADV 0.50)
120    | 2.7521     | 0.5188     | 1.0518       | 1.1815       | 0.9667     | 0.8953       | 0.8158   |           
130    | 2.7113     | 0.4563     | 1.0769       | 1.1781       | 0.9708     | 0.8286       | 0.8018   |           
140    | 2.8096     | 0.5156     | 1.1007       | 1.1933       | 0.9729     | 0.8191       | 0.7617   |           
150    | 2.8656     | 0.5502     | 1.1195       | 1.1959       | 0.9771     | 0.8430       | 0.8476   |           
160    | 2.8374     | 0.5273     | 1.1178       | 1.1923       | 0.9750     | 0.7263       | 0.7597   |           
170    | 2.8567     | 0.4855     | 1.1332       | 1.2380       | 0.9708     | 0.7251       | 0.6875   |           
180    | 2.7683     | 0.4634     | 1.1141       | 1.1908       | 0.9760     | 0.7289       | 0.7962   |           
190    | 2.8387     | 0.5030     | 1.1433       | 1.1923       | 0.9604     | 0.7527       | 0.7229   |           
200    | 2.9253     | 0.5240     | 1.1519       | 1.2493       | 0.9677     | 0.7856       | 0.9105   |           
210    | 2.8176     | 0.4636     | 1.1448       | 1.2091       | 0.9740     | 0.7225       | 0.8377   |           
220    | 2.7584     | 0.4326     | 1.1327       | 1.1932       | 0.9625     | 0.6895       | 0.8040   |           
230    | 2.7963     | 0.4506     | 1.1237       | 1.2220       | 0.9740     | 0.6755       | 0.7172   |           
240    | 2.7479     | 0.3999     | 1.1313       | 1.2167       | 0.9781     | 0.6688       | 0.8633   |           
250    | 2.8311     | 0.4420     | 1.1662       | 1.2230       | 0.9698     | 0.6475       | 0.8557   |           
260    | 2.7976     | 0.4356     | 1.1608       | 1.2012       | 0.9750     | 0.6794       | 0.8088   |           
270    | 2.8406     | 0.4239     | 1.2142       | 1.2025       | 0.9802     | 0.6204       | 0.7913   |           
280    | 2.8485     | 0.4288     | 1.2042       | 1.2155       | 0.9688     | 0.5993       | 0.8254   |           
290    | 2.8215     | 0.4480     | 1.1648       | 1.2087       | 0.9760     | 0.6334       | 0.8389   |           
300    | 2.8900     | 0.4668     | 1.1988       | 1.2244       | 0.9771     | 0.5577       | 0.8072   |           
310    | 2.7915     | 0.3845     | 1.2034       | 1.2037       | 0.9792     | 0.5930       | 0.8232   |           
320    | 2.8810     | 0.4022     | 1.2206       | 1.2582       | 0.9844     | 0.6103       | 0.9235   |           
330    | 2.8369     | 0.3758     | 1.2233       | 1.2378       | 0.9604     | 0.5678       | 0.8735   |           
340    | 2.8592     | 0.4012     | 1.2086       | 1.2494       | 0.9885     | 0.5122       | 0.7905   | (ADV 0.73)
350    | 2.8399     | 0.3797     | 1.2235       | 1.2367       | 0.9875     | 0.5061       | 0.7605   |           
360    | 2.8765     | 0.4061     | 1.2229       | 1.2475       | 0.9802     | 0.4997       | 0.8413   |           
370    | 2.7714     | 0.3754     | 1.1630       | 1.2330       | 0.9688     | 0.4879       | 0.8721   |           
380    | 2.8816     | 0.4015     | 1.2280       | 1.2522       | 0.9688     | 0.5005       | 0.7749   |           
390    | 2.8134     | 0.3726     | 1.2049       | 1.2359       | 0.9771     | 0.5169       | 0.8076   |           
400    | 2.8143     | 0.3584     | 1.2250       | 1.2310       | 0.9573     | 0.5843       | 0.8074   |           
410    | 2.8416     | 0.3715     | 1.2246       | 1.2455       | 0.9729     | 0.5680       | 0.7996   |           
420    | 2.8183     | 0.3362     | 1.2532       | 1.2289       | 0.9750     | 0.4414       | 0.7962   | (ADV 0.75)
430    | 2.8628     | 0.3812     | 1.2436       | 1.2379       | 0.9792     | 0.5175       | 0.8693   |           
440    | 2.8374     | 0.3534     | 1.2276       | 1.2563       | 0.9812     | 0.5113       | 0.7273   |           
450    | 2.8496     | 0.3561     | 1.2373       | 1.2562       | 0.9792     | 0.4871       | 0.8205   |           
460    | 2.8298     | 0.3402     | 1.2533       | 1.2363       | 0.9854     | 0.4520       | 0.7788   | (ADV 0.76)
470    | 2.8835     | 0.3778     | 1.2477       | 1.2580       | 0.9531     | 0.5371       | 0.7871   |           
480    | 2.8210     | 0.3141     | 1.2583       | 1.2486       | 0.9708     | 0.5127       | 0.9306   |           
490    | 2.8782     | 0.3741     | 1.2493       | 1.2548       | 0.9771     | 0.5003       | 0.8300   |           
500    | 2.8752     | 0.3506     | 1.2712       | 1.2534       | 0.9635     | 0.4845       | 0.7354   |           
Seed 1024 | Src Acc: 97.1429 | Src MDE: 0.0478 | Tgt Acc: 42.8571 | Tgt MDE: 0.7827
Finished Combo GeoSPA_1_4. Results saved.
