==========================================
Current Architecture: GeoSPA-Net (Fixed)
mcAPs (Real Anchors): [1] (Indices: [0])
Legacy APs (Virtual): [2, 3, 4] (Indices: [1, 2, 3])
==========================================
>> Training Multi-Head PCN (Stage 2) on Source Domain for APs: [0, 1, 2, 3]...
>> Source PCN Training Finished. Huber Loss: 0.0199
>> Training Multi-Head PCN (Stage 2) on Target Domain for APs: [0]...
>> Target PCN Training Finished. Huber Loss: 0.0038

Start GeoSPA-Net Training Seed 42...
Epoch  | Total Loss | Tr Cls     | Tr Dom RSSI  | Tr Dom RTT   | Val T Acc  | Val T Entropy | Test MDE
------------------------------------------------------------------------------------------------------------------------
10     | 3.3043     | 2.0911     | 1.0827       | 0.1305       | 0.6052     | 3.5071       | 2.3151   |           
20     | 2.6332     | 1.3168     | 0.9886       | 0.3277       | 0.7094     | 3.0050       | 1.6434   | (ADV -0.79)
30     | 2.7109     | 0.9984     | 0.9911       | 0.7213       | 0.8208     | 2.6021       | 1.4811   | (ADV -0.48)
40     | 2.7882     | 0.9311     | 0.9891       | 0.8679       | 0.8052     | 2.3015       | 1.5429   |           
50     | 2.7848     | 0.8183     | 0.9884       | 0.9781       | 0.8917     | 1.8756       | 1.3873   | (ADV -0.05)
60     | 2.7326     | 0.7914     | 1.0095       | 0.9316       | 0.9260     | 1.7802       | 1.3997   |           
70     | 2.7313     | 0.7036     | 1.0256       | 1.0020       | 0.8021     | 1.6366       | 1.6305   |           
80     | 2.6991     | 0.7046     | 1.0449       | 0.9496       | 0.9250     | 1.4001       | 1.3197   | (ADV 0.22)
90     | 2.7212     | 0.6500     | 1.0665       | 1.0047       | 0.8406     | 1.2254       | 1.3119   |           
100    | 2.9368     | 0.6915     | 1.1093       | 1.1360       | 0.8917     | 1.3565       | 1.5230   |           
110    | 2.7741     | 0.6153     | 1.1363       | 1.0225       | 0.8906     | 1.3049       | 1.2773   |           
120    | 2.8738     | 0.6296     | 1.1439       | 1.1003       | 0.9135     | 1.1629       | 1.3271   |           
130    | 2.9523     | 0.6458     | 1.1622       | 1.1443       | 0.8885     | 1.2146       | 1.2488   |           
140    | 2.9017     | 0.5977     | 1.1376       | 1.1664       | 0.9229     | 1.0878       | 1.3357   |           
150    | 2.9445     | 0.6475     | 1.1561       | 1.1408       | 0.9313     | 0.9918       | 1.3249   |           
160    | 2.9839     | 0.6066     | 1.1786       | 1.1986       | 0.9021     | 1.0568       | 1.0827   |           
170    | 2.9506     | 0.5864     | 1.1731       | 1.1912       | 0.9115     | 1.0125       | 1.0976   |           
180    | 2.9428     | 0.5650     | 1.1744       | 1.2034       | 0.9094     | 0.9860       | 1.2038   |           
190    | 2.9721     | 0.5706     | 1.1954       | 1.2061       | 0.9323     | 0.8783       | 1.1240   | (ADV 0.49)
200    | 2.8948     | 0.5458     | 1.1695       | 1.1795       | 0.9177     | 0.9707       | 1.2469   |           
210    | 2.9853     | 0.5774     | 1.1902       | 1.2177       | 0.9354     | 0.9224       | 1.1853   |           
220    | 2.9319     | 0.5255     | 1.2111       | 1.1953       | 0.9271     | 0.9243       | 1.2213   |           
230    | 2.9895     | 0.5699     | 1.1896       | 1.2301       | 0.9302     | 0.9152       | 1.1188   |           
240    | 3.0092     | 0.5876     | 1.2044       | 1.2172       | 0.9417     | 0.8015       | 1.1176   | (ADV 0.54)
250    | 2.9748     | 0.5259     | 1.2164       | 1.2326       | 0.9229     | 0.9500       | 1.1024   |           
260    | 2.9750     | 0.5727     | 1.2087       | 1.1935       | 0.9208     | 0.9015       | 1.0807   |           
270    | 2.9336     | 0.4901     | 1.2236       | 1.2199       | 0.8854     | 0.8540       | 1.0778   |           
280    | 2.9765     | 0.5472     | 1.2013       | 1.2280       | 0.9531     | 0.9320       | 1.0468   |           
290    | 2.9734     | 0.5382     | 1.2058       | 1.2294       | 0.9219     | 0.8536       | 1.0359   |           
300    | 2.9529     | 0.4727     | 1.2563       | 1.2240       | 0.9333     | 0.7922       | 1.0807   |           
310    | 2.9379     | 0.4953     | 1.2247       | 1.2178       | 0.9479     | 0.8481       | 1.1020   |           
320    | 3.0719     | 0.5358     | 1.2381       | 1.2979       | 0.9240     | 0.9498       | 1.3065   |           
330    | 2.9088     | 0.4498     | 1.2206       | 1.2384       | 0.9219     | 0.8060       | 1.1340   |           
340    | 2.9588     | 0.4790     | 1.2442       | 1.2357       | 0.9260     | 0.7644       | 1.0670   |           
350    | 2.9639     | 0.4837     | 1.2411       | 1.2391       | 0.9125     | 0.7904       | 1.0892   |           
360    | 3.0095     | 0.4771     | 1.2518       | 1.2806       | 0.9062     | 0.7617       | 1.1568   |           
370    | 2.9346     | 0.4356     | 1.2334       | 1.2656       | 0.9406     | 0.7435       | 1.1166   |           
380    | 2.9442     | 0.4368     | 1.2467       | 1.2607       | 0.8792     | 0.7510       | 1.0924   |           
390    | 2.9214     | 0.4272     | 1.2581       | 1.2360       | 0.9552     | 0.8113       | 1.2061   |           
400    | 2.9342     | 0.4443     | 1.2442       | 1.2457       | 0.9323     | 0.7685       | 1.1149   |           
410    | 2.9501     | 0.4513     | 1.2516       | 1.2472       | 0.9115     | 0.8461       | 1.2761   |           
420    | 2.9487     | 0.4438     | 1.2557       | 1.2491       | 0.9208     | 0.8213       | 1.2267   |           
430    | 2.9653     | 0.4482     | 1.2606       | 1.2566       | 0.9354     | 0.7801       | 1.0608   |           
440    | 2.9304     | 0.3951     | 1.2678       | 1.2675       | 0.9104     | 0.8690       | 1.1778   |           
450    | 2.8760     | 0.3756     | 1.2601       | 1.2403       | 0.8990     | 0.8134       | 1.1959   |           
460    | 3.0372     | 0.4640     | 1.2775       | 1.2958       | 0.9125     | 0.7494       | 1.1917   |           
470    | 2.9640     | 0.3975     | 1.2499       | 1.3166       | 0.9031     | 0.8613       | 1.1710   |           
480    | 2.9943     | 0.4494     | 1.2957       | 1.2492       | 0.8812     | 0.8330       | 1.1022   |           
490    | 3.0621     | 0.4749     | 1.2605       | 1.3267       | 0.9292     | 0.9115       | 1.1062   |           
500    | 2.9779     | 0.4009     | 1.2776       | 1.2993       | 0.9010     | 0.8815       | 1.2402   |           
Seed 42 | Src Acc: 93.3673 | Src MDE: 0.1107 | Tgt Acc: 28.4694 | Tgt MDE: 1.0367
>> Training Multi-Head PCN (Stage 2) on Source Domain for APs: [0, 1, 2, 3]...
>> Source PCN Training Finished. Huber Loss: 0.0197
>> Training Multi-Head PCN (Stage 2) on Target Domain for APs: [0]...
>> Target PCN Training Finished. Huber Loss: 0.0043

Start GeoSPA-Net Training Seed 67...
Epoch  | Total Loss | Tr Cls     | Tr Dom RSSI  | Tr Dom RTT   | Val T Acc  | Val T Entropy | Test MDE
------------------------------------------------------------------------------------------------------------------------
10     | 3.2455     | 1.9845     | 1.1303       | 0.1307       | 0.4719     | 3.3625       | 2.1759   |           
20     | 2.5370     | 1.2462     | 0.9566       | 0.3342       | 0.5740     | 2.9017       | 1.8556   | (ADV -0.88)
30     | 2.2600     | 0.9771     | 0.9366       | 0.3464       | 0.5427     | 2.5328       | 1.7414   | (ADV -0.72)
40     | 2.5342     | 0.8586     | 0.9449       | 0.7306       | 0.7760     | 2.2887       | 1.8677   | (ADV -0.37)
50     | 2.7062     | 0.8109     | 0.9944       | 0.9009       | 0.8073     | 1.9792       | 1.6253   |           
60     | 2.5965     | 0.6699     | 0.9874       | 0.9392       | 0.8083     | 1.6771       | 1.5606   | (ADV -0.03)
70     | 2.7833     | 0.7247     | 1.0584       | 1.0003       | 0.7792     | 1.5458       | 1.4165   |           
80     | 2.6564     | 0.6436     | 1.0203       | 0.9925       | 0.8146     | 1.4119       | 1.2203   |           
90     | 2.7663     | 0.6413     | 1.0640       | 1.0610       | 0.7698     | 1.4528       | 1.2637   |           
100    | 2.8897     | 0.6732     | 1.0964       | 1.1201       | 0.8583     | 1.5338       | 1.4445   |           
110    | 2.7966     | 0.6116     | 1.1025       | 1.0825       | 0.7917     | 1.4240       | 1.3963   |           
120    | 2.8710     | 0.6127     | 1.1192       | 1.1391       | 0.7979     | 1.2003       | 1.3296   |           
130    | 2.8404     | 0.5700     | 1.1239       | 1.1464       | 0.7937     | 1.1070       | 1.3642   |           
140    | 2.8935     | 0.6095     | 1.1417       | 1.1423       | 0.8125     | 1.2588       | 1.2121   |           
150    | 2.9001     | 0.6027     | 1.1451       | 1.1523       | 0.8490     | 1.1219       | 1.2689   |           
160    | 2.8893     | 0.5609     | 1.1713       | 1.1571       | 0.8250     | 1.0880       | 1.2270   |           
170    | 2.9186     | 0.5446     | 1.1903       | 1.1836       | 0.8625     | 0.9368       | 1.1619   | (ADV 0.39)
180    | 2.9463     | 0.5690     | 1.1886       | 1.1886       | 0.8771     | 0.9964       | 1.3866   |           
190    | 2.9695     | 0.5823     | 1.1843       | 1.2030       | 0.8896     | 0.9353       | 1.4198   |           
200    | 2.8548     | 0.5017     | 1.1726       | 1.1804       | 0.8531     | 0.9458       | 1.2992   |           
210    | 2.9278     | 0.5453     | 1.1633       | 1.2192       | 0.7906     | 0.9189       | 1.3379   |           
220    | 2.9490     | 0.5463     | 1.1736       | 1.2291       | 0.8229     | 0.9127       | 1.1945   |           
230    | 2.9677     | 0.5272     | 1.1976       | 1.2429       | 0.8323     | 0.8690       | 1.4991   |           
240    | 2.9506     | 0.5462     | 1.1791       | 1.2254       | 0.8646     | 0.8711       | 1.3047   |           
250    | 2.8846     | 0.5001     | 1.1882       | 1.1963       | 0.8333     | 0.8611       | 1.4075   |           
260    | 2.9835     | 0.5530     | 1.2222       | 1.2082       | 0.8490     | 0.7694       | 1.2388   |           
270    | 2.9495     | 0.5127     | 1.2162       | 1.2205       | 0.8677     | 0.8371       | 1.3082   |           
280    | 3.0831     | 0.5554     | 1.2350       | 1.2927       | 0.8510     | 0.8503       | 1.3177   |           
290    | 2.9443     | 0.4986     | 1.2115       | 1.2343       | 0.8375     | 0.8209       | 1.4489   |           
300    | 2.9593     | 0.5355     | 1.2200       | 1.2038       | 0.8812     | 0.8744       | 1.3111   |           
310    | 2.8776     | 0.4434     | 1.2288       | 1.2053       | 0.7927     | 0.8597       | 1.2561   |           
320    | 2.9265     | 0.4838     | 1.2192       | 1.2235       | 0.8250     | 0.7904       | 1.2604   |           
330    | 2.9186     | 0.4642     | 1.2360       | 1.2184       | 0.8417     | 0.8150       | 1.4747   |           
340    | 3.1080     | 0.5461     | 1.2416       | 1.3202       | 0.8438     | 0.8052       | 1.4266   |           
350    | 2.8864     | 0.4452     | 1.2309       | 1.2103       | 0.8198     | 0.7499       | 1.4417   |           
360    | 2.9537     | 0.4724     | 1.2299       | 1.2514       | 0.8562     | 0.7413       | 1.2666   |           
370    | 2.9436     | 0.4790     | 1.2320       | 1.2326       | 0.7594     | 0.6442       | 1.3839   |           
380    | 3.0059     | 0.5264     | 1.2247       | 1.2547       | 0.7781     | 0.7418       | 1.3651   |           
390    | 3.0296     | 0.4980     | 1.2478       | 1.2839       | 0.8292     | 0.7799       | 1.3665   |           
400    | 2.9742     | 0.4837     | 1.2490       | 1.2415       | 0.7875     | 0.6593       | 1.4581   |           
410    | 2.9519     | 0.4408     | 1.2685       | 1.2426       | 0.8104     | 0.6469       | 1.4705   |           
420    | 2.9431     | 0.4317     | 1.2446       | 1.2667       | 0.8344     | 0.8297       | 1.4458   |           
430    | 3.0463     | 0.5126     | 1.2678       | 1.2659       | 0.8427     | 0.6429       | 1.4313   |           
440    | 2.9486     | 0.4012     | 1.2689       | 1.2785       | 0.8698     | 0.7788       | 1.3901   |           
450    | 2.9276     | 0.4138     | 1.2465       | 1.2673       | 0.7865     | 0.7938       | 1.8229   |           
460    | 2.9104     | 0.4049     | 1.2622       | 1.2433       | 0.8156     | 0.7083       | 1.4145   |           
470    | 2.9477     | 0.4377     | 1.2750       | 1.2351       | 0.7792     | 0.6801       | 1.3773   |           
480    | 2.9733     | 0.4497     | 1.2495       | 1.2742       | 0.8198     | 0.7129       | 1.2817   |           
490    | 2.9313     | 0.4366     | 1.2661       | 1.2287       | 0.8302     | 0.7506       | 1.4221   |           
500    | 2.9811     | 0.4147     | 1.2795       | 1.2869       | 0.8042     | 0.6315       | 1.5034   |           
Seed 67 | Src Acc: 90.2041 | Src MDE: 0.1623 | Tgt Acc: 23.0612 | Tgt MDE: 1.3383
>> Training Multi-Head PCN (Stage 2) on Source Domain for APs: [0, 1, 2, 3]...
>> Source PCN Training Finished. Huber Loss: 0.0163
>> Training Multi-Head PCN (Stage 2) on Target Domain for APs: [0]...
>> Target PCN Training Finished. Huber Loss: 0.0042

Start GeoSPA-Net Training Seed 1024...
Epoch  | Total Loss | Tr Cls     | Tr Dom RSSI  | Tr Dom RTT   | Val T Acc  | Val T Entropy | Test MDE
------------------------------------------------------------------------------------------------------------------------
10     | 3.2269     | 2.0512     | 1.0890       | 0.0866       | 0.7875     | 3.4854       | 1.8492   |           
20     | 2.2367     | 1.2118     | 0.9052       | 0.1197       | 0.8667     | 2.9730       | 1.4802   | (ADV -0.62)
30     | 2.2332     | 0.9883     | 0.9428       | 0.3022       | 0.8781     | 2.6118       | 1.4960   |           
40     | 2.3741     | 0.8408     | 0.9531       | 0.5802       | 0.9073     | 2.2444       | 1.2948   | (ADV -0.21)
50     | 2.4877     | 0.7858     | 0.9967       | 0.7052       | 0.8969     | 1.7597       | 1.3071   | (ADV 0.02)
60     | 2.6107     | 0.7238     | 0.9930       | 0.8939       | 0.9010     | 1.5918       | 1.3582   | (ADV 0.11)
70     | 2.6893     | 0.6606     | 1.0069       | 1.0218       | 0.9135     | 1.4820       | 1.1020   |           
80     | 2.7684     | 0.6650     | 1.0426       | 1.0608       | 0.9187     | 1.3600       | 1.2682   | (ADV 0.24)
90     | 2.8280     | 0.6433     | 1.0562       | 1.1285       | 0.9333     | 1.2830       | 1.2292   | (ADV 0.29)
100    | 2.8697     | 0.6454     | 1.0630       | 1.1613       | 0.9000     | 1.3866       | 1.1452   |           
110    | 2.8025     | 0.5974     | 1.0754       | 1.1296       | 0.9146     | 1.3958       | 1.1987   |           
120    | 2.8527     | 0.5847     | 1.0973       | 1.1707       | 0.8594     | 1.2006       | 1.1728   |           
130    | 2.9122     | 0.6083     | 1.1174       | 1.1865       | 0.8958     | 1.1065       | 1.0272   |           
140    | 2.9727     | 0.5937     | 1.1140       | 1.2650       | 0.8927     | 1.0693       | 1.1550   | (ADV 0.36)
150    | 2.8614     | 0.5695     | 1.1287       | 1.1632       | 0.8938     | 0.9939       | 1.3044   |           
160    | 2.9651     | 0.6051     | 1.1332       | 1.2269       | 0.9146     | 1.0981       | 1.1184   |           
170    | 2.9016     | 0.5358     | 1.1399       | 1.2259       | 0.9250     | 1.0405       | 1.1964   |           
180    | 2.9336     | 0.5906     | 1.1477       | 1.1952       | 0.9125     | 1.0089       | 1.1340   |           
190    | 3.0533     | 0.6447     | 1.1812       | 1.2273       | 0.9021     | 1.0907       | 1.3493   |           
200    | 2.9466     | 0.5722     | 1.1541       | 1.2203       | 0.8917     | 0.9273       | 1.0061   |           
210    | 3.0083     | 0.6166     | 1.1769       | 1.2149       | 0.8927     | 0.9571       | 1.1738   |           
220    | 2.8777     | 0.5019     | 1.1713       | 1.2045       | 0.8875     | 0.9872       | 1.1996   |           
230    | 2.9339     | 0.5093     | 1.1910       | 1.2336       | 0.8958     | 0.9278       | 1.2091   |           
240    | 2.9910     | 0.5885     | 1.1839       | 1.2186       | 0.9052     | 0.9296       | 1.1459   |           
250    | 2.9346     | 0.5468     | 1.1873       | 1.2005       | 0.8875     | 0.9998       | 1.2436   |           
260    | 2.8973     | 0.5049     | 1.2064       | 1.1859       | 0.8979     | 0.9364       | 1.3305   |           
270    | 2.8985     | 0.5180     | 1.1776       | 1.2030       | 0.9146     | 0.8882       | 1.0849   |           
280    | 2.8955     | 0.4785     | 1.1932       | 1.2238       | 0.9219     | 0.8796       | 1.3637   |           
290    | 2.9619     | 0.5151     | 1.1971       | 1.2496       | 0.8958     | 0.9894       | 1.4948   |           
300    | 2.8716     | 0.4572     | 1.1800       | 1.2344       | 0.9094     | 0.8790       | 1.5440   |           
310    | 2.8996     | 0.5034     | 1.1768       | 1.2195       | 0.8365     | 0.9456       | 1.1302   |           
320    | 3.0108     | 0.5761     | 1.2024       | 1.2323       | 0.9062     | 0.8638       | 1.2335   |           
330    | 2.9740     | 0.5202     | 1.2119       | 1.2419       | 0.8698     | 0.8676       | 1.2693   |           
340    | 2.8687     | 0.4834     | 1.1884       | 1.1969       | 0.8635     | 0.8871       | 1.1997   |           
350    | 2.8618     | 0.4646     | 1.1871       | 1.2101       | 0.8865     | 0.8271       | 1.1798   |           
360    | 2.9192     | 0.4826     | 1.2059       | 1.2307       | 0.9062     | 0.8086       | 1.2608   |           
370    | 2.9791     | 0.5245     | 1.2116       | 1.2430       | 0.8906     | 0.8296       | 1.1244   |           
380    | 2.8853     | 0.4752     | 1.2002       | 1.2099       | 0.9083     | 0.8213       | 1.0314   |           
390    | 2.8851     | 0.4477     | 1.2249       | 1.2124       | 0.8812     | 0.8222       | 1.2574   |           
400    | 2.9447     | 0.4996     | 1.2194       | 1.2257       | 0.9021     | 0.8409       | 1.2548   |           
410    | 2.8911     | 0.4539     | 1.2043       | 1.2329       | 0.8677     | 0.8756       | 1.3084   |           
420    | 2.8924     | 0.4650     | 1.1955       | 1.2318       | 0.8740     | 0.8012       | 1.1214   |           
430    | 2.8841     | 0.4536     | 1.2137       | 1.2168       | 0.8854     | 0.7489       | 1.1906   |           
440    | 2.9808     | 0.4826     | 1.2463       | 1.2519       | 0.8750     | 0.7947       | 1.3151   |           
450    | 3.0188     | 0.5092     | 1.2474       | 1.2622       | 0.8792     | 0.7872       | 1.2826   |           
460    | 2.8643     | 0.4029     | 1.2233       | 1.2381       | 0.8708     | 0.8265       | 1.1854   |           
470    | 2.8407     | 0.3868     | 1.2398       | 1.2141       | 0.9115     | 0.6504       | 1.1660   | (ADV 0.59)
480    | 2.9638     | 0.4410     | 1.2565       | 1.2663       | 0.8750     | 0.6521       | 1.1254   |           
490    | 2.9372     | 0.4466     | 1.2261       | 1.2646       | 0.8604     | 0.7360       | 1.0955   |           
500    | 2.8820     | 0.4129     | 1.2246       | 1.2445       | 0.9187     | 0.6419       | 1.1119   |           
Seed 1024 | Src Acc: 92.8571 | Src MDE: 0.1021 | Tgt Acc: 26.1224 | Tgt MDE: 1.1775
Finished Combo GeoSPA_1. Results saved.
