==========================================
Current Architecture: GeoSPA-Net (Fixed)
mcAPs (Real Anchors): [1, 2, 3] (Indices: [0, 1, 2])
Legacy APs (Virtual): [4] (Indices: [3])
==========================================
>> Training Multi-Head PCN (Stage 2) on Source Domain for APs: [0, 1, 2, 3]...
>> Source PCN Training Finished. Huber Loss: 0.0179
>> Training Multi-Head PCN (Stage 2) on Target Domain for APs: [0, 1, 2]...
>> Target PCN Training Finished. Huber Loss: 0.0106

Start GeoSPA-Net Training Seed 42...
Epoch  | Total Loss | Tr Cls     | Tr Dom RSSI  | Tr Dom RTT   | Val T Acc  | Val T Entropy | Test MDE
------------------------------------------------------------------------------------------------------------------------
10     | 3.7938     | 1.9059     | 1.1457       | 0.7422       | 0.9052     | 3.2609       | 0.9560   |           
20     | 2.9805     | 1.0766     | 1.0193       | 0.8846       | 0.9448     | 2.4964       | 0.8668   |           
30     | 2.6783     | 0.7624     | 0.9919       | 0.9240       | 0.9729     | 1.9298       | 0.8168   | (ADV 0.01)
40     | 2.5478     | 0.6447     | 0.9768       | 0.9263       | 0.9802     | 1.6520       | 0.8546   | (ADV 0.15)
50     | 2.5804     | 0.6014     | 0.9870       | 0.9921       | 0.9771     | 1.4683       | 0.7797   |           
60     | 2.5646     | 0.5619     | 0.9974       | 1.0053       | 0.9719     | 1.3568       | 0.6706   |           
70     | 2.5453     | 0.5139     | 1.0292       | 1.0023       | 0.9771     | 1.2175       | 0.7102   |           
80     | 2.6603     | 0.5350     | 1.0879       | 1.0375       | 0.9771     | 1.1205       | 0.6983   | (ADV 0.42)
90     | 2.6258     | 0.4804     | 1.1110       | 1.0344       | 0.9792     | 1.0285       | 0.6330   |           
100    | 2.7257     | 0.5162     | 1.1247       | 1.0848       | 0.9594     | 0.9726       | 0.6188   |           
110    | 2.7203     | 0.4675     | 1.1423       | 1.1105       | 0.9854     | 0.9092       | 0.6198   | (ADV 0.53)
120    | 2.7706     | 0.4825     | 1.1657       | 1.1224       | 0.9719     | 0.8577       | 0.6086   |           
130    | 2.6622     | 0.4179     | 1.1313       | 1.1131       | 0.9667     | 0.8048       | 0.7200   |           
140    | 2.7350     | 0.4166     | 1.1884       | 1.1301       | 0.9802     | 0.7953       | 0.6651   |           
150    | 2.7197     | 0.4250     | 1.1485       | 1.1462       | 0.9677     | 0.8091       | 0.6059   |           
160    | 2.7916     | 0.4412     | 1.2005       | 1.1499       | 0.9812     | 0.7445       | 0.6460   | (ADV 0.61)
170    | 2.7809     | 0.4083     | 1.2335       | 1.1391       | 0.9771     | 0.7408       | 0.6203   |           
180    | 2.7788     | 0.4197     | 1.1833       | 1.1758       | 0.9792     | 0.7132       | 0.6322   |           
190    | 2.7999     | 0.4091     | 1.2068       | 1.1839       | 0.9802     | 0.6694       | 0.6264   |           
200    | 2.7890     | 0.4128     | 1.2223       | 1.1539       | 0.9667     | 0.7394       | 0.5816   |           
210    | 2.7822     | 0.4037     | 1.2062       | 1.1723       | 0.9760     | 0.6361       | 0.6388   |           
220    | 2.8103     | 0.3935     | 1.2370       | 1.1797       | 0.9854     | 0.5971       | 0.6053   | (ADV 0.69)
230    | 2.8425     | 0.4082     | 1.2123       | 1.2220       | 0.9865     | 0.6536       | 0.6262   |           
240    | 2.8007     | 0.3800     | 1.2221       | 1.1986       | 0.9802     | 0.6348       | 0.6151   |           
250    | 2.8045     | 0.3725     | 1.2435       | 1.1885       | 0.9781     | 0.6439       | 0.5748   |           
260    | 2.7923     | 0.3646     | 1.2353       | 1.1923       | 0.9760     | 0.6046       | 0.5896   |           
270    | 2.8793     | 0.3861     | 1.2603       | 1.2329       | 0.9792     | 0.6262       | 0.5803   |           
280    | 2.8408     | 0.3639     | 1.2358       | 1.2411       | 0.9833     | 0.6085       | 0.5838   |           
290    | 2.8414     | 0.3717     | 1.2531       | 1.2166       | 0.9729     | 0.5908       | 0.5835   |           
300    | 2.8526     | 0.3456     | 1.2913       | 1.2157       | 0.9708     | 0.6016       | 0.6289   |           
310    | 2.8912     | 0.3785     | 1.2787       | 1.2340       | 0.9740     | 0.5139       | 0.5757   |           
320    | 2.8522     | 0.3249     | 1.3033       | 1.2240       | 0.9812     | 0.5821       | 0.5936   |           
330    | 2.8865     | 0.3471     | 1.2828       | 1.2566       | 0.9802     | 0.5590       | 0.5363   |           
340    | 2.8192     | 0.3035     | 1.2737       | 1.2419       | 0.9844     | 0.5633       | 0.5848   |           
350    | 2.8741     | 0.3393     | 1.2889       | 1.2459       | 0.9823     | 0.5834       | 0.6243   |           
360    | 2.8544     | 0.3002     | 1.3102       | 1.2441       | 0.9708     | 0.4737       | 0.5283   |           
370    | 2.8135     | 0.2887     | 1.2870       | 1.2378       | 0.9844     | 0.4935       | 0.5574   |           
380    | 2.7825     | 0.2596     | 1.2884       | 1.2345       | 0.9854     | 0.4905       | 0.5958   |           
390    | 2.8602     | 0.3303     | 1.2939       | 1.2360       | 0.9865     | 0.4685       | 0.5148   |           
400    | 2.8458     | 0.3094     | 1.2881       | 1.2483       | 0.9802     | 0.4276       | 0.5532   |           
410    | 2.8268     | 0.2890     | 1.2903       | 1.2475       | 0.9833     | 0.4581       | 0.6206   |           
420    | 2.8316     | 0.2792     | 1.2913       | 1.2611       | 0.9781     | 0.4569       | 0.5545   |           
430    | 2.8393     | 0.3047     | 1.2859       | 1.2487       | 0.9875     | 0.4165       | 0.6259   |           
440    | 2.8369     | 0.2832     | 1.3061       | 1.2477       | 0.9812     | 0.4708       | 0.5244   |           
450    | 2.8224     | 0.2552     | 1.3223       | 1.2450       | 0.9698     | 0.4127       | 0.5215   |           
460    | 2.9081     | 0.3212     | 1.3247       | 1.2622       | 0.9854     | 0.4504       | 0.5962   |           
470    | 2.8072     | 0.2657     | 1.2990       | 1.2426       | 0.9844     | 0.4304       | 0.5619   |           
480    | 2.8868     | 0.3084     | 1.3179       | 1.2605       | 0.9719     | 0.4492       | 0.5792   |           
490    | 2.8517     | 0.3009     | 1.3140       | 1.2369       | 0.9823     | 0.4525       | 0.5458   |           
500    | 2.8481     | 0.2726     | 1.3064       | 1.2691       | 0.9792     | 0.4235       | 0.5181   |           
Seed 42 | Src Acc: 98.3673 | Src MDE: 0.0240 | Tgt Acc: 37.0408 | Tgt MDE: 0.5960
>> Training Multi-Head PCN (Stage 2) on Source Domain for APs: [0, 1, 2, 3]...
>> Source PCN Training Finished. Huber Loss: 0.0213
>> Training Multi-Head PCN (Stage 2) on Target Domain for APs: [0, 1, 2]...
>> Target PCN Training Finished. Huber Loss: 0.0125

Start GeoSPA-Net Training Seed 67...
Epoch  | Total Loss | Tr Cls     | Tr Dom RSSI  | Tr Dom RTT   | Val T Acc  | Val T Entropy | Test MDE
------------------------------------------------------------------------------------------------------------------------
10     | 3.9095     | 1.8097     | 1.1681       | 0.9318       | 0.9385     | 3.1668       | 0.7133   |           
20     | 2.8472     | 1.0473     | 1.0216       | 0.7783       | 0.9656     | 2.3310       | 0.5750   | (ADV -0.20)
30     | 2.6621     | 0.7649     | 0.9940       | 0.9031       | 0.9719     | 1.9037       | 0.5654   |           
40     | 2.5336     | 0.6381     | 0.9665       | 0.9290       | 0.9729     | 1.5731       | 0.5804   | (ADV 0.19)
50     | 2.5210     | 0.5676     | 0.9953       | 0.9581       | 0.9740     | 1.3933       | 0.6052   |           
60     | 2.4235     | 0.4856     | 0.9866       | 0.9512       | 0.9781     | 1.2335       | 0.6008   |           
70     | 2.5728     | 0.5087     | 1.0302       | 1.0338       | 0.9760     | 1.1882       | 0.6612   |           
80     | 2.5448     | 0.4519     | 1.0644       | 1.0285       | 0.9812     | 0.9534       | 0.6102   | (ADV 0.50)
90     | 2.6295     | 0.4739     | 1.1131       | 1.0426       | 0.9792     | 0.8940       | 0.6209   | (ADV 0.53)
100    | 2.6307     | 0.4682     | 1.0880       | 1.0745       | 0.9771     | 0.9625       | 0.5572   |           
110    | 2.6125     | 0.4186     | 1.1065       | 1.0874       | 0.9750     | 0.8403       | 0.5312   |           
120    | 2.6645     | 0.4084     | 1.1584       | 1.0977       | 0.9792     | 0.7523       | 0.5727   | (ADV 0.60)
130    | 2.6993     | 0.4141     | 1.1752       | 1.1100       | 0.9698     | 0.6736       | 0.5148   | (ADV 0.63)
140    | 2.7630     | 0.4522     | 1.1942       | 1.1166       | 0.9719     | 0.7284       | 0.5029   |           
150    | 2.7848     | 0.4622     | 1.1980       | 1.1246       | 0.9677     | 0.6645       | 0.5226   |           
160    | 2.7330     | 0.4023     | 1.2056       | 1.1250       | 0.9781     | 0.6933       | 0.5868   |           
170    | 2.8369     | 0.4092     | 1.2567       | 1.1710       | 0.9740     | 0.7221       | 0.5022   |           
180    | 2.8085     | 0.4001     | 1.2357       | 1.1727       | 0.9708     | 0.6567       | 0.4841   |           
190    | 2.8371     | 0.4085     | 1.2347       | 1.1938       | 0.9760     | 0.5957       | 0.5626   |           
200    | 2.7707     | 0.3708     | 1.2399       | 1.1600       | 0.9740     | 0.5831       | 0.5801   |           
210    | 2.7419     | 0.3532     | 1.2344       | 1.1543       | 0.9771     | 0.5797       | 0.6067   |           
220    | 2.8468     | 0.3954     | 1.2440       | 1.2075       | 0.9729     | 0.5365       | 0.5063   |           
230    | 2.8133     | 0.3878     | 1.2457       | 1.1798       | 0.9719     | 0.5035       | 0.5909   |           
240    | 2.8161     | 0.3775     | 1.2542       | 1.1844       | 0.9604     | 0.5203       | 0.4969   |           
250    | 2.7652     | 0.3131     | 1.2520       | 1.2001       | 0.9771     | 0.5071       | 0.5410   |           
260    | 2.8392     | 0.3818     | 1.2458       | 1.2116       | 0.9771     | 0.5105       | 0.5429   |           
270    | 2.7942     | 0.3371     | 1.2527       | 1.2044       | 0.9677     | 0.5127       | 0.5316   |           
280    | 2.7681     | 0.3338     | 1.2397       | 1.1947       | 0.9750     | 0.4776       | 0.5331   |           
290    | 2.7832     | 0.3209     | 1.2484       | 1.2140       | 0.9740     | 0.4643       | 0.4831   |           
300    | 2.7844     | 0.3236     | 1.2554       | 1.2054       | 0.9750     | 0.4494       | 0.5501   |           
310    | 2.7509     | 0.2973     | 1.2556       | 1.1980       | 0.9750     | 0.5175       | 0.5023   |           
320    | 2.8198     | 0.3023     | 1.2886       | 1.2289       | 0.9740     | 0.4487       | 0.5368   |           
330    | 2.7983     | 0.3124     | 1.2520       | 1.2339       | 0.9781     | 0.4324       | 0.4930   |           
340    | 2.8080     | 0.3147     | 1.2614       | 1.2319       | 0.9802     | 0.4272       | 0.5030   |           
350    | 2.8118     | 0.2934     | 1.2770       | 1.2414       | 0.9750     | 0.4400       | 0.4670   |           
360    | 2.8251     | 0.3077     | 1.2877       | 1.2298       | 0.9729     | 0.4241       | 0.5436   |           
370    | 2.7975     | 0.3028     | 1.2860       | 1.2087       | 0.9781     | 0.4354       | 0.6464   |           
380    | 2.8000     | 0.2796     | 1.2839       | 1.2365       | 0.9823     | 0.4069       | 0.6443   |           
390    | 2.8066     | 0.2913     | 1.2895       | 1.2257       | 0.9677     | 0.4181       | 0.5468   |           
400    | 2.8200     | 0.2975     | 1.2975       | 1.2251       | 0.9771     | 0.3682       | 0.5442   |           
410    | 2.8201     | 0.2875     | 1.2883       | 1.2443       | 0.9677     | 0.3458       | 0.5991   | (ADV 0.79)
420    | 2.8192     | 0.2827     | 1.2740       | 1.2624       | 0.9781     | 0.3768       | 0.5839   |           
430    | 2.8717     | 0.3182     | 1.2954       | 1.2580       | 0.9740     | 0.3454       | 0.6181   |           
440    | 2.7628     | 0.2443     | 1.2940       | 1.2246       | 0.9729     | 0.4162       | 0.6702   |           
450    | 2.8105     | 0.2653     | 1.2943       | 1.2509       | 0.9750     | 0.3382       | 0.5969   |           
460    | 2.8413     | 0.2697     | 1.3234       | 1.2481       | 0.9688     | 0.3645       | 0.6533   |           
470    | 2.8351     | 0.2727     | 1.3147       | 1.2478       | 0.9719     | 0.3326       | 0.6524   |           
480    | 2.8672     | 0.2822     | 1.3264       | 1.2586       | 0.9698     | 0.3491       | 0.5858   |           
490    | 2.8230     | 0.2553     | 1.3199       | 1.2478       | 0.9750     | 0.3550       | 0.5739   |           
500    | 2.8134     | 0.2396     | 1.3268       | 1.2470       | 0.9688     | 0.3298       | 0.5967   |           
Seed 67 | Src Acc: 98.4694 | Src MDE: 0.0221 | Tgt Acc: 38.0612 | Tgt MDE: 0.6391
>> Training Multi-Head PCN (Stage 2) on Source Domain for APs: [0, 1, 2, 3]...
>> Source PCN Training Finished. Huber Loss: 0.0162
>> Training Multi-Head PCN (Stage 2) on Target Domain for APs: [0, 1, 2]...
>> Target PCN Training Finished. Huber Loss: 0.0091

Start GeoSPA-Net Training Seed 1024...
Epoch  | Total Loss | Tr Cls     | Tr Dom RSSI  | Tr Dom RTT   | Val T Acc  | Val T Entropy | Test MDE
------------------------------------------------------------------------------------------------------------------------
10     | 4.0966     | 1.9515     | 1.1265       | 1.0185       | 0.8948     | 3.2495       | 0.8180   |           
20     | 2.8559     | 1.0471     | 0.9578       | 0.8510       | 0.9594     | 2.4957       | 0.6177   | (ADV -0.29)
30     | 2.6706     | 0.7859     | 0.9560       | 0.9287       | 0.9729     | 1.9388       | 0.5807   | (ADV 0.00)
40     | 2.5109     | 0.6237     | 0.9654       | 0.9219       | 0.9719     | 1.5767       | 0.6221   | (ADV 0.18)
50     | 2.5103     | 0.5667     | 0.9704       | 0.9732       | 0.9771     | 1.3566       | 0.6377   |           
60     | 2.4178     | 0.5001     | 0.9650       | 0.9527       | 0.9760     | 1.2269       | 0.6649   | (ADV 0.36)
70     | 2.5663     | 0.4903     | 1.0589       | 1.0171       | 0.9719     | 1.1279       | 0.6642   |           
80     | 2.6120     | 0.4857     | 1.0858       | 1.0404       | 0.9635     | 0.9905       | 0.6081   | (ADV 0.47)
90     | 2.6268     | 0.4855     | 1.0868       | 1.0546       | 0.9750     | 0.9778       | 0.6606   |           
100    | 2.5996     | 0.4605     | 1.0849       | 1.0542       | 0.9688     | 0.9310       | 0.5619   |           
110    | 2.6422     | 0.4387     | 1.1346       | 1.0689       | 0.9729     | 0.9232       | 0.6040   |           
120    | 2.6645     | 0.4202     | 1.1180       | 1.1262       | 0.9708     | 0.8463       | 0.6080   |           
130    | 2.7382     | 0.4452     | 1.1688       | 1.1242       | 0.9771     | 0.8171       | 0.5781   |           
140    | 2.7151     | 0.4013     | 1.1732       | 1.1406       | 0.9688     | 0.7463       | 0.5868   |           
150    | 2.7421     | 0.4099     | 1.1949       | 1.1372       | 0.9802     | 0.7211       | 0.6404   |           
160    | 2.7488     | 0.3889     | 1.2039       | 1.1559       | 0.9750     | 0.7212       | 0.6961   |           
170    | 2.7471     | 0.3951     | 1.1865       | 1.1655       | 0.9760     | 0.6846       | 0.6948   |           
180    | 2.7597     | 0.3936     | 1.2108       | 1.1552       | 0.9750     | 0.7223       | 0.6464   |           
190    | 2.8625     | 0.4617     | 1.2408       | 1.1601       | 0.9771     | 0.6694       | 0.6736   |           
200    | 2.7299     | 0.3685     | 1.2139       | 1.1475       | 0.9771     | 0.6405       | 0.6150   |           
210    | 2.7730     | 0.3896     | 1.2290       | 1.1543       | 0.9698     | 0.6764       | 0.6664   |           
220    | 2.7360     | 0.3691     | 1.2153       | 1.1516       | 0.9771     | 0.6280       | 0.6324   |           
230    | 2.7194     | 0.3325     | 1.2282       | 1.1587       | 0.9781     | 0.6199       | 0.6328   |           
240    | 2.7930     | 0.3929     | 1.2318       | 1.1683       | 0.9750     | 0.6384       | 0.5999   |           
250    | 2.7631     | 0.3497     | 1.2469       | 1.1665       | 0.9802     | 0.5571       | 0.5686   | (ADV 0.70)
260    | 2.8275     | 0.3806     | 1.2463       | 1.2006       | 0.9698     | 0.5417       | 0.6088   |           
270    | 2.7911     | 0.3428     | 1.2554       | 1.1929       | 0.9771     | 0.5130       | 0.5977   |           
280    | 2.8414     | 0.3921     | 1.2326       | 1.2168       | 0.9719     | 0.5182       | 0.5565   |           
290    | 2.7783     | 0.3347     | 1.2362       | 1.2074       | 0.9750     | 0.5219       | 0.6316   |           
300    | 2.7643     | 0.3303     | 1.2394       | 1.1946       | 0.9771     | 0.4809       | 0.6403   |           
310    | 2.7578     | 0.3138     | 1.2630       | 1.1810       | 0.9760     | 0.4643       | 0.6685   |           
320    | 2.8758     | 0.3829     | 1.2730       | 1.2198       | 0.9781     | 0.5361       | 0.6131   |           
330    | 2.7678     | 0.3122     | 1.2647       | 1.1908       | 0.9781     | 0.4778       | 0.6082   |           
340    | 2.7948     | 0.3203     | 1.2615       | 1.2130       | 0.9760     | 0.4454       | 0.6006   |           
350    | 2.8029     | 0.3326     | 1.2565       | 1.2137       | 0.9802     | 0.4576       | 0.5970   |           
360    | 2.8670     | 0.3342     | 1.2952       | 1.2377       | 0.9729     | 0.4888       | 0.5406   |           
370    | 2.8400     | 0.3583     | 1.2645       | 1.2172       | 0.9740     | 0.4559       | 0.5836   |           
380    | 2.8098     | 0.3302     | 1.2766       | 1.2030       | 0.9729     | 0.4751       | 0.6560   |           
390    | 2.7899     | 0.2932     | 1.2838       | 1.2130       | 0.9760     | 0.4713       | 0.6433   |           
400    | 2.8096     | 0.3163     | 1.2867       | 1.2066       | 0.9740     | 0.5073       | 0.5817   |           
410    | 2.7693     | 0.2866     | 1.2773       | 1.2054       | 0.9729     | 0.4723       | 0.6657   |           
420    | 2.8094     | 0.3262     | 1.2681       | 1.2151       | 0.9729     | 0.4606       | 0.5877   |           
430    | 2.8733     | 0.3288     | 1.3005       | 1.2440       | 0.9781     | 0.4426       | 0.6270   |           
440    | 2.8424     | 0.3285     | 1.2851       | 1.2289       | 0.9656     | 0.4563       | 0.6188   |           
450    | 2.8335     | 0.3278     | 1.2950       | 1.2107       | 0.9771     | 0.3960       | 0.5821   |           
460    | 2.8589     | 0.2820     | 1.3265       | 1.2503       | 0.9698     | 0.3951       | 0.5737   |           
470    | 2.8568     | 0.2965     | 1.3071       | 1.2533       | 0.9802     | 0.4231       | 0.6407   |           
480    | 2.8668     | 0.2914     | 1.3192       | 1.2561       | 0.9760     | 0.4738       | 0.5734   |           
490    | 2.8233     | 0.2680     | 1.3025       | 1.2529       | 0.9729     | 0.3942       | 0.6015   |           
500    | 2.8212     | 0.2727     | 1.3116       | 1.2370       | 0.9750     | 0.4115       | 0.6046   |           
Seed 1024 | Src Acc: 97.5510 | Src MDE: 0.0304 | Tgt Acc: 43.7755 | Tgt MDE: 0.5695
Finished Combo GeoSPA_1_2_3. Results saved.
