==========================================
Current Architecture: GeoSPA-Net (Fixed)
mcAPs (Real Anchors): [2] (Indices: [1])
Legacy APs (Virtual): [1, 3, 4] (Indices: [0, 2, 3])
==========================================
>> Training Multi-Head PCN (Stage 2) on Source Domain for APs: [0, 1, 2, 3]...
>> Source PCN Training Finished. Huber Loss: 0.0199
>> Training Multi-Head PCN (Stage 2) on Target Domain for APs: [1]...
>> Target PCN Training Finished. Huber Loss: 0.0028

Start GeoSPA-Net Training Seed 42...
Epoch  | Total Loss | Tr Cls     | Tr Dom RSSI  | Tr Dom RTT   | Val T Acc  | Val T Entropy | Test MDE
------------------------------------------------------------------------------------------------------------------------
10     | 3.2589     | 2.0472     | 1.1084       | 0.1033       | 0.7688     | 3.4994       | 2.2271   |           
20     | 2.4508     | 1.2875     | 0.9512       | 0.2121       | 0.8094     | 3.0280       | 2.0694   | (ADV -0.70)
30     | 2.4287     | 0.9532     | 0.9218       | 0.5537       | 0.8292     | 2.5236       | 1.7684   |           
40     | 2.3365     | 0.8456     | 0.9427       | 0.5482       | 0.8021     | 2.2209       | 1.7366   |           
50     | 2.4852     | 0.7876     | 0.9527       | 0.7449       | 0.8187     | 1.9524       | 1.6949   | (ADV -0.16)
60     | 2.6806     | 0.7710     | 0.9896       | 0.9201       | 0.8135     | 1.7756       | 1.6646   |           
70     | 2.6941     | 0.7149     | 0.9947       | 0.9845       | 0.8740     | 1.4875       | 1.6002   | (ADV 0.13)
80     | 2.7741     | 0.7211     | 1.0307       | 1.0223       | 0.7812     | 1.3942       | 1.6367   |           
90     | 2.8007     | 0.6558     | 1.0566       | 1.0883       | 0.7708     | 1.4904       | 1.7117   |           
100    | 2.8390     | 0.6798     | 1.0815       | 1.0776       | 0.8063     | 1.3113       | 1.5193   |           
110    | 2.8440     | 0.6620     | 1.0927       | 1.0892       | 0.8135     | 1.2086       | 1.6514   |           
120    | 2.9281     | 0.6507     | 1.1341       | 1.1434       | 0.7448     | 1.1362       | 1.5981   |           
130    | 2.8900     | 0.6319     | 1.1286       | 1.1296       | 0.8542     | 1.1088       | 1.4500   |           
140    | 2.8849     | 0.5730     | 1.1668       | 1.1451       | 0.7854     | 1.0619       | 1.2901   |           
150    | 2.9258     | 0.6319     | 1.1548       | 1.1390       | 0.7802     | 1.0498       | 1.9388   |           
160    | 2.9860     | 0.6039     | 1.1808       | 1.2013       | 0.8344     | 1.0438       | 1.3351   |           
170    | 3.0088     | 0.6181     | 1.1548       | 1.2359       | 0.7542     | 1.0690       | 1.3958   |           
180    | 2.8689     | 0.5732     | 1.1291       | 1.1666       | 0.7990     | 0.9835       | 1.3081   |           
190    | 2.8981     | 0.5466     | 1.1618       | 1.1898       | 0.8094     | 0.9775       | 1.6488   |           
200    | 2.9805     | 0.5962     | 1.1606       | 1.2237       | 0.8187     | 1.0609       | 1.2069   |           
210    | 2.9556     | 0.5544     | 1.1797       | 1.2215       | 0.8115     | 0.9828       | 1.3435   |           
220    | 2.9217     | 0.5601     | 1.1952       | 1.1664       | 0.8740     | 1.0010       | 1.3970   |           
230    | 2.9038     | 0.5357     | 1.1681       | 1.2000       | 0.8583     | 0.9534       | 1.7584   |           
240    | 2.9253     | 0.5156     | 1.1986       | 1.2110       | 0.7677     | 0.8200       | 1.4738   |           
250    | 2.8911     | 0.4862     | 1.1984       | 1.2065       | 0.7760     | 0.9652       | 1.3097   |           
260    | 3.0052     | 0.5843     | 1.1940       | 1.2270       | 0.8083     | 0.9491       | 1.4890   |           
270    | 2.9121     | 0.4892     | 1.2035       | 1.2194       | 0.7854     | 0.9158       | 1.3755   |           
280    | 3.0133     | 0.5693     | 1.2248       | 1.2192       | 0.7312     | 0.8380       | 1.3883   |           
290    | 2.9653     | 0.5199     | 1.2091       | 1.2364       | 0.6781     | 0.8299       | 1.5230   |           
300    | 2.9470     | 0.4970     | 1.2324       | 1.2175       | 0.7188     | 0.8468       | 1.5511   |           
310    | 2.9397     | 0.4768     | 1.2252       | 1.2376       | 0.8073     | 0.8737       | 1.3593   |           
320    | 2.8893     | 0.4597     | 1.2217       | 1.2080       | 0.7562     | 0.8680       | 1.6131   |           
330    | 2.9648     | 0.5141     | 1.2194       | 1.2313       | 0.6573     | 0.8783       | 1.3438   |           
340    | 2.9471     | 0.4861     | 1.2366       | 1.2243       | 0.7104     | 0.8666       | 1.6502   |           
350    | 2.9604     | 0.4788     | 1.2575       | 1.2241       | 0.7365     | 0.7785       | 1.3316   |           
360    | 2.9592     | 0.4584     | 1.2729       | 1.2280       | 0.7625     | 0.7604       | 1.6880   |           
370    | 2.9883     | 0.4446     | 1.2834       | 1.2603       | 0.7667     | 0.7776       | 1.4058   |           
380    | 2.9319     | 0.4179     | 1.2793       | 1.2348       | 0.7604     | 0.6955       | 1.5675   |           
390    | 2.9639     | 0.4731     | 1.2605       | 1.2303       | 0.7604     | 0.7741       | 1.5110   |           
400    | 2.9495     | 0.4065     | 1.2705       | 1.2726       | 0.7354     | 0.6948       | 1.5058   |           
410    | 2.9931     | 0.4346     | 1.2929       | 1.2656       | 0.7677     | 0.8714       | 1.5785   |           
420    | 2.9413     | 0.4510     | 1.2700       | 1.2203       | 0.7990     | 0.7703       | 1.4965   |           
430    | 3.0072     | 0.4769     | 1.2688       | 1.2614       | 0.7490     | 0.7461       | 1.4411   |           
440    | 2.9198     | 0.4074     | 1.2604       | 1.2521       | 0.7490     | 0.7513       | 1.5454   |           
450    | 2.9400     | 0.4273     | 1.2639       | 1.2488       | 0.7229     | 0.7575       | 1.5125   |           
460    | 2.9833     | 0.4514     | 1.2865       | 1.2454       | 0.7219     | 0.8554       | 1.6170   |           
470    | 2.9012     | 0.3717     | 1.2789       | 1.2505       | 0.7385     | 0.8159       | 1.4288   |           
480    | 2.9873     | 0.4502     | 1.2914       | 1.2457       | 0.6844     | 0.7629       | 1.5736   |           
490    | 3.0017     | 0.4524     | 1.3021       | 1.2472       | 0.7344     | 0.7801       | 1.4618   |           
500    | 2.9809     | 0.4182     | 1.3220       | 1.2407       | 0.7719     | 0.7735       | 1.6213   |           
Seed 42 | Src Acc: 78.4694 | Src MDE: 0.4369 | Tgt Acc: 25.0000 | Tgt MDE: 1.5794
>> Training Multi-Head PCN (Stage 2) on Source Domain for APs: [0, 1, 2, 3]...
>> Source PCN Training Finished. Huber Loss: 0.0197
>> Training Multi-Head PCN (Stage 2) on Target Domain for APs: [1]...
>> Target PCN Training Finished. Huber Loss: 0.0034

Start GeoSPA-Net Training Seed 67...
Epoch  | Total Loss | Tr Cls     | Tr Dom RSSI  | Tr Dom RTT   | Val T Acc  | Val T Entropy | Test MDE
------------------------------------------------------------------------------------------------------------------------
10     | 3.2275     | 2.0229     | 1.0666       | 0.1379       | 0.5948     | 3.5252       | 2.2255   |           
20     | 2.3854     | 1.2926     | 0.9416       | 0.1512       | 0.7292     | 2.9484       | 2.3772   | (ADV -0.75)
30     | 2.2314     | 1.0157     | 0.9383       | 0.2774       | 0.7323     | 2.4526       | 2.0535   |           
40     | 2.5355     | 0.9069     | 0.9563       | 0.6723       | 0.7469     | 2.2310       | 1.8746   |           
50     | 2.5118     | 0.8224     | 0.9990       | 0.6904       | 0.7125     | 1.8820       | 2.0068   |           
60     | 2.5995     | 0.7142     | 0.9972       | 0.8880       | 0.8073     | 1.7346       | 1.6080   | (ADV -0.06)
70     | 2.7573     | 0.7612     | 1.0739       | 0.9222       | 0.7635     | 1.5929       | 1.4362   |           
80     | 2.7392     | 0.7040     | 1.0341       | 1.0012       | 0.7927     | 1.5729       | 1.3379   |           
90     | 2.8134     | 0.7245     | 1.0578       | 1.0311       | 0.7677     | 1.4028       | 1.2605   |           
100    | 2.8825     | 0.7312     | 1.0670       | 1.0843       | 0.8740     | 1.2441       | 0.9205   | (ADV 0.25)
110    | 2.8546     | 0.6590     | 1.1014       | 1.0943       | 0.8938     | 1.3139       | 1.1711   |           
120    | 2.8798     | 0.6242     | 1.1354       | 1.1202       | 0.8177     | 1.2625       | 1.1562   |           
130    | 2.8987     | 0.6104     | 1.1405       | 1.1478       | 0.8448     | 1.1670       | 1.0827   |           
140    | 2.9483     | 0.6428     | 1.1623       | 1.1431       | 0.7823     | 1.1681       | 1.1734   |           
150    | 2.9272     | 0.6289     | 1.1571       | 1.1412       | 0.8469     | 1.1269       | 1.2545   |           
160    | 2.9830     | 0.6478     | 1.1689       | 1.1662       | 0.8688     | 1.1889       | 1.1735   |           
170    | 3.0633     | 0.6933     | 1.1959       | 1.1741       | 0.7937     | 1.0302       | 1.2679   |           
180    | 3.0681     | 0.6409     | 1.1965       | 1.2307       | 0.7958     | 1.2807       | 1.3472   |           
190    | 3.0293     | 0.6304     | 1.1741       | 1.2248       | 0.7969     | 1.0767       | 1.1567   |           
200    | 2.9402     | 0.5712     | 1.1872       | 1.1817       | 0.8562     | 1.0034       | 1.1235   | (ADV 0.35)
210    | 2.8871     | 0.5451     | 1.1485       | 1.1935       | 0.7635     | 0.9902       | 1.1105   |           
220    | 2.9756     | 0.5580     | 1.1821       | 1.2356       | 0.8531     | 0.8798       | 1.1166   | (ADV 0.41)
230    | 3.0624     | 0.6100     | 1.2004       | 1.2520       | 0.7656     | 1.0705       | 1.3055   |           
240    | 3.0085     | 0.6004     | 1.2057       | 1.2023       | 0.7688     | 1.0069       | 1.1196   |           
250    | 2.9767     | 0.5563     | 1.2033       | 1.2171       | 0.8427     | 0.9360       | 1.0953   |           
260    | 3.0201     | 0.5971     | 1.2096       | 1.2134       | 0.7781     | 1.0417       | 1.2861   |           
270    | 3.0005     | 0.5661     | 1.2269       | 1.2076       | 0.7312     | 1.0625       | 1.2416   |           
280    | 3.0652     | 0.5938     | 1.2347       | 1.2368       | 0.8115     | 0.9913       | 1.1667   |           
290    | 2.9630     | 0.5490     | 1.2264       | 1.1876       | 0.7396     | 0.9505       | 1.6247   |           
300    | 3.0261     | 0.5790     | 1.1928       | 1.2543       | 0.7271     | 0.9726       | 1.2129   |           
310    | 2.9732     | 0.5301     | 1.1971       | 1.2460       | 0.7615     | 0.9642       | 1.5383   |           
320    | 2.9536     | 0.5063     | 1.2285       | 1.2187       | 0.7177     | 0.8414       | 1.1201   |           
330    | 2.9539     | 0.4915     | 1.2115       | 1.2509       | 0.7135     | 0.9498       | 1.2480   |           
340    | 2.9927     | 0.5127     | 1.2326       | 1.2474       | 0.6521     | 0.9889       | 1.3845   |           
350    | 2.9522     | 0.5100     | 1.2122       | 1.2300       | 0.6719     | 0.8376       | 1.3926   |           
360    | 2.9406     | 0.4885     | 1.2180       | 1.2341       | 0.7354     | 0.8931       | 1.6905   |           
370    | 2.9737     | 0.5099     | 1.2240       | 1.2397       | 0.6438     | 0.8646       | 1.4513   |           
380    | 2.9990     | 0.5368     | 1.1935       | 1.2687       | 0.7219     | 0.8507       | 1.1592   |           
390    | 2.9972     | 0.5159     | 1.2307       | 1.2506       | 0.6417     | 0.9448       | 1.5171   |           
400    | 3.0219     | 0.5348     | 1.2235       | 1.2635       | 0.6656     | 0.9654       | 1.3306   |           
410    | 2.9495     | 0.4769     | 1.2329       | 1.2397       | 0.5635     | 0.9091       | 1.3677   |           
420    | 2.9965     | 0.4861     | 1.2164       | 1.2940       | 0.5552     | 0.8886       | 1.4855   |           
430    | 3.0944     | 0.5741     | 1.2524       | 1.2679       | 0.6490     | 0.9344       | 1.5300   |           
440    | 2.9544     | 0.4688     | 1.2351       | 1.2505       | 0.6052     | 0.8794       | 1.5845   |           
450    | 3.0228     | 0.5302     | 1.2625       | 1.2300       | 0.5125     | 0.7941       | 1.7489   |           
460    | 2.9584     | 0.4361     | 1.2562       | 1.2661       | 0.7000     | 0.7834       | 1.7432   |           
470    | 2.9704     | 0.5053     | 1.2487       | 1.2164       | 0.6229     | 0.8708       | 1.8222   |           
480    | 2.9159     | 0.4311     | 1.2558       | 1.2289       | 0.6198     | 0.8465       | 1.8119   |           
490    | 3.1296     | 0.5041     | 1.2596       | 1.3659       | 0.5771     | 0.9108       | 1.8754   |           
500    | 2.9708     | 0.4510     | 1.2536       | 1.2662       | 0.5750     | 0.8453       | 1.5986   |           
Seed 67 | Src Acc: 89.2857 | Src MDE: 0.1567 | Tgt Acc: 29.1837 | Tgt MDE: 1.4545
>> Training Multi-Head PCN (Stage 2) on Source Domain for APs: [0, 1, 2, 3]...
>> Source PCN Training Finished. Huber Loss: 0.0163
>> Training Multi-Head PCN (Stage 2) on Target Domain for APs: [1]...
>> Target PCN Training Finished. Huber Loss: 0.0028

Start GeoSPA-Net Training Seed 1024...
Epoch  | Total Loss | Tr Cls     | Tr Dom RSSI  | Tr Dom RTT   | Val T Acc  | Val T Entropy | Test MDE
------------------------------------------------------------------------------------------------------------------------
10     | 3.2557     | 2.0486     | 1.0818       | 0.1253       | 0.7562     | 3.4940       | 2.1703   |           
20     | 2.4526     | 1.2685     | 0.9389       | 0.2452       | 0.8500     | 3.0034       | 1.9573   | (ADV -0.65)
30     | 2.5889     | 1.0553     | 0.9850       | 0.5485       | 0.8812     | 2.5497       | 1.5411   | (ADV -0.39)
40     | 2.6181     | 0.8898     | 0.9863       | 0.7420       | 0.8750     | 2.2839       | 1.3747   |           
50     | 2.6457     | 0.7919     | 0.9877       | 0.8661       | 0.8990     | 1.9444       | 1.3600   |           
60     | 2.6432     | 0.7221     | 1.0153       | 0.9058       | 0.9292     | 1.7307       | 1.1968   | (ADV 0.06)
70     | 2.6647     | 0.6778     | 1.0115       | 0.9754       | 0.8875     | 1.6275       | 1.1475   |           
80     | 2.8251     | 0.7267     | 1.0620       | 1.0364       | 0.9219     | 1.4861       | 1.1398   | (ADV 0.18)
90     | 2.8710     | 0.6750     | 1.0866       | 1.1095       | 0.9177     | 1.3471       | 1.2196   |           
100    | 2.7863     | 0.6297     | 1.0842       | 1.0724       | 0.9437     | 1.3611       | 1.2674   |           
110    | 2.8334     | 0.6526     | 1.0913       | 1.0894       | 0.8927     | 1.2566       | 1.0224   |           
120    | 2.9131     | 0.6369     | 1.1367       | 1.1395       | 0.9219     | 1.2210       | 1.0531   |           
130    | 3.0158     | 0.6467     | 1.1661       | 1.2030       | 0.8760     | 1.1640       | 0.9859   |           
140    | 2.8928     | 0.5925     | 1.1469       | 1.1534       | 0.9104     | 1.0943       | 0.9990   |           
150    | 2.9768     | 0.6130     | 1.1537       | 1.2100       | 0.8833     | 1.1342       | 0.9876   |           
160    | 3.0003     | 0.6161     | 1.2031       | 1.1811       | 0.9417     | 1.0476       | 1.0582   | (ADV 0.42)
170    | 2.9449     | 0.5819     | 1.1843       | 1.1787       | 0.9010     | 1.0482       | 0.9548   |           
180    | 2.9271     | 0.5912     | 1.1711       | 1.1647       | 0.8990     | 1.0252       | 1.0414   |           
190    | 3.0476     | 0.6257     | 1.2027       | 1.2192       | 0.9094     | 1.1025       | 1.0968   |           
200    | 2.9771     | 0.6005     | 1.1778       | 1.1987       | 0.9167     | 1.0012       | 1.1346   |           
210    | 3.0379     | 0.5897     | 1.2299       | 1.2183       | 0.8438     | 1.0251       | 1.1739   |           
220    | 2.9555     | 0.5243     | 1.2076       | 1.2237       | 0.8396     | 0.9824       | 1.0708   |           
230    | 2.9607     | 0.5361     | 1.2141       | 1.2105       | 0.8260     | 0.9425       | 1.1684   |           
240    | 3.0682     | 0.6014     | 1.2248       | 1.2419       | 0.8812     | 0.9582       | 1.1556   |           
250    | 3.0629     | 0.5976     | 1.2310       | 1.2343       | 0.8500     | 0.9802       | 1.2982   |           
260    | 2.9613     | 0.5144     | 1.2186       | 1.2284       | 0.7979     | 0.9834       | 1.2191   |           
270    | 2.9902     | 0.5305     | 1.2263       | 1.2335       | 0.8510     | 0.9773       | 1.3742   |           
280    | 2.9869     | 0.5239     | 1.2319       | 1.2312       | 0.8656     | 0.9324       | 1.3074   |           
290    | 2.9906     | 0.5059     | 1.2411       | 1.2436       | 0.8865     | 0.9255       | 1.1946   |           
300    | 2.9342     | 0.4661     | 1.2395       | 1.2286       | 0.8354     | 0.8909       | 1.3754   |           
310    | 2.9146     | 0.4715     | 1.2342       | 1.2089       | 0.9062     | 0.8298       | 1.0850   |           
320    | 3.0578     | 0.5674     | 1.2474       | 1.2430       | 0.8229     | 0.9450       | 1.4767   |           
330    | 2.9408     | 0.4769     | 1.2273       | 1.2366       | 0.8229     | 0.8395       | 1.1320   |           
340    | 2.9738     | 0.4918     | 1.2161       | 1.2659       | 0.8292     | 0.8801       | 1.1200   |           
350    | 3.0381     | 0.5335     | 1.2305       | 1.2741       | 0.8177     | 0.8502       | 1.1650   |           
360    | 2.9668     | 0.4511     | 1.2429       | 1.2727       | 0.8812     | 0.8303       | 1.1676   |           
370    | 3.0042     | 0.5076     | 1.2521       | 1.2444       | 0.8927     | 0.7757       | 1.3590   |           
380    | 2.9178     | 0.4428     | 1.2540       | 1.2210       | 0.8667     | 0.7426       | 1.2826   |           
390    | 2.9829     | 0.4277     | 1.2480       | 1.3072       | 0.8771     | 0.7579       | 1.3244   |           
400    | 3.0069     | 0.4578     | 1.2548       | 1.2943       | 0.8854     | 0.7763       | 1.0853   |           
410    | 2.9286     | 0.4155     | 1.2402       | 1.2728       | 0.8427     | 0.7450       | 1.1044   |           
420    | 2.9802     | 0.4469     | 1.2763       | 1.2570       | 0.8854     | 0.7946       | 1.2877   |           
430    | 2.9313     | 0.4282     | 1.2539       | 1.2492       | 0.8490     | 0.7983       | 1.2944   |           
440    | 3.0176     | 0.4767     | 1.2662       | 1.2747       | 0.8229     | 0.8345       | 1.4266   |           
450    | 3.0240     | 0.4849     | 1.2681       | 1.2710       | 0.8427     | 0.8261       | 1.3036   |           
460    | 2.9476     | 0.4395     | 1.2496       | 1.2585       | 0.8500     | 0.7117       | 1.3118   |           
470    | 3.0149     | 0.4500     | 1.2871       | 1.2778       | 0.8823     | 0.7981       | 1.5715   |           
480    | 3.0398     | 0.4685     | 1.2916       | 1.2796       | 0.7750     | 0.8286       | 1.2624   |           
490    | 2.9311     | 0.3827     | 1.2911       | 1.2573       | 0.8750     | 0.7505       | 1.1763   |           
500    | 2.9459     | 0.3918     | 1.2888       | 1.2653       | 0.7740     | 0.8084       | 1.3449   |           
Seed 1024 | Src Acc: 91.7347 | Src MDE: 0.1000 | Tgt Acc: 24.2857 | Tgt MDE: 1.2356
Finished Combo GeoSPA_2. Results saved.
