==========================================
Current Architecture: GeoSPA-Net (Fixed)
mcAPs (Real Anchors): [3] (Indices: [2])
Legacy APs (Virtual): [1, 2, 4] (Indices: [0, 1, 3])
==========================================
>> Training Multi-Head PCN (Stage 2) on Source Domain for APs: [0, 1, 2, 3]...
>> Source PCN Training Finished. Huber Loss: 0.0199
>> Training Multi-Head PCN (Stage 2) on Target Domain for APs: [2]...
>> Target PCN Training Finished. Huber Loss: 0.0045

Start GeoSPA-Net Training Seed 42...
Epoch  | Total Loss | Tr Cls     | Tr Dom RSSI  | Tr Dom RTT   | Val T Acc  | Val T Entropy | Test MDE
------------------------------------------------------------------------------------------------------------------------
10     | 3.3591     | 2.0609     | 1.0030       | 0.2952       | 0.7490     | 3.5123       | 1.9670   |           
20     | 2.5760     | 1.3366     | 0.9624       | 0.2770       | 0.8375     | 2.9556       | 1.4871   | (ADV -0.64)
30     | 2.3387     | 1.0261     | 0.9458       | 0.3668       | 0.8865     | 2.4187       | 1.5686   | (ADV -0.32)
40     | 2.3978     | 0.9090     | 0.9799       | 0.5089       | 0.9000     | 2.1261       | 1.2918   | (ADV -0.16)
50     | 2.4455     | 0.8534     | 0.9796       | 0.6125       | 0.9219     | 1.8684       | 1.1967   | (ADV -0.01)
60     | 2.7586     | 0.8353     | 1.0430       | 0.8802       | 0.9271     | 1.7617       | 1.1844   |           
70     | 2.7881     | 0.7790     | 1.0334       | 0.9757       | 0.9240     | 1.5064       | 1.2244   | (ADV 0.17)
80     | 2.8751     | 0.7786     | 1.0574       | 1.0392       | 0.9146     | 1.5209       | 1.1667   |           
90     | 2.8345     | 0.7322     | 1.0542       | 1.0481       | 0.9250     | 1.4542       | 1.2562   |           
100    | 2.9782     | 0.7742     | 1.0911       | 1.1128       | 0.9219     | 1.3424       | 1.2015   |           
110    | 2.9326     | 0.7147     | 1.1027       | 1.1152       | 0.9021     | 1.2432       | 1.1455   |           
120    | 3.0354     | 0.7030     | 1.1525       | 1.1799       | 0.9167     | 1.1731       | 1.2495   |           
130    | 2.9714     | 0.6793     | 1.1452       | 1.1469       | 0.9219     | 1.1458       | 1.2046   |           
140    | 2.9269     | 0.6316     | 1.1321       | 1.1631       | 0.9406     | 1.1733       | 1.1425   |           
150    | 2.9759     | 0.6736     | 1.1158       | 1.1864       | 0.9271     | 1.1039       | 1.2358   |           
160    | 2.9822     | 0.6840     | 1.1611       | 1.1372       | 0.9281     | 1.1226       | 1.0760   |           
170    | 3.0746     | 0.6729     | 1.2036       | 1.1981       | 0.9177     | 1.0217       | 1.0588   |           
180    | 3.0055     | 0.6717     | 1.1818       | 1.1520       | 0.9000     | 1.0075       | 1.0194   |           
190    | 2.9920     | 0.6229     | 1.1684       | 1.2007       | 0.9219     | 0.9720       | 1.1627   |           
200    | 3.0895     | 0.6676     | 1.2010       | 1.2209       | 0.8844     | 1.0875       | 1.1384   |           
210    | 3.0967     | 0.6347     | 1.1888       | 1.2732       | 0.9260     | 0.8983       | 1.0540   | (ADV 0.48)
220    | 3.0191     | 0.6290     | 1.2022       | 1.1880       | 0.8812     | 0.9168       | 1.2195   |           
230    | 3.0241     | 0.6203     | 1.1946       | 1.2092       | 0.9125     | 1.0041       | 1.2004   |           
240    | 3.0802     | 0.6323     | 1.2321       | 1.2158       | 0.9135     | 0.9110       | 1.1644   |           
250    | 3.0028     | 0.6053     | 1.2040       | 1.1935       | 0.9083     | 0.8942       | 1.0978   |           
260    | 3.0566     | 0.6173     | 1.2385       | 1.2008       | 0.8938     | 0.9731       | 1.1994   |           
270    | 3.1092     | 0.6306     | 1.2406       | 1.2379       | 0.9229     | 0.8475       | 1.1891   | (ADV 0.50)
280    | 3.0562     | 0.6030     | 1.2306       | 1.2226       | 0.9135     | 0.8486       | 1.0694   |           
290    | 3.0501     | 0.6409     | 1.2082       | 1.2009       | 0.9167     | 0.8991       | 1.0766   |           
300    | 3.0918     | 0.5811     | 1.2477       | 1.2631       | 0.9365     | 0.8594       | 1.1235   |           
310    | 3.0562     | 0.5935     | 1.2379       | 1.2249       | 0.9125     | 0.7537       | 1.1917   |           
320    | 3.0172     | 0.5345     | 1.2607       | 1.2220       | 0.9052     | 0.8398       | 1.1372   |           
330    | 3.0774     | 0.5708     | 1.2543       | 1.2523       | 0.9208     | 0.8115       | 1.2058   |           
340    | 3.0811     | 0.5907     | 1.2376       | 1.2529       | 0.9219     | 0.7618       | 1.1754   |           
350    | 3.0494     | 0.5632     | 1.2423       | 1.2439       | 0.9021     | 0.7492       | 1.1698   |           
360    | 3.0737     | 0.5754     | 1.2459       | 1.2524       | 0.9229     | 0.7011       | 1.1410   | (ADV 0.57)
370    | 3.0242     | 0.5332     | 1.2550       | 1.2359       | 0.9354     | 0.7612       | 1.2605   |           
380    | 3.0692     | 0.5095     | 1.2629       | 1.2968       | 0.8250     | 0.8106       | 1.1490   |           
390    | 3.0272     | 0.5327     | 1.2499       | 1.2446       | 0.9021     | 0.7536       | 1.0628   |           
400    | 2.9758     | 0.4947     | 1.2438       | 1.2373       | 0.9302     | 0.7716       | 1.1400   |           
410    | 3.0418     | 0.5288     | 1.2686       | 1.2444       | 0.9292     | 0.8157       | 1.0833   |           
420    | 3.0647     | 0.5117     | 1.2593       | 1.2938       | 0.9240     | 0.7999       | 1.1409   |           
430    | 3.0595     | 0.5470     | 1.2622       | 1.2503       | 0.9031     | 0.8031       | 1.0969   |           
440    | 2.9713     | 0.4825     | 1.2489       | 1.2399       | 0.8750     | 0.7445       | 1.0822   |           
450    | 3.0234     | 0.4882     | 1.2784       | 1.2569       | 0.9104     | 0.7584       | 1.1848   |           
460    | 3.0573     | 0.5484     | 1.2523       | 1.2565       | 0.8948     | 0.7220       | 1.1701   |           
470    | 3.0037     | 0.4823     | 1.2467       | 1.2747       | 0.9146     | 0.7270       | 1.0876   |           
480    | 3.0351     | 0.5093     | 1.2879       | 1.2378       | 0.9208     | 0.7341       | 1.1139   |           
490    | 3.0899     | 0.5368     | 1.2890       | 1.2641       | 0.9313     | 0.7288       | 1.0656   |           
500    | 3.0125     | 0.4866     | 1.2801       | 1.2458       | 0.9208     | 0.7529       | 1.0669   |           
Seed 42 | Src Acc: 93.1633 | Src MDE: 0.1138 | Tgt Acc: 28.5714 | Tgt MDE: 1.1296
>> Training Multi-Head PCN (Stage 2) on Source Domain for APs: [0, 1, 2, 3]...
>> Source PCN Training Finished. Huber Loss: 0.0197
>> Training Multi-Head PCN (Stage 2) on Target Domain for APs: [2]...
>> Target PCN Training Finished. Huber Loss: 0.0045

Start GeoSPA-Net Training Seed 67...
Epoch  | Total Loss | Tr Cls     | Tr Dom RSSI  | Tr Dom RTT   | Val T Acc  | Val T Entropy | Test MDE
------------------------------------------------------------------------------------------------------------------------
10     | 3.2233     | 1.9839     | 1.1137       | 0.1257       | 0.7708     | 3.3641       | 1.7572   |           
20     | 2.5001     | 1.2601     | 1.0194       | 0.2206       | 0.8344     | 2.7853       | 1.4913   | (ADV -0.56)
30     | 2.6816     | 1.0250     | 1.0036       | 0.6531       | 0.8625     | 2.3875       | 1.3828   | (ADV -0.33)
40     | 2.7960     | 0.9088     | 1.0169       | 0.8703       | 0.8260     | 2.0386       | 1.4701   |           
50     | 2.7753     | 0.8366     | 1.0325       | 0.9063       | 0.8375     | 1.7944       | 1.2959   |           
60     | 2.7044     | 0.7165     | 1.0211       | 0.9668       | 0.8156     | 1.5724       | 1.2326   |           
70     | 2.8407     | 0.7241     | 1.0794       | 1.0372       | 0.8281     | 1.4980       | 1.1157   |           
80     | 2.7960     | 0.6982     | 1.0568       | 1.0410       | 0.8448     | 1.2875       | 1.3140   | (ADV 0.20)
90     | 2.8456     | 0.6715     | 1.0850       | 1.0891       | 0.8542     | 1.3691       | 1.1688   |           
100    | 2.9181     | 0.6847     | 1.1127       | 1.1207       | 0.8646     | 1.2462       | 1.1473   |           
110    | 2.8602     | 0.6521     | 1.1188       | 1.0894       | 0.8635     | 1.1899       | 1.2394   |           
120    | 2.9645     | 0.6759     | 1.1534       | 1.1352       | 0.8135     | 1.1345       | 1.1714   |           
130    | 2.9606     | 0.6428     | 1.1498       | 1.1681       | 0.8187     | 1.0074       | 1.2882   |           
140    | 3.0068     | 0.6607     | 1.1491       | 1.1970       | 0.7958     | 1.1865       | 1.2457   |           
150    | 3.0426     | 0.6553     | 1.1990       | 1.1883       | 0.7885     | 1.0485       | 1.1989   |           
160    | 3.0439     | 0.6840     | 1.1713       | 1.1885       | 0.7885     | 1.0394       | 1.1608   |           
170    | 2.9472     | 0.5935     | 1.1891       | 1.1647       | 0.7781     | 1.0380       | 1.2043   |           
180    | 2.9955     | 0.5906     | 1.2138       | 1.1912       | 0.8135     | 0.9972       | 1.0932   |           
190    | 2.9441     | 0.5843     | 1.2024       | 1.1574       | 0.8083     | 0.8504       | 1.1987   |           
200    | 3.0154     | 0.5718     | 1.2227       | 1.2209       | 0.7969     | 0.9448       | 1.2843   |           
210    | 2.9694     | 0.5668     | 1.2162       | 1.1864       | 0.7854     | 0.9189       | 1.1677   |           
220    | 3.0345     | 0.6054     | 1.2364       | 1.1927       | 0.7937     | 0.9201       | 1.2032   |           
230    | 3.1101     | 0.6434     | 1.2542       | 1.2125       | 0.7885     | 0.9346       | 1.2271   |           
240    | 3.0306     | 0.5778     | 1.2512       | 1.2015       | 0.8083     | 0.9460       | 1.2767   |           
250    | 3.0102     | 0.5708     | 1.2332       | 1.2062       | 0.7885     | 0.9070       | 1.1882   |           
260    | 3.0320     | 0.5785     | 1.2571       | 1.1964       | 0.7990     | 0.9014       | 1.2581   |           
270    | 2.9963     | 0.5531     | 1.2416       | 1.2016       | 0.8510     | 0.8666       | 1.1713   |           
280    | 3.0200     | 0.5487     | 1.2552       | 1.2160       | 0.7594     | 0.9318       | 1.2043   |           
290    | 2.9999     | 0.5304     | 1.2566       | 1.2129       | 0.8385     | 0.9303       | 1.2889   |           
300    | 3.0208     | 0.5657     | 1.2753       | 1.1797       | 0.8281     | 0.7920       | 1.0211   |           
310    | 2.9640     | 0.5213     | 1.2556       | 1.1871       | 0.8281     | 0.8012       | 1.1426   |           
320    | 2.9760     | 0.5234     | 1.2587       | 1.1939       | 0.8083     | 0.7715       | 1.0795   |           
330    | 3.0186     | 0.5400     | 1.2581       | 1.2205       | 0.8229     | 0.8519       | 1.1184   |           
340    | 2.9689     | 0.4928     | 1.2554       | 1.2207       | 0.8094     | 0.7587       | 1.1642   |           
350    | 3.0209     | 0.5128     | 1.2717       | 1.2365       | 0.8823     | 0.8183       | 1.0327   |           
360    | 2.9850     | 0.4955     | 1.2637       | 1.2258       | 0.8156     | 0.7834       | 1.1464   |           
370    | 2.9500     | 0.4856     | 1.2620       | 1.2024       | 0.8302     | 0.7023       | 1.0022   |           
380    | 3.0236     | 0.5277     | 1.2724       | 1.2236       | 0.8604     | 0.6980       | 1.2963   |           
390    | 2.9803     | 0.4864     | 1.2737       | 1.2202       | 0.8833     | 0.6688       | 1.0956   | (ADV 0.55)
400    | 3.0324     | 0.5204     | 1.2774       | 1.2346       | 0.8656     | 0.6578       | 1.0881   |           
410    | 3.0115     | 0.5002     | 1.2759       | 1.2353       | 0.8323     | 0.6877       | 1.2211   |           
420    | 2.9791     | 0.4838     | 1.2620       | 1.2333       | 0.8740     | 0.7250       | 1.1665   |           
430    | 3.0467     | 0.5301     | 1.2602       | 1.2564       | 0.8781     | 0.7416       | 1.1863   |           
440    | 2.9488     | 0.4576     | 1.2755       | 1.2156       | 0.8719     | 0.5552       | 1.1787   |           
450    | 2.9673     | 0.4556     | 1.2842       | 1.2274       | 0.8896     | 0.7714       | 1.2279   |           
460    | 2.9831     | 0.4435     | 1.2834       | 1.2562       | 0.8979     | 0.7115       | 1.0799   |           
470    | 2.9951     | 0.4857     | 1.2819       | 1.2275       | 0.8438     | 0.8049       | 1.0998   |           
480    | 3.0208     | 0.4968     | 1.2923       | 1.2317       | 0.8458     | 0.7997       | 1.0966   |           
490    | 3.0362     | 0.4790     | 1.3025       | 1.2547       | 0.8677     | 0.6433       | 1.2879   |           
500    | 3.0058     | 0.4412     | 1.3079       | 1.2567       | 0.8427     | 0.6655       | 1.2032   |           
Seed 67 | Src Acc: 89.6939 | Src MDE: 0.1578 | Tgt Acc: 22.8571 | Tgt MDE: 1.1629
>> Training Multi-Head PCN (Stage 2) on Source Domain for APs: [0, 1, 2, 3]...
>> Source PCN Training Finished. Huber Loss: 0.0163
>> Training Multi-Head PCN (Stage 2) on Target Domain for APs: [2]...
>> Target PCN Training Finished. Huber Loss: 0.0028

Start GeoSPA-Net Training Seed 1024...
Epoch  | Total Loss | Tr Cls     | Tr Dom RSSI  | Tr Dom RTT   | Val T Acc  | Val T Entropy | Test MDE
------------------------------------------------------------------------------------------------------------------------
10     | 3.2434     | 2.0828     | 1.0563       | 0.1043       | 0.7406     | 3.5373       | 1.4709   |           
20     | 2.4420     | 1.2982     | 0.9337       | 0.2101       | 0.8177     | 3.1359       | 1.4406   |           
30     | 2.3663     | 1.0413     | 0.9200       | 0.4049       | 0.8302     | 2.7792       | 1.4281   |           
40     | 2.5292     | 0.9152     | 0.9783       | 0.6356       | 0.8125     | 2.3152       | 1.4528   |           
50     | 2.8223     | 0.8907     | 1.0196       | 0.9120       | 0.8771     | 2.0084       | 1.3390   |           
60     | 2.8045     | 0.7987     | 0.9879       | 1.0179       | 0.8781     | 1.8898       | 1.3419   |           
70     | 2.7733     | 0.7280     | 0.9969       | 1.0484       | 0.8635     | 1.7277       | 1.4174   |           
80     | 2.8223     | 0.7269     | 1.0396       | 1.0558       | 0.8677     | 1.6558       | 1.3316   |           
90     | 2.8643     | 0.7309     | 1.0549       | 1.0785       | 0.8792     | 1.4136       | 1.3681   | (ADV 0.17)
100    | 2.8695     | 0.7174     | 1.0657       | 1.0864       | 0.8615     | 1.4138       | 1.3295   |           
110    | 2.9450     | 0.7202     | 1.0916       | 1.1332       | 0.8562     | 1.4373       | 1.5023   |           
120    | 2.8740     | 0.6573     | 1.1116       | 1.1051       | 0.8677     | 1.2480       | 1.5347   |           
130    | 2.9665     | 0.6935     | 1.1403       | 1.1327       | 0.8677     | 1.2940       | 1.3765   |           
140    | 2.9438     | 0.6801     | 1.1667       | 1.0970       | 0.8865     | 1.3603       | 1.4091   |           
150    | 3.0715     | 0.6967     | 1.1791       | 1.1956       | 0.8823     | 1.1701       | 1.3771   | (ADV 0.30)
160    | 3.0207     | 0.6813     | 1.1700       | 1.1693       | 0.8208     | 1.1125       | 1.3210   |           
170    | 2.9975     | 0.6767     | 1.1998       | 1.1209       | 0.8583     | 1.2187       | 1.4802   |           
180    | 2.9280     | 0.6352     | 1.1763       | 1.1165       | 0.8406     | 1.2060       | 1.3901   |           
190    | 3.0744     | 0.6988     | 1.2018       | 1.1738       | 0.8406     | 1.1531       | 1.2220   |           
200    | 3.1376     | 0.7306     | 1.2142       | 1.1929       | 0.8688     | 1.1496       | 1.3006   |           
210    | 3.0623     | 0.6819     | 1.2022       | 1.1782       | 0.8333     | 1.1203       | 1.5449   |           
220    | 2.9980     | 0.6038     | 1.2146       | 1.1797       | 0.8667     | 1.1045       | 1.4121   |           
230    | 2.9781     | 0.6178     | 1.1973       | 1.1630       | 0.8510     | 1.1095       | 1.2856   |           
240    | 3.0622     | 0.6598     | 1.2166       | 1.1858       | 0.8208     | 1.1842       | 1.1495   |           
250    | 3.0424     | 0.6309     | 1.2295       | 1.1820       | 0.8156     | 0.9386       | 1.2798   |           
260    | 3.0657     | 0.6372     | 1.2334       | 1.1952       | 0.8292     | 1.0465       | 1.3270   |           
270    | 3.0618     | 0.6146     | 1.2223       | 1.2249       | 0.8104     | 0.8981       | 1.2667   |           
280    | 3.0879     | 0.5960     | 1.2417       | 1.2502       | 0.8333     | 0.9332       | 1.2649   |           
290    | 3.0204     | 0.5875     | 1.2381       | 1.1948       | 0.8083     | 0.9441       | 1.3588   |           
300    | 2.9380     | 0.5639     | 1.2201       | 1.1540       | 0.8406     | 0.8317       | 1.4420   | (ADV 0.42)
310    | 3.1100     | 0.5820     | 1.2806       | 1.2475       | 0.8354     | 0.9760       | 1.1933   |           
320    | 3.1081     | 0.6449     | 1.2420       | 1.2211       | 0.7917     | 0.9382       | 1.2540   |           
330    | 3.0661     | 0.5702     | 1.2510       | 1.2449       | 0.8240     | 0.8934       | 1.5129   |           
340    | 3.0554     | 0.5717     | 1.2689       | 1.2148       | 0.8500     | 0.8950       | 1.4755   |           
350    | 3.0071     | 0.5801     | 1.2277       | 1.1993       | 0.8510     | 0.8861       | 1.3697   |           
360    | 2.9924     | 0.5541     | 1.2675       | 1.1708       | 0.8396     | 0.9771       | 1.2897   |           
370    | 3.0860     | 0.5911     | 1.2616       | 1.2333       | 0.8667     | 0.9188       | 1.3967   |           
380    | 3.0090     | 0.5372     | 1.2433       | 1.2285       | 0.8271     | 0.9065       | 1.2473   |           
390    | 3.0385     | 0.5276     | 1.2738       | 1.2371       | 0.7990     | 0.9532       | 1.2359   |           
400    | 3.0041     | 0.5384     | 1.2742       | 1.1914       | 0.8229     | 0.8765       | 1.3157   |           
410    | 2.9988     | 0.5126     | 1.2743       | 1.2119       | 0.8250     | 0.9398       | 1.3127   |           
420    | 3.0759     | 0.5912     | 1.2710       | 1.2137       | 0.8208     | 0.9966       | 1.2348   |           
430    | 3.0004     | 0.5214     | 1.2646       | 1.2144       | 0.8615     | 0.8718       | 1.2698   |           
440    | 3.0279     | 0.5663     | 1.2455       | 1.2162       | 0.8250     | 0.8337       | 1.2758   |           
450    | 3.0856     | 0.5756     | 1.2694       | 1.2405       | 0.8208     | 0.8452       | 1.1563   |           
460    | 3.0567     | 0.5607     | 1.2500       | 1.2460       | 0.8240     | 0.9198       | 1.2568   |           
470    | 3.0122     | 0.5291     | 1.2543       | 1.2288       | 0.8302     | 0.8474       | 1.3264   |           
480    | 3.0509     | 0.5167     | 1.2705       | 1.2637       | 0.8740     | 0.8253       | 1.2289   |           
490    | 3.0273     | 0.4921     | 1.2846       | 1.2505       | 0.8240     | 0.9465       | 1.1642   |           
500    | 3.0110     | 0.4925     | 1.2726       | 1.2459       | 0.8219     | 0.8116       | 1.1707   |           
Seed 1024 | Src Acc: 87.9592 | Src MDE: 0.1566 | Tgt Acc: 22.9592 | Tgt MDE: 1.1934
Finished Combo GeoSPA_3. Results saved.
