==========================================
Current Architecture: GeoSPA-Net (Fixed)
mcAPs (Real Anchors): [1, 2] (Indices: [0, 1])
Legacy APs (Virtual): [3, 4] (Indices: [2, 3])
==========================================
>> Training Multi-Head PCN (Stage 2) on Source Domain for APs: [0, 1, 2, 3]...
>> Source PCN Training Finished. Huber Loss: 0.0179
>> Training Multi-Head PCN (Stage 2) on Target Domain for APs: [0, 1]...
>> Target PCN Training Finished. Huber Loss: 0.0060

Start GeoSPA-Net Training Seed 42...
Epoch  | Total Loss | Tr Cls     | Tr Dom RSSI  | Tr Dom RTT   | Val T Acc  | Val T Entropy | Test MDE
------------------------------------------------------------------------------------------------------------------------
10     | 3.5639     | 2.0088     | 1.1406       | 0.4145       | 0.9021     | 3.3619       | 1.0512   |           
20     | 2.8481     | 1.2151     | 0.9974       | 0.6357       | 0.9573     | 2.6376       | 0.9869   | (ADV -0.36)
30     | 2.5870     | 0.8543     | 0.9879       | 0.7447       | 0.9594     | 2.0871       | 0.7734   |           
40     | 2.5945     | 0.7236     | 0.9823       | 0.8886       | 0.9844     | 1.7997       | 0.7502   |           
50     | 2.5920     | 0.6544     | 1.0092       | 0.9284       | 0.9854     | 1.5377       | 0.7142   | (ADV 0.22)
60     | 2.6057     | 0.6234     | 1.0072       | 0.9750       | 0.9750     | 1.4188       | 0.6398   |           
70     | 2.5959     | 0.5745     | 1.0264       | 0.9950       | 0.9844     | 1.1931       | 0.6187   |           
80     | 2.7146     | 0.5740     | 1.0675       | 1.0731       | 0.9885     | 1.1085       | 0.6904   | (ADV 0.43)
90     | 2.6243     | 0.5146     | 1.0672       | 1.0426       | 0.9865     | 1.0679       | 0.6270   | (ADV 0.45)
100    | 2.6929     | 0.5158     | 1.0953       | 1.0818       | 0.9844     | 1.0514       | 0.5899   |           
110    | 2.7031     | 0.5146     | 1.0813       | 1.1072       | 0.9833     | 0.9416       | 0.5850   |           
120    | 2.7566     | 0.4974     | 1.0836       | 1.1755       | 0.9812     | 0.9658       | 0.6003   |           
130    | 2.7283     | 0.4817     | 1.0830       | 1.1636       | 0.9833     | 0.8961       | 0.7620   |           
140    | 2.7720     | 0.4608     | 1.1156       | 1.1956       | 0.9844     | 0.9446       | 0.8375   |           
150    | 2.7928     | 0.4731     | 1.1619       | 1.1579       | 0.9844     | 0.8945       | 0.6872   |           
160    | 2.8432     | 0.4618     | 1.1976       | 1.1838       | 0.9854     | 0.7710       | 0.7295   | (ADV 0.60)
170    | 2.8218     | 0.4533     | 1.1637       | 1.2048       | 0.9844     | 0.7933       | 0.8413   |           
180    | 2.8336     | 0.4452     | 1.1698       | 1.2186       | 0.9854     | 0.8120       | 0.6801   |           
190    | 2.8940     | 0.4535     | 1.1882       | 1.2524       | 0.9823     | 0.7356       | 0.6505   |           
200    | 2.8953     | 0.4630     | 1.2202       | 1.2120       | 0.9875     | 0.8146       | 0.6699   |           
210    | 2.8183     | 0.4331     | 1.2018       | 1.1835       | 0.9802     | 0.7153       | 0.6403   |           
220    | 2.8931     | 0.4557     | 1.1970       | 1.2403       | 0.9812     | 0.6948       | 0.6920   |           
230    | 2.8154     | 0.4120     | 1.1741       | 1.2293       | 0.9875     | 0.6688       | 0.7442   |           
240    | 2.8246     | 0.4262     | 1.2116       | 1.1867       | 0.9760     | 0.6548       | 0.6626   |           
250    | 2.8416     | 0.3890     | 1.1835       | 1.2691       | 0.9833     | 0.6503       | 0.6444   |           
260    | 2.8672     | 0.4044     | 1.2230       | 1.2398       | 0.9854     | 0.7467       | 0.7886   |           
270    | 2.8219     | 0.3840     | 1.2154       | 1.2224       | 0.9865     | 0.6417       | 0.7471   |           
280    | 2.8762     | 0.4343     | 1.2212       | 1.2207       | 0.9875     | 0.6579       | 0.6295   |           
290    | 2.8396     | 0.3889     | 1.2187       | 1.2320       | 0.9833     | 0.5949       | 0.7715   |           
300    | 2.8410     | 0.3714     | 1.2369       | 1.2327       | 0.9865     | 0.5667       | 0.6800   |           
310    | 2.8596     | 0.3993     | 1.2170       | 1.2433       | 0.9781     | 0.6183       | 0.6466   |           
320    | 2.8592     | 0.3710     | 1.2414       | 1.2467       | 0.9812     | 0.5839       | 0.6649   |           
330    | 2.8656     | 0.3790     | 1.2516       | 1.2350       | 0.9719     | 0.5872       | 0.6100   |           
340    | 2.9221     | 0.3908     | 1.2478       | 1.2835       | 0.9812     | 0.5096       | 0.6359   |           
350    | 2.8487     | 0.3666     | 1.2367       | 1.2454       | 0.9812     | 0.5380       | 0.7062   |           
360    | 2.8908     | 0.3577     | 1.2689       | 1.2642       | 0.9812     | 0.5915       | 0.6250   |           
370    | 2.8485     | 0.3467     | 1.2426       | 1.2592       | 0.9812     | 0.4885       | 0.6333   |           
380    | 2.8212     | 0.3369     | 1.2369       | 1.2474       | 0.9802     | 0.5619       | 0.6473   |           
390    | 2.8539     | 0.3588     | 1.2488       | 1.2464       | 0.9896     | 0.5052       | 0.6963   |           
400    | 2.8006     | 0.3163     | 1.2509       | 1.2333       | 0.9781     | 0.4474       | 0.7206   | (ADV 0.75)
410    | 2.8487     | 0.3266     | 1.2588       | 1.2632       | 0.9802     | 0.4735       | 0.5859   |           
420    | 2.8476     | 0.3427     | 1.2651       | 1.2398       | 0.9833     | 0.5382       | 0.5839   |           
430    | 2.8995     | 0.3575     | 1.2785       | 1.2635       | 0.9833     | 0.4328       | 0.6088   | (ADV 0.77)
440    | 2.8554     | 0.3224     | 1.2680       | 1.2650       | 0.9833     | 0.5066       | 0.7416   |           
450    | 2.8459     | 0.2997     | 1.2792       | 1.2670       | 0.9781     | 0.4345       | 0.7183   |           
460    | 2.8716     | 0.3326     | 1.2846       | 1.2544       | 0.9812     | 0.5015       | 0.5926   |           
470    | 2.8061     | 0.2831     | 1.2728       | 1.2502       | 0.9885     | 0.5006       | 0.7153   |           
480    | 2.8263     | 0.2939     | 1.2874       | 1.2450       | 0.9823     | 0.4051       | 0.6264   |           
490    | 2.8817     | 0.3295     | 1.2947       | 1.2575       | 0.9823     | 0.5101       | 0.6206   |           
500    | 2.8332     | 0.3016     | 1.2875       | 1.2441       | 0.9885     | 0.4755       | 0.5673   |           
Seed 42 | Src Acc: 97.5510 | Src MDE: 0.0525 | Tgt Acc: 36.0204 | Tgt MDE: 0.6521
>> Training Multi-Head PCN (Stage 2) on Source Domain for APs: [0, 1, 2, 3]...
>> Source PCN Training Finished. Huber Loss: 0.0213
>> Training Multi-Head PCN (Stage 2) on Target Domain for APs: [0, 1]...
>> Target PCN Training Finished. Huber Loss: 0.0075

Start GeoSPA-Net Training Seed 67...
Epoch  | Total Loss | Tr Cls     | Tr Dom RSSI  | Tr Dom RTT   | Val T Acc  | Val T Entropy | Test MDE
------------------------------------------------------------------------------------------------------------------------
10     | 3.5096     | 1.8870     | 1.1541       | 0.4685       | 0.8615     | 3.3658       | 0.8525   |           
20     | 2.6770     | 1.1375     | 0.9994       | 0.5402       | 0.9375     | 2.6650       | 1.0033   | (ADV -0.39)
30     | 2.6837     | 0.8711     | 1.0081       | 0.8045       | 0.9573     | 2.2096       | 0.8752   |           
40     | 2.5254     | 0.7165     | 0.9662       | 0.8426       | 0.9646     | 1.7994       | 0.6533   |           
50     | 2.6429     | 0.6533     | 1.0006       | 0.9889       | 0.9646     | 1.5941       | 0.7289   |           
60     | 2.4934     | 0.5421     | 0.9815       | 0.9698       | 0.9698     | 1.3821       | 0.6525   |           
70     | 2.6058     | 0.5493     | 1.0292       | 1.0273       | 0.9729     | 1.2494       | 0.6807   | (ADV 0.35)
80     | 2.6223     | 0.5161     | 1.0439       | 1.0623       | 0.9740     | 1.1593       | 0.6665   |           
90     | 2.6321     | 0.5089     | 1.0833       | 1.0399       | 0.9760     | 1.0825       | 0.6641   |           
100    | 2.6284     | 0.5030     | 1.0805       | 1.0449       | 0.9781     | 1.0549       | 0.7051   |           
110    | 2.6867     | 0.4760     | 1.0851       | 1.1256       | 0.9750     | 0.9415       | 0.7775   |           
120    | 2.7710     | 0.4743     | 1.1289       | 1.1677       | 0.9677     | 0.8903       | 0.6147   |           
130    | 2.6661     | 0.4308     | 1.1352       | 1.1001       | 0.9677     | 0.8534       | 0.7092   |           
140    | 2.7243     | 0.4617     | 1.1402       | 1.1224       | 0.9615     | 0.8649       | 0.6422   |           
150    | 2.8067     | 0.4818     | 1.1865       | 1.1384       | 0.9708     | 0.8104       | 0.6112   |           
160    | 2.7735     | 0.4396     | 1.1864       | 1.1476       | 0.9708     | 0.7966       | 0.6246   |           
170    | 2.7831     | 0.4576     | 1.1713       | 1.1542       | 0.9615     | 0.7948       | 0.6331   |           
180    | 2.7822     | 0.4393     | 1.1811       | 1.1619       | 0.9719     | 0.7401       | 0.7019   |           
190    | 2.7993     | 0.4347     | 1.1675       | 1.1972       | 0.9667     | 0.7115       | 0.7218   |           
200    | 2.8028     | 0.4373     | 1.1755       | 1.1900       | 0.9656     | 0.7720       | 0.7082   |           
210    | 2.8313     | 0.4181     | 1.1987       | 1.2146       | 0.9677     | 0.7876       | 0.7206   |           
220    | 2.8290     | 0.4379     | 1.2142       | 1.1769       | 0.9615     | 0.6354       | 0.6199   |           
230    | 2.8325     | 0.4160     | 1.2145       | 1.2019       | 0.9688     | 0.7090       | 0.6715   |           
240    | 2.8107     | 0.4100     | 1.2136       | 1.1871       | 0.9750     | 0.6787       | 0.7293   |           
250    | 2.8034     | 0.3753     | 1.2215       | 1.2065       | 0.9740     | 0.6467       | 0.7024   |           
260    | 2.8494     | 0.4283     | 1.2131       | 1.2080       | 0.9688     | 0.6466       | 0.6678   |           
270    | 2.7893     | 0.3787     | 1.2294       | 1.1812       | 0.9750     | 0.6777       | 0.7773   |           
280    | 2.8148     | 0.3682     | 1.2330       | 1.2136       | 0.9729     | 0.6543       | 0.7319   |           
290    | 2.7855     | 0.3506     | 1.2128       | 1.2221       | 0.9740     | 0.6098       | 0.6671   |           
300    | 2.8631     | 0.3863     | 1.2450       | 1.2318       | 0.9635     | 0.5716       | 0.7273   |           
310    | 2.8089     | 0.3544     | 1.2258       | 1.2287       | 0.9656     | 0.7280       | 0.7691   |           
320    | 2.8339     | 0.3463     | 1.2680       | 1.2195       | 0.9729     | 0.5347       | 0.7324   | (ADV 0.71)
330    | 2.8220     | 0.3464     | 1.2408       | 1.2348       | 0.9677     | 0.6273       | 0.6970   |           
340    | 2.8309     | 0.3581     | 1.2630       | 1.2098       | 0.9771     | 0.5486       | 0.6901   |           
350    | 2.8326     | 0.3479     | 1.2811       | 1.2036       | 0.9688     | 0.5304       | 0.7100   |           
360    | 2.8054     | 0.3264     | 1.2638       | 1.2152       | 0.9729     | 0.5571       | 0.6283   |           
370    | 2.8266     | 0.3188     | 1.2671       | 1.2407       | 0.9677     | 0.5451       | 0.6215   |           
380    | 2.8645     | 0.3388     | 1.2794       | 1.2463       | 0.9771     | 0.5272       | 0.7088   |           
390    | 2.8629     | 0.3228     | 1.2768       | 1.2633       | 0.9656     | 0.5268       | 0.7124   |           
400    | 2.8608     | 0.3349     | 1.2681       | 1.2578       | 0.9760     | 0.4818       | 0.7364   |           
410    | 2.8558     | 0.3166     | 1.2878       | 1.2514       | 0.9719     | 0.4832       | 0.6269   |           
420    | 2.8246     | 0.2798     | 1.2875       | 1.2573       | 0.9740     | 0.4947       | 0.7024   |           
430    | 2.9148     | 0.3584     | 1.2893       | 1.2670       | 0.9729     | 0.4591       | 0.5774   |           
440    | 2.8145     | 0.2680     | 1.2843       | 1.2623       | 0.9656     | 0.4676       | 0.5919   |           
450    | 2.9040     | 0.3448     | 1.2694       | 1.2897       | 0.9656     | 0.4808       | 0.6728   |           
460    | 2.8492     | 0.2867     | 1.2888       | 1.2737       | 0.9719     | 0.4284       | 0.6787   |           
470    | 2.8277     | 0.3068     | 1.2926       | 1.2283       | 0.9656     | 0.4527       | 0.6774   |           
480    | 2.8744     | 0.2842     | 1.2941       | 1.2961       | 0.9771     | 0.4341       | 0.6201   |           
490    | 2.8463     | 0.2879     | 1.2888       | 1.2696       | 0.9646     | 0.4239       | 0.6690   |           
500    | 2.8562     | 0.3019     | 1.2745       | 1.2798       | 0.9688     | 0.4857       | 0.6717   |           
Seed 67 | Src Acc: 97.5510 | Src MDE: 0.0458 | Tgt Acc: 41.4286 | Tgt MDE: 0.6597
>> Training Multi-Head PCN (Stage 2) on Source Domain for APs: [0, 1, 2, 3]...
>> Source PCN Training Finished. Huber Loss: 0.0162
>> Training Multi-Head PCN (Stage 2) on Target Domain for APs: [0, 1]...
>> Target PCN Training Finished. Huber Loss: 0.0064

Start GeoSPA-Net Training Seed 1024...
Epoch  | Total Loss | Tr Cls     | Tr Dom RSSI  | Tr Dom RTT   | Val T Acc  | Val T Entropy | Test MDE
------------------------------------------------------------------------------------------------------------------------
10     | 3.6763     | 1.9957     | 1.1217       | 0.5589       | 0.8448     | 3.2548       | 1.1324   |           
20     | 2.8016     | 1.1536     | 0.9606       | 0.6875       | 0.9208     | 2.4947       | 0.7326   | (ADV -0.33)
30     | 2.7250     | 0.9021     | 0.9815       | 0.8415       | 0.9625     | 2.0859       | 0.7127   |           
40     | 2.6224     | 0.7112     | 0.9874       | 0.9238       | 0.9615     | 1.6330       | 0.7383   | (ADV 0.14)
50     | 2.5958     | 0.6372     | 1.0037       | 0.9549       | 0.9635     | 1.4736       | 0.7501   |           
60     | 2.5185     | 0.5636     | 1.0004       | 0.9546       | 0.9740     | 1.3472       | 0.7189   | (ADV 0.30)
70     | 2.4984     | 0.5125     | 0.9937       | 0.9922       | 0.9812     | 1.1387       | 0.7007   | (ADV 0.41)
80     | 2.5543     | 0.5530     | 1.0277       | 0.9736       | 0.9688     | 1.0522       | 0.6426   | (ADV 0.44)
90     | 2.6545     | 0.5336     | 1.0631       | 1.0578       | 0.9781     | 1.0303       | 0.8136   | (ADV 0.46)
100    | 2.6107     | 0.5009     | 1.0737       | 1.0362       | 0.9552     | 1.0032       | 0.8073   |           
110    | 2.7084     | 0.5016     | 1.1049       | 1.1019       | 0.9479     | 0.9954       | 0.6874   |           
120    | 2.6448     | 0.4586     | 1.0871       | 1.0990       | 0.9500     | 0.9807       | 0.7261   |           
130    | 2.7336     | 0.4916     | 1.1359       | 1.1061       | 0.9542     | 1.0021       | 0.7729   |           
140    | 2.7546     | 0.4750     | 1.1435       | 1.1362       | 0.9271     | 0.8267       | 0.6096   |           
150    | 2.7974     | 0.5040     | 1.1706       | 1.1228       | 0.9375     | 0.7787       | 0.6094   |           
160    | 2.7350     | 0.4497     | 1.1621       | 1.1233       | 0.9344     | 0.7638       | 0.6950   |           
170    | 2.6156     | 0.3899     | 1.1593       | 1.0664       | 0.9125     | 0.8094       | 0.6467   |           
180    | 2.7560     | 0.4426     | 1.1918       | 1.1215       | 0.9427     | 0.7619       | 0.6913   |           
190    | 2.8328     | 0.4771     | 1.2226       | 1.1331       | 0.9396     | 0.7977       | 0.6595   |           
200    | 2.7757     | 0.4315     | 1.2088       | 1.1354       | 0.9542     | 0.7813       | 0.7603   |           
210    | 2.7947     | 0.4541     | 1.2125       | 1.1282       | 0.9552     | 0.7890       | 0.6452   |           
220    | 2.7886     | 0.4130     | 1.2271       | 1.1485       | 0.9187     | 0.7815       | 0.7392   |           
230    | 2.7923     | 0.3882     | 1.2309       | 1.1731       | 0.9198     | 0.6887       | 0.7502   |           
240    | 2.8350     | 0.4228     | 1.2354       | 1.1768       | 0.9490     | 0.6767       | 0.7004   |           
250    | 2.8536     | 0.4300     | 1.2547       | 1.1689       | 0.9125     | 0.6729       | 0.6687   |           
260    | 2.8296     | 0.4152     | 1.2375       | 1.1769       | 0.8969     | 0.6938       | 0.6974   |           
270    | 2.8797     | 0.4301     | 1.2378       | 1.2117       | 0.9073     | 0.6472       | 0.7017   |           
280    | 2.8437     | 0.4244     | 1.2271       | 1.1922       | 0.8990     | 0.5948       | 0.5910   |           
290    | 2.8363     | 0.3805     | 1.2323       | 1.2235       | 0.8833     | 0.7173       | 0.7382   |           
300    | 2.8066     | 0.3777     | 1.2215       | 1.2073       | 0.8406     | 0.6814       | 0.6968   |           
310    | 2.8861     | 0.4001     | 1.2583       | 1.2277       | 0.8938     | 0.6096       | 0.6727   |           
320    | 2.9375     | 0.4618     | 1.2631       | 1.2126       | 0.8896     | 0.6489       | 0.8082   |           
330    | 2.8072     | 0.3584     | 1.2337       | 1.2151       | 0.8990     | 0.5536       | 0.6727   |           
340    | 2.8105     | 0.3635     | 1.2550       | 1.1920       | 0.9260     | 0.5588       | 0.7277   |           
350    | 2.8202     | 0.3693     | 1.2225       | 1.2283       | 0.9125     | 0.4801       | 0.7246   | (ADV 0.67)
360    | 2.8433     | 0.3807     | 1.2451       | 1.2175       | 0.7438     | 0.5873       | 0.7936   |           
370    | 2.8349     | 0.3683     | 1.2404       | 1.2262       | 0.8500     | 0.6062       | 0.7656   |           
380    | 2.8434     | 0.3803     | 1.2386       | 1.2246       | 0.8979     | 0.5298       | 0.6985   |           
390    | 2.8391     | 0.3468     | 1.2628       | 1.2295       | 0.8865     | 0.4447       | 0.7262   |           
400    | 2.8747     | 0.3700     | 1.2623       | 1.2425       | 0.8583     | 0.5066       | 0.6364   |           
410    | 2.7988     | 0.3166     | 1.2432       | 1.2390       | 0.8958     | 0.4828       | 0.7769   |           
420    | 2.8113     | 0.3290     | 1.2568       | 1.2255       | 0.8698     | 0.5534       | 0.7157   |           
430    | 2.7837     | 0.3165     | 1.2452       | 1.2220       | 0.8667     | 0.5779       | 0.7517   |           
440    | 2.8756     | 0.3649     | 1.2680       | 1.2428       | 0.9156     | 0.5122       | 0.7408   |           
450    | 2.8596     | 0.3493     | 1.2721       | 1.2382       | 0.9135     | 0.5090       | 0.6856   |           
460    | 2.7961     | 0.3107     | 1.2521       | 1.2333       | 0.9010     | 0.4447       | 0.8773   |           
470    | 2.8443     | 0.3229     | 1.2777       | 1.2436       | 0.9115     | 0.4954       | 0.7925   |           
480    | 2.8355     | 0.3269     | 1.2771       | 1.2316       | 0.8979     | 0.5048       | 0.7888   |           
490    | 2.8401     | 0.3075     | 1.2676       | 1.2650       | 0.8969     | 0.5170       | 0.7589   |           
500    | 2.8448     | 0.3167     | 1.2729       | 1.2552       | 0.8156     | 0.5478       | 0.7496   |           
Seed 1024 | Src Acc: 92.7551 | Src MDE: 0.0920 | Tgt Acc: 32.4490 | Tgt MDE: 0.7241
Finished Combo GeoSPA_1_2. Results saved.
