==========================================
Current Architecture: GeoSPA-Net (Fixed)
mcAPs (Real Anchors): [1, 3, 4] (Indices: [0, 2, 3])
Legacy APs (Virtual): [2] (Indices: [1])
==========================================
>> Training Multi-Head PCN (Stage 2) on Source Domain for APs: [0, 1, 2, 3]...
>> Source PCN Training Finished. Huber Loss: 0.0179
>> Training Multi-Head PCN (Stage 2) on Target Domain for APs: [0, 2, 3]...
>> Target PCN Training Finished. Huber Loss: 0.0138

Start GeoSPA-Net Training Seed 42...
Epoch  | Total Loss | Tr Cls     | Tr Dom RSSI  | Tr Dom RTT   | Val T Acc  | Val T Entropy | Test MDE
------------------------------------------------------------------------------------------------------------------------
10     | 4.1044     | 1.9076     | 1.1397       | 1.0571       | 0.9187     | 3.2593       | 1.0765   |           
20     | 2.9302     | 1.0781     | 0.9977       | 0.8544       | 0.9563     | 2.5197       | 0.9718   | (ADV -0.30)
30     | 2.6863     | 0.7827     | 0.9988       | 0.9048       | 0.9729     | 2.0340       | 0.9116   |           
40     | 2.5151     | 0.6430     | 0.9798       | 0.8923       | 0.9802     | 1.7286       | 0.8014   | (ADV 0.12)
50     | 2.4983     | 0.6074     | 0.9758       | 0.9151       | 0.9792     | 1.4937       | 0.7332   | (ADV 0.23)
60     | 2.5790     | 0.5868     | 0.9872       | 1.0050       | 0.9802     | 1.3875       | 0.6839   |           
70     | 2.5543     | 0.5248     | 1.0156       | 1.0138       | 0.9844     | 1.2000       | 0.7111   | (ADV 0.38)
80     | 2.6555     | 0.5271     | 1.0858       | 1.0427       | 0.9823     | 1.1961       | 0.8487   |           
90     | 2.5745     | 0.4465     | 1.0871       | 1.0408       | 0.9812     | 1.1136       | 0.7926   |           
100    | 2.6910     | 0.5223     | 1.1168       | 1.0519       | 0.9792     | 0.9931       | 0.7189   |           
110    | 2.7301     | 0.4626     | 1.1495       | 1.1180       | 0.9875     | 1.0048       | 0.7862   |           
120    | 2.7261     | 0.4321     | 1.1670       | 1.1270       | 0.9854     | 0.9082       | 0.6992   |           
130    | 2.7593     | 0.4509     | 1.1687       | 1.1397       | 0.9896     | 0.9109       | 0.6511   |           
140    | 2.7385     | 0.4068     | 1.1760       | 1.1557       | 0.9844     | 0.8334       | 0.6966   |           
150    | 2.8040     | 0.4697     | 1.1903       | 1.1440       | 0.9792     | 0.7977       | 0.7553   |           
160    | 2.7920     | 0.4257     | 1.2204       | 1.1459       | 0.9875     | 0.6645       | 0.7103   | (ADV 0.66)
170    | 2.7665     | 0.4097     | 1.2148       | 1.1421       | 0.9865     | 0.7111       | 0.7470   |           
180    | 2.7830     | 0.3908     | 1.2114       | 1.1808       | 0.9802     | 0.6997       | 0.6715   |           
190    | 2.8079     | 0.4152     | 1.2102       | 1.1826       | 0.9865     | 0.6516       | 0.6885   |           
200    | 2.7958     | 0.3746     | 1.2272       | 1.1940       | 0.9781     | 0.6440       | 0.8457   |           
210    | 2.8325     | 0.4204     | 1.2052       | 1.2068       | 0.9875     | 0.6847       | 0.8220   |           
220    | 2.7676     | 0.3578     | 1.2272       | 1.1826       | 0.9865     | 0.5896       | 0.7130   |           
230    | 2.7748     | 0.3568     | 1.2297       | 1.1883       | 0.9896     | 0.5644       | 0.6818   |           
240    | 2.8337     | 0.3618     | 1.2536       | 1.2183       | 0.9823     | 0.6172       | 0.7646   |           
250    | 2.8236     | 0.3682     | 1.2681       | 1.1873       | 0.9771     | 0.6418       | 0.7379   |           
260    | 2.8123     | 0.3552     | 1.2500       | 1.2071       | 0.9812     | 0.5662       | 0.7675   |           
270    | 2.8400     | 0.3852     | 1.2619       | 1.1929       | 0.9844     | 0.6082       | 0.6227   |           
280    | 2.8467     | 0.3761     | 1.2571       | 1.2135       | 0.9854     | 0.5487       | 0.6534   |           
290    | 2.7788     | 0.3308     | 1.2552       | 1.1928       | 0.9875     | 0.5114       | 0.6751   |           
300    | 2.8067     | 0.3439     | 1.2358       | 1.2269       | 0.9865     | 0.5061       | 0.6941   |           
310    | 2.9113     | 0.4068     | 1.2739       | 1.2306       | 0.9844     | 0.4921       | 0.6853   |           
320    | 2.8215     | 0.3226     | 1.2859       | 1.2131       | 0.9844     | 0.4857       | 0.8363   |           
330    | 2.8448     | 0.3555     | 1.2711       | 1.2182       | 0.9844     | 0.5031       | 0.6488   |           
340    | 2.8188     | 0.3317     | 1.2545       | 1.2325       | 0.9823     | 0.4312       | 0.6755   | (ADV 0.77)
350    | 2.7843     | 0.3130     | 1.2408       | 1.2305       | 0.9844     | 0.4765       | 0.7853   |           
360    | 2.8675     | 0.3344     | 1.2755       | 1.2576       | 0.9833     | 0.4373       | 0.6489   |           
370    | 2.8762     | 0.3230     | 1.2994       | 1.2539       | 0.9823     | 0.4311       | 0.7209   |           
380    | 2.7488     | 0.2648     | 1.2480       | 1.2360       | 0.9802     | 0.4902       | 0.6733   |           
390    | 2.8179     | 0.3058     | 1.2756       | 1.2366       | 0.9802     | 0.4497       | 0.7484   |           
400    | 2.8450     | 0.3099     | 1.2681       | 1.2670       | 0.9844     | 0.4405       | 0.6748   |           
410    | 2.8220     | 0.3042     | 1.2697       | 1.2481       | 0.9854     | 0.4156       | 0.7101   |           
420    | 2.8141     | 0.3189     | 1.2592       | 1.2359       | 0.9823     | 0.4407       | 0.6672   |           
430    | 2.8376     | 0.3023     | 1.2803       | 1.2551       | 0.9802     | 0.3864       | 0.6481   |           
440    | 2.8283     | 0.2554     | 1.3042       | 1.2687       | 0.9875     | 0.3477       | 0.6560   | (ADV 0.81)
450    | 2.8276     | 0.2604     | 1.2876       | 1.2796       | 0.9865     | 0.3980       | 0.6762   |           
460    | 2.8796     | 0.2974     | 1.3086       | 1.2736       | 0.9792     | 0.4201       | 0.7384   |           
470    | 2.8063     | 0.2402     | 1.3026       | 1.2635       | 0.9844     | 0.3850       | 0.7450   |           
480    | 2.8441     | 0.2737     | 1.3039       | 1.2665       | 0.9833     | 0.3618       | 0.7261   |           
490    | 2.8598     | 0.2986     | 1.3085       | 1.2527       | 0.9781     | 0.3441       | 0.6631   |           
500    | 2.8051     | 0.2593     | 1.3028       | 1.2430       | 0.9844     | 0.3607       | 0.7240   |           
Seed 42 | Src Acc: 98.3673 | Src MDE: 0.0233 | Tgt Acc: 46.4286 | Tgt MDE: 0.6638
>> Training Multi-Head PCN (Stage 2) on Source Domain for APs: [0, 1, 2, 3]...
>> Source PCN Training Finished. Huber Loss: 0.0213
>> Training Multi-Head PCN (Stage 2) on Target Domain for APs: [0, 2, 3]...
>> Target PCN Training Finished. Huber Loss: 0.0137

Start GeoSPA-Net Training Seed 67...
Epoch  | Total Loss | Tr Cls     | Tr Dom RSSI  | Tr Dom RTT   | Val T Acc  | Val T Entropy | Test MDE
------------------------------------------------------------------------------------------------------------------------
10     | 3.5805     | 1.8507     | 1.1502       | 0.5796       | 0.9229     | 3.2523       | 1.0692   |           
20     | 2.8384     | 1.0970     | 1.0313       | 0.7102       | 0.9667     | 2.5461       | 1.0266   | (ADV -0.31)
30     | 2.5626     | 0.8184     | 0.9850       | 0.7592       | 0.9750     | 2.0857       | 1.0216   | (ADV -0.07)
40     | 2.5648     | 0.7190     | 1.0004       | 0.8455       | 0.9781     | 1.6724       | 0.9642   | (ADV 0.14)
50     | 2.4540     | 0.6092     | 1.0219       | 0.8230       | 0.9812     | 1.4712       | 0.9960   |           
60     | 2.3759     | 0.5210     | 0.9771       | 0.8778       | 0.9750     | 1.2624       | 0.8071   | (ADV 0.34)
70     | 2.6148     | 0.5675     | 1.0697       | 0.9776       | 0.9812     | 1.2202       | 0.8181   |           
80     | 2.5634     | 0.5080     | 1.0519       | 1.0035       | 0.9802     | 1.0692       | 0.7023   |           
90     | 2.6066     | 0.4786     | 1.0706       | 1.0574       | 0.9781     | 0.9890       | 0.6640   |           
100    | 2.6228     | 0.4776     | 1.0792       | 1.0660       | 0.9812     | 0.9088       | 0.7204   |           
110    | 2.6315     | 0.4501     | 1.0923       | 1.0892       | 0.9771     | 0.9085       | 0.7641   |           
120    | 2.6890     | 0.4302     | 1.1281       | 1.1307       | 0.9812     | 0.8429       | 0.7506   |           
130    | 2.7159     | 0.4331     | 1.1457       | 1.1371       | 0.9812     | 0.7680       | 0.7721   |           
140    | 2.7138     | 0.4731     | 1.1362       | 1.1045       | 0.9802     | 0.8271       | 0.6871   |           
150    | 2.7728     | 0.4760     | 1.1887       | 1.1081       | 0.9740     | 0.7887       | 0.6796   |           
160    | 2.7498     | 0.4351     | 1.1870       | 1.1276       | 0.9812     | 0.7811       | 0.7230   |           
170    | 2.7820     | 0.4506     | 1.1999       | 1.1315       | 0.9750     | 0.6763       | 0.7033   |           
180    | 2.7539     | 0.4163     | 1.2092       | 1.1284       | 0.9802     | 0.6040       | 0.6505   | (ADV 0.68)
190    | 2.7667     | 0.4023     | 1.1893       | 1.1751       | 0.9833     | 0.5986       | 0.6428   |           
200    | 2.7126     | 0.3650     | 1.1869       | 1.1608       | 0.9792     | 0.6261       | 0.6327   |           
210    | 2.7018     | 0.3714     | 1.1738       | 1.1565       | 0.9698     | 0.5621       | 0.6869   |           
220    | 2.7803     | 0.3815     | 1.2243       | 1.1745       | 0.9792     | 0.5300       | 0.7322   |           
230    | 2.8389     | 0.4091     | 1.2183       | 1.2115       | 0.9802     | 0.5410       | 0.7409   |           
240    | 2.7833     | 0.3901     | 1.2162       | 1.1770       | 0.9708     | 0.5747       | 0.6681   |           
250    | 2.7815     | 0.3631     | 1.2255       | 1.1929       | 0.9792     | 0.5159       | 0.7282   |           
260    | 2.8371     | 0.3998     | 1.2167       | 1.2206       | 0.9740     | 0.5217       | 0.7796   |           
270    | 2.8060     | 0.3685     | 1.2386       | 1.1988       | 0.9802     | 0.5266       | 0.6768   |           
280    | 2.7957     | 0.3620     | 1.2301       | 1.2036       | 0.9802     | 0.5255       | 0.7781   |           
290    | 2.7936     | 0.3520     | 1.2229       | 1.2186       | 0.9844     | 0.4892       | 0.6626   |           
300    | 2.7892     | 0.3447     | 1.2311       | 1.2134       | 0.9823     | 0.4728       | 0.7339   |           
310    | 2.7804     | 0.3295     | 1.2484       | 1.2025       | 0.9844     | 0.5058       | 0.7561   |           
320    | 2.7588     | 0.3198     | 1.2407       | 1.1983       | 0.9771     | 0.4078       | 0.7234   |           
330    | 2.7602     | 0.2928     | 1.2368       | 1.2305       | 0.9750     | 0.4332       | 0.8022   |           
340    | 2.8121     | 0.3269     | 1.2731       | 1.2121       | 0.9698     | 0.4117       | 0.7510   |           
350    | 2.8412     | 0.3452     | 1.2675       | 1.2285       | 0.9792     | 0.4238       | 0.8159   |           
360    | 2.8430     | 0.3380     | 1.2824       | 1.2226       | 0.9844     | 0.4378       | 0.7797   |           
370    | 2.7746     | 0.3068     | 1.2489       | 1.2189       | 0.9781     | 0.3507       | 0.6684   | (ADV 0.80)
380    | 2.8538     | 0.3495     | 1.2677       | 1.2366       | 0.9781     | 0.3891       | 0.7456   |           
390    | 2.7798     | 0.2920     | 1.2692       | 1.2186       | 0.9750     | 0.4031       | 0.6805   |           
400    | 2.7906     | 0.2958     | 1.2743       | 1.2206       | 0.9771     | 0.3570       | 0.7198   |           
410    | 2.8204     | 0.2962     | 1.2894       | 1.2348       | 0.9760     | 0.3554       | 0.7856   |           
420    | 2.8119     | 0.2925     | 1.2804       | 1.2390       | 0.9844     | 0.4168       | 0.8264   |           
430    | 2.9488     | 0.3798     | 1.2862       | 1.2828       | 0.9802     | 0.4269       | 0.8618   |           
440    | 2.7732     | 0.2529     | 1.2672       | 1.2531       | 0.9802     | 0.4041       | 0.7561   |           
450    | 2.8925     | 0.3144     | 1.2842       | 1.2938       | 0.9812     | 0.3902       | 0.7246   |           
460    | 2.9175     | 0.3601     | 1.2767       | 1.2807       | 0.9823     | 0.4183       | 0.7974   |           
470    | 2.8064     | 0.2971     | 1.2706       | 1.2387       | 0.9833     | 0.3789       | 0.7593   |           
480    | 2.8773     | 0.3132     | 1.2813       | 1.2828       | 0.9802     | 0.3906       | 0.8130   |           
490    | 2.7871     | 0.2686     | 1.2742       | 1.2443       | 0.9802     | 0.3876       | 0.7279   |           
500    | 2.8356     | 0.2920     | 1.2894       | 1.2542       | 0.9750     | 0.3909       | 0.7913   |           
Seed 67 | Src Acc: 98.5714 | Src MDE: 0.0173 | Tgt Acc: 43.4694 | Tgt MDE: 0.7851
>> Training Multi-Head PCN (Stage 2) on Source Domain for APs: [0, 1, 2, 3]...
>> Source PCN Training Finished. Huber Loss: 0.0162
>> Training Multi-Head PCN (Stage 2) on Target Domain for APs: [0, 2, 3]...
>> Target PCN Training Finished. Huber Loss: 0.0115

Start GeoSPA-Net Training Seed 1024...
Epoch  | Total Loss | Tr Cls     | Tr Dom RSSI  | Tr Dom RTT   | Val T Acc  | Val T Entropy | Test MDE
------------------------------------------------------------------------------------------------------------------------
10     | 3.9397     | 1.9458     | 1.1321       | 0.8618       | 0.8510     | 3.2456       | 0.9894   |           
20     | 2.8129     | 1.0716     | 0.9753       | 0.7661       | 0.9385     | 2.5521       | 0.9983   | (ADV -0.34)
30     | 2.7479     | 0.8572     | 0.9912       | 0.8995       | 0.9708     | 2.0495       | 1.0572   | (ADV -0.05)
40     | 2.4989     | 0.6536     | 0.9433       | 0.9019       | 0.9708     | 1.7053       | 0.8971   |           
50     | 2.5389     | 0.5969     | 0.9687       | 0.9734       | 0.9698     | 1.4717       | 0.8418   | (ADV 0.23)
60     | 2.4618     | 0.5187     | 0.9686       | 0.9744       | 0.9688     | 1.2540       | 0.8117   | (ADV 0.34)
70     | 2.5652     | 0.5020     | 1.0246       | 1.0387       | 0.9688     | 1.2022       | 0.8119   | (ADV 0.37)
80     | 2.6345     | 0.5100     | 1.0380       | 1.0864       | 0.9708     | 1.1213       | 0.7633   |           
90     | 2.6380     | 0.5104     | 1.0894       | 1.0382       | 0.9698     | 0.9501       | 0.6880   | (ADV 0.49)
100    | 2.6319     | 0.4693     | 1.0665       | 1.0961       | 0.9667     | 0.9911       | 0.7952   |           
110    | 2.6524     | 0.4531     | 1.1114       | 1.0880       | 0.9604     | 0.9163       | 0.7303   |           
120    | 2.7307     | 0.4690     | 1.1571       | 1.1045       | 0.9635     | 0.8134       | 0.6613   |           
130    | 2.7155     | 0.4680     | 1.1364       | 1.1111       | 0.9729     | 0.8580       | 0.7608   |           
140    | 2.7391     | 0.4297     | 1.1542       | 1.1552       | 0.9708     | 0.7409       | 0.6240   |           
150    | 2.8189     | 0.4751     | 1.1800       | 1.1638       | 0.9698     | 0.7447       | 0.6736   |           
160    | 2.6972     | 0.3937     | 1.1328       | 1.1707       | 0.9604     | 0.6766       | 0.7937   |           
170    | 2.7404     | 0.4164     | 1.1809       | 1.1431       | 0.9719     | 0.7239       | 0.6814   |           
180    | 2.7778     | 0.4071     | 1.1721       | 1.1986       | 0.9385     | 0.6958       | 0.7080   |           
190    | 2.8840     | 0.4916     | 1.1874       | 1.2050       | 0.9729     | 0.6552       | 0.7038   |           
200    | 2.7775     | 0.4074     | 1.1903       | 1.1797       | 0.9646     | 0.6629       | 0.6984   |           
210    | 2.8014     | 0.4281     | 1.1776       | 1.1957       | 0.9677     | 0.5697       | 0.7549   |           
220    | 2.8426     | 0.4352     | 1.1923       | 1.2151       | 0.9698     | 0.5886       | 0.6148   |           
230    | 2.7856     | 0.3635     | 1.2229       | 1.1993       | 0.9781     | 0.5746       | 0.6857   |           
240    | 2.7568     | 0.3509     | 1.2219       | 1.1840       | 0.9740     | 0.5627       | 0.5723   |           
250    | 2.7527     | 0.3572     | 1.1986       | 1.1969       | 0.9677     | 0.5551       | 0.6289   |           
260    | 2.8126     | 0.3951     | 1.2251       | 1.1924       | 0.9677     | 0.6023       | 0.6446   |           
270    | 2.7416     | 0.3261     | 1.2133       | 1.2022       | 0.9750     | 0.5538       | 0.7426   |           
280    | 2.8498     | 0.3861     | 1.2427       | 1.2209       | 0.9667     | 0.5543       | 0.6428   |           
290    | 2.8088     | 0.3553     | 1.2220       | 1.2315       | 0.9646     | 0.5393       | 0.6549   |           
300    | 2.7812     | 0.3349     | 1.2197       | 1.2266       | 0.9750     | 0.4937       | 0.7118   |           
310    | 2.7780     | 0.3187     | 1.2354       | 1.2238       | 0.9771     | 0.4847       | 0.6371   |           
320    | 2.8759     | 0.4076     | 1.2354       | 1.2328       | 0.9750     | 0.5355       | 0.7715   |           
330    | 2.7552     | 0.3055     | 1.2351       | 1.2146       | 0.9740     | 0.4625       | 0.7307   |           
340    | 2.8016     | 0.3293     | 1.2397       | 1.2325       | 0.9792     | 0.4323       | 0.6067   |           
350    | 2.8067     | 0.3202     | 1.2391       | 1.2474       | 0.9760     | 0.4477       | 0.6516   |           
360    | 2.7806     | 0.3001     | 1.2511       | 1.2294       | 0.9781     | 0.4644       | 0.6553   |           
370    | 2.7957     | 0.3186     | 1.2415       | 1.2356       | 0.9771     | 0.4162       | 0.5794   |           
380    | 2.7664     | 0.2985     | 1.2433       | 1.2246       | 0.9802     | 0.4518       | 0.5942   |           
390    | 2.8316     | 0.3327     | 1.2432       | 1.2557       | 0.9750     | 0.4182       | 0.6510   |           
400    | 2.8238     | 0.3163     | 1.2698       | 1.2377       | 0.9698     | 0.4954       | 0.7047   |           
410    | 2.7784     | 0.2841     | 1.2499       | 1.2445       | 0.9750     | 0.4615       | 0.7269   |           
420    | 2.7819     | 0.2902     | 1.2505       | 1.2412       | 0.9802     | 0.4292       | 0.7360   |           
430    | 2.7767     | 0.2793     | 1.2510       | 1.2463       | 0.9760     | 0.3998       | 0.6651   |           
440    | 2.8444     | 0.3141     | 1.2758       | 1.2545       | 0.9771     | 0.4575       | 0.7338   |           
450    | 2.8179     | 0.2953     | 1.2700       | 1.2526       | 0.9750     | 0.4191       | 0.6637   |           
460    | 2.8388     | 0.2727     | 1.3053       | 1.2607       | 0.9667     | 0.3840       | 0.6837   |           
470    | 2.8230     | 0.2815     | 1.2901       | 1.2514       | 0.9719     | 0.3946       | 0.6592   |           
480    | 2.8523     | 0.3040     | 1.2917       | 1.2566       | 0.9688     | 0.4180       | 0.7336   |           
490    | 2.7791     | 0.2329     | 1.2848       | 1.2614       | 0.9750     | 0.4556       | 0.7451   |           
500    | 2.8072     | 0.2478     | 1.3078       | 1.2516       | 0.9698     | 0.4331       | 0.6920   |           
Seed 1024 | Src Acc: 97.8571 | Src MDE: 0.0340 | Tgt Acc: 49.0816 | Tgt MDE: 0.6737
Finished Combo GeoSPA_1_3_4. Results saved.
