==========================================
Current Architecture: GeoSPA-Net (Fixed)
mcAPs (Real Anchors): [2, 3] (Indices: [1, 2])
Legacy APs (Virtual): [1, 4] (Indices: [0, 3])
==========================================
>> Training Multi-Head PCN (Stage 2) on Source Domain for APs: [0, 1, 2, 3]...
>> Source PCN Training Finished. Huber Loss: 0.0179
>> Training Multi-Head PCN (Stage 2) on Target Domain for APs: [1, 2]...
>> Target PCN Training Finished. Huber Loss: 0.0070

Start GeoSPA-Net Training Seed 42...
Epoch  | Total Loss | Tr Cls     | Tr Dom RSSI  | Tr Dom RTT   | Val T Acc  | Val T Entropy | Test MDE
------------------------------------------------------------------------------------------------------------------------
10     | 3.4275     | 1.9653     | 1.1188       | 0.3433       | 0.8000     | 3.3325       | 1.3811   |           
20     | 2.7889     | 1.1603     | 0.9871       | 0.6416       | 0.8406     | 2.6987       | 1.3319   | (ADV -0.51)
30     | 2.5966     | 0.8551     | 0.9875       | 0.7540       | 0.8792     | 2.2028       | 1.2856   | (ADV -0.22)
40     | 2.5767     | 0.7475     | 0.9897       | 0.8394       | 0.9104     | 1.9236       | 1.2033   | (ADV -0.05)
50     | 2.6472     | 0.6975     | 1.0094       | 0.9404       | 0.8823     | 1.6795       | 1.2107   |           
60     | 2.6147     | 0.6423     | 1.0242       | 0.9482       | 0.8906     | 1.5059       | 0.9168   |           
70     | 2.6647     | 0.6179     | 1.0569       | 0.9899       | 0.9354     | 1.3296       | 1.0541   | (ADV 0.27)
80     | 2.7927     | 0.6214     | 1.1137       | 1.0576       | 0.8990     | 1.2485       | 0.9696   |           
90     | 2.8039     | 0.5726     | 1.1245       | 1.1068       | 0.9344     | 1.2225       | 0.8205   |           
100    | 2.8382     | 0.5778     | 1.1304       | 1.1300       | 0.9417     | 1.1395       | 0.7659   |           
110    | 2.8322     | 0.5628     | 1.1398       | 1.1296       | 0.9437     | 1.0375       | 0.9342   |           
120    | 2.8319     | 0.5481     | 1.1486       | 1.1352       | 0.9333     | 0.9940       | 0.8614   |           
130    | 2.8779     | 0.5374     | 1.1735       | 1.1670       | 0.9292     | 0.9597       | 0.8374   |           
140    | 2.8586     | 0.4934     | 1.2298       | 1.1354       | 0.9344     | 1.1080       | 0.8838   |           
150    | 2.8061     | 0.4896     | 1.1656       | 1.1508       | 0.9250     | 0.9027       | 0.8475   |           
160    | 2.8680     | 0.4883     | 1.1857       | 1.1940       | 0.9167     | 0.7963       | 0.8378   |           
170    | 2.8870     | 0.4790     | 1.2102       | 1.1977       | 0.9094     | 0.8862       | 0.9692   |           
180    | 2.8628     | 0.4681     | 1.2080       | 1.1868       | 0.9375     | 0.9042       | 0.9285   |           
190    | 2.9319     | 0.4860     | 1.2241       | 1.2218       | 0.9094     | 0.7620       | 0.8629   |           
200    | 2.8615     | 0.4271     | 1.2144       | 1.2199       | 0.8854     | 0.7970       | 0.8599   |           
210    | 2.9321     | 0.4780     | 1.2268       | 1.2273       | 0.9344     | 0.7873       | 0.9934   |           
220    | 2.8775     | 0.4228     | 1.2396       | 1.2150       | 0.9323     | 0.7656       | 0.9190   |           
230    | 2.9335     | 0.4651     | 1.2475       | 1.2209       | 0.9510     | 0.7277       | 0.8869   |           
240    | 2.9261     | 0.4516     | 1.2670       | 1.2075       | 0.9271     | 0.7133       | 0.9322   |           
250    | 2.8779     | 0.4214     | 1.2461       | 1.2104       | 0.8573     | 0.6930       | 0.8756   |           
260    | 2.9094     | 0.4078     | 1.2680       | 1.2336       | 0.8688     | 0.7278       | 0.9629   |           
270    | 2.8990     | 0.4016     | 1.2764       | 1.2210       | 0.9198     | 0.7199       | 1.0096   |           
280    | 2.9337     | 0.4430     | 1.2754       | 1.2153       | 0.9052     | 0.6512       | 0.9010   |           
290    | 2.9255     | 0.4354     | 1.2591       | 1.2310       | 0.9281     | 0.6297       | 0.9961   |           
300    | 2.9389     | 0.4034     | 1.2991       | 1.2364       | 0.9167     | 0.7450       | 1.0499   |           
310    | 2.8716     | 0.3869     | 1.2647       | 1.2199       | 0.9281     | 0.6319       | 0.9059   |           
320    | 2.8445     | 0.3686     | 1.2569       | 1.2190       | 0.8760     | 0.6224       | 0.9252   |           
330    | 2.8936     | 0.4049     | 1.2456       | 1.2431       | 0.8469     | 0.6609       | 1.0468   |           
340    | 2.9329     | 0.3990     | 1.2566       | 1.2773       | 0.8927     | 0.6820       | 0.9664   |           
350    | 2.8692     | 0.3700     | 1.2590       | 1.2401       | 0.9146     | 0.6544       | 1.0885   |           
360    | 2.8828     | 0.3592     | 1.2793       | 1.2443       | 0.8854     | 0.6743       | 0.9091   |           
370    | 2.8721     | 0.3355     | 1.2874       | 1.2491       | 0.8969     | 0.6255       | 0.9566   |           
380    | 2.8559     | 0.3234     | 1.2710       | 1.2615       | 0.9333     | 0.6361       | 1.0150   |           
390    | 2.9052     | 0.3601     | 1.2798       | 1.2653       | 0.9021     | 0.5896       | 1.0602   |           
400    | 2.8642     | 0.3040     | 1.2949       | 1.2653       | 0.8938     | 0.6118       | 0.9419   |           
410    | 2.9165     | 0.3657     | 1.2909       | 1.2599       | 0.8594     | 0.5837       | 0.8793   |           
420    | 2.9044     | 0.3585     | 1.2953       | 1.2506       | 0.8854     | 0.5955       | 1.0072   |           
430    | 2.9101     | 0.3638     | 1.2962       | 1.2502       | 0.9354     | 0.5835       | 0.9735   |           
440    | 2.8796     | 0.3270     | 1.3170       | 1.2356       | 0.8427     | 0.5796       | 0.9283   |           
450    | 2.8822     | 0.3305     | 1.3031       | 1.2486       | 0.8667     | 0.6652       | 0.9526   |           
460    | 3.0024     | 0.3849     | 1.3427       | 1.2748       | 0.8979     | 0.6810       | 1.0175   |           
470    | 2.8990     | 0.3269     | 1.2956       | 1.2764       | 0.9240     | 0.6219       | 1.0121   |           
480    | 2.9098     | 0.3397     | 1.3106       | 1.2595       | 0.8708     | 0.5613       | 1.0135   |           
490    | 2.9065     | 0.3601     | 1.2967       | 1.2497       | 0.9229     | 0.5590       | 0.9714   |           
500    | 2.8588     | 0.3202     | 1.2773       | 1.2613       | 0.8802     | 0.5506       | 1.0002   |           
Seed 42 | Src Acc: 92.7551 | Src MDE: 0.0903 | Tgt Acc: 23.9796 | Tgt MDE: 1.1081
>> Training Multi-Head PCN (Stage 2) on Source Domain for APs: [0, 1, 2, 3]...
>> Source PCN Training Finished. Huber Loss: 0.0213
>> Training Multi-Head PCN (Stage 2) on Target Domain for APs: [1, 2]...
>> Target PCN Training Finished. Huber Loss: 0.0079

Start GeoSPA-Net Training Seed 67...
Epoch  | Total Loss | Tr Cls     | Tr Dom RSSI  | Tr Dom RTT   | Val T Acc  | Val T Entropy | Test MDE
------------------------------------------------------------------------------------------------------------------------
10     | 3.3001     | 1.8941     | 1.1319       | 0.2741       | 0.8469     | 3.3265       | 1.2148   |           
20     | 2.5774     | 1.1731     | 1.0003       | 0.4040       | 0.9385     | 2.6585       | 1.0045   | (ADV -0.39)
30     | 2.6387     | 0.9098     | 0.9836       | 0.7454       | 0.9427     | 2.1652       | 0.8826   |           
40     | 2.6192     | 0.7825     | 0.9652       | 0.8715       | 0.9479     | 1.7883       | 0.8107   |           
50     | 2.6436     | 0.6880     | 1.0110       | 0.9445       | 0.9448     | 1.5569       | 0.7231   |           
60     | 2.6317     | 0.5946     | 1.0189       | 1.0182       | 0.9417     | 1.3825       | 0.8290   | (ADV 0.25)
70     | 2.7283     | 0.5967     | 1.0929       | 1.0387       | 0.9708     | 1.2638       | 0.8165   |           
80     | 2.6524     | 0.5366     | 1.0540       | 1.0618       | 0.9677     | 1.1576       | 0.8199   |           
90     | 2.7239     | 0.5516     | 1.0984       | 1.0739       | 0.9604     | 1.0434       | 0.8505   | (ADV 0.44)
100    | 2.7058     | 0.5128     | 1.0930       | 1.1000       | 0.9740     | 1.1259       | 0.8316   |           
110    | 2.7496     | 0.5144     | 1.1407       | 1.0944       | 0.9688     | 1.0509       | 0.8647   |           
120    | 2.8194     | 0.5019     | 1.1749       | 1.1427       | 0.9646     | 0.9670       | 0.8202   |           
130    | 2.8283     | 0.4951     | 1.1809       | 1.1523       | 0.9677     | 0.9251       | 0.8187   |           
140    | 2.8467     | 0.5056     | 1.1927       | 1.1483       | 0.9552     | 0.8708       | 0.6803   |           
150    | 2.8875     | 0.5043     | 1.2043       | 1.1790       | 0.9635     | 0.8318       | 0.7362   |           
160    | 2.8715     | 0.5007     | 1.1884       | 1.1825       | 0.9542     | 0.8122       | 0.7715   |           
170    | 2.8192     | 0.4222     | 1.2031       | 1.1939       | 0.9615     | 0.7595       | 0.7967   |           
180    | 2.8820     | 0.4849     | 1.2157       | 1.1813       | 0.9542     | 0.7559       | 0.7963   |           
190    | 2.8571     | 0.4472     | 1.2223       | 1.1876       | 0.9563     | 0.7046       | 0.7683   |           
200    | 2.8595     | 0.4197     | 1.2272       | 1.2126       | 0.9698     | 0.7060       | 0.8458   | (ADV 0.62)
210    | 2.8750     | 0.4144     | 1.2436       | 1.2170       | 0.9594     | 0.6683       | 0.8259   |           
220    | 2.8641     | 0.4294     | 1.2278       | 1.2069       | 0.9552     | 0.6567       | 0.8323   |           
230    | 2.9110     | 0.4383     | 1.2631       | 1.2096       | 0.9615     | 0.6246       | 0.7674   |           
240    | 2.9082     | 0.4343     | 1.2356       | 1.2382       | 0.9552     | 0.6408       | 0.8095   |           
250    | 2.8736     | 0.4073     | 1.2625       | 1.2038       | 0.9385     | 0.5888       | 0.8130   |           
260    | 2.8766     | 0.3937     | 1.2475       | 1.2354       | 0.9656     | 0.5719       | 0.8116   | (ADV 0.68)
270    | 2.8548     | 0.3982     | 1.2358       | 1.2208       | 0.9594     | 0.6009       | 0.7641   |           
280    | 2.8260     | 0.3716     | 1.2305       | 1.2239       | 0.9688     | 0.5539       | 0.7913   | (ADV 0.69)
290    | 2.7981     | 0.3485     | 1.2393       | 1.2102       | 0.9594     | 0.5644       | 0.7849   |           
300    | 2.8712     | 0.4065     | 1.2419       | 1.2228       | 0.9573     | 0.5581       | 0.7923   |           
310    | 2.9003     | 0.3833     | 1.2535       | 1.2635       | 0.9625     | 0.6578       | 0.9059   |           
320    | 2.8410     | 0.3318     | 1.2545       | 1.2547       | 0.9771     | 0.5712       | 0.8564   |           
330    | 2.8758     | 0.3596     | 1.2597       | 1.2565       | 0.9594     | 0.5141       | 0.7647   |           
340    | 2.8835     | 0.3598     | 1.2696       | 1.2541       | 0.9729     | 0.5577       | 0.7932   |           
350    | 2.8594     | 0.3444     | 1.2764       | 1.2386       | 0.9656     | 0.5164       | 0.8291   |           
360    | 2.8776     | 0.3371     | 1.2698       | 1.2707       | 0.9719     | 0.5568       | 0.7955   |           
370    | 2.8563     | 0.3396     | 1.2594       | 1.2572       | 0.9677     | 0.4973       | 0.8313   |           
380    | 2.8848     | 0.3563     | 1.2858       | 1.2427       | 0.9646     | 0.5454       | 0.7770   |           
390    | 2.9120     | 0.3693     | 1.2869       | 1.2558       | 0.9646     | 0.5539       | 0.7639   |           
400    | 2.8866     | 0.3374     | 1.2849       | 1.2643       | 0.9521     | 0.5062       | 0.8336   |           
410    | 2.9365     | 0.3521     | 1.3217       | 1.2627       | 0.9552     | 0.5411       | 0.7557   |           
420    | 2.8717     | 0.3214     | 1.2942       | 1.2562       | 0.9667     | 0.5249       | 0.7460   |           
430    | 2.9551     | 0.3782     | 1.3109       | 1.2660       | 0.9615     | 0.4948       | 0.7581   |           
440    | 2.8428     | 0.3063     | 1.3061       | 1.2304       | 0.9688     | 0.4880       | 0.7749   |           
450    | 2.8650     | 0.3155     | 1.2768       | 1.2727       | 0.9625     | 0.4840       | 0.7517   |           
460    | 2.9258     | 0.3443     | 1.3079       | 1.2736       | 0.9531     | 0.4591       | 0.7805   |           
470    | 2.8845     | 0.3231     | 1.3045       | 1.2569       | 0.9625     | 0.4843       | 0.8238   |           
480    | 2.9678     | 0.3623     | 1.3047       | 1.3008       | 0.9646     | 0.4913       | 0.8600   |           
490    | 2.8809     | 0.2983     | 1.3171       | 1.2655       | 0.9615     | 0.4684       | 0.7287   |           
500    | 2.8348     | 0.2761     | 1.3109       | 1.2478       | 0.9646     | 0.4924       | 0.7114   |           
Seed 67 | Src Acc: 96.1224 | Src MDE: 0.0516 | Tgt Acc: 35.4082 | Tgt MDE: 0.7475
>> Training Multi-Head PCN (Stage 2) on Source Domain for APs: [0, 1, 2, 3]...
>> Source PCN Training Finished. Huber Loss: 0.0162
>> Training Multi-Head PCN (Stage 2) on Target Domain for APs: [1, 2]...
>> Target PCN Training Finished. Huber Loss: 0.0050

Start GeoSPA-Net Training Seed 1024...
Epoch  | Total Loss | Tr Cls     | Tr Dom RSSI  | Tr Dom RTT   | Val T Acc  | Val T Entropy | Test MDE
------------------------------------------------------------------------------------------------------------------------
10     | 3.2432     | 1.9918     | 1.0617       | 0.1898       | 0.8125     | 3.5225       | 1.4205   |           
20     | 2.4857     | 1.1608     | 0.9420       | 0.3830       | 0.9365     | 2.9297       | 1.2996   | (ADV -0.53)
30     | 2.6516     | 0.9286     | 0.9524       | 0.7705       | 0.9385     | 2.2931       | 0.9594   | (ADV -0.21)
40     | 2.6279     | 0.7736     | 0.9705       | 0.8838       | 0.9427     | 1.9519       | 0.9257   |           
50     | 2.6550     | 0.7024     | 0.9840       | 0.9686       | 0.9573     | 1.6351       | 0.8608   | (ADV 0.14)
60     | 2.6155     | 0.6122     | 1.0063       | 0.9971       | 0.9469     | 1.4637       | 0.8664   |           
70     | 2.5872     | 0.5744     | 0.9954       | 1.0174       | 0.9448     | 1.3717       | 0.8522   |           
80     | 2.7078     | 0.6007     | 1.0262       | 1.0809       | 0.9458     | 1.2131       | 0.8168   |           
90     | 2.7357     | 0.5571     | 1.0795       | 1.0992       | 0.9417     | 1.0647       | 0.8238   | (ADV 0.41)
100    | 2.7231     | 0.5207     | 1.0831       | 1.1194       | 0.9542     | 1.0396       | 0.8474   |           
110    | 2.7921     | 0.5319     | 1.1259       | 1.1343       | 0.9417     | 1.1279       | 0.8519   |           
120    | 2.8020     | 0.4874     | 1.1329       | 1.1816       | 0.9604     | 0.9933       | 0.8642   |           
130    | 2.8611     | 0.5103     | 1.1433       | 1.2075       | 0.9615     | 0.9013       | 0.8174   |           
140    | 2.8383     | 0.4986     | 1.1727       | 1.1671       | 0.9615     | 0.9188       | 0.7962   |           
150    | 2.9431     | 0.5304     | 1.1809       | 1.2319       | 0.9604     | 0.8805       | 0.7367   |           
160    | 2.8643     | 0.4731     | 1.1813       | 1.2099       | 0.9688     | 0.7558       | 0.8539   | (ADV 0.59)
170    | 2.8897     | 0.4778     | 1.2043       | 1.2077       | 0.9656     | 0.8234       | 0.8336   |           
180    | 2.8795     | 0.4776     | 1.2189       | 1.1830       | 0.9563     | 0.8174       | 0.7571   |           
190    | 2.9777     | 0.5241     | 1.2221       | 1.2315       | 0.9667     | 0.6926       | 0.7416   |           
200    | 2.8975     | 0.4722     | 1.2169       | 1.2085       | 0.9531     | 0.7463       | 0.7683   |           
210    | 2.9119     | 0.4437     | 1.2389       | 1.2293       | 0.9542     | 0.6839       | 0.8244   |           
220    | 2.8628     | 0.4142     | 1.2376       | 1.2109       | 0.9667     | 0.6125       | 0.8109   | (ADV 0.66)
230    | 2.9198     | 0.4352     | 1.2446       | 1.2400       | 0.9615     | 0.6599       | 0.8660   |           
240    | 2.9450     | 0.4397     | 1.2671       | 1.2382       | 0.9427     | 0.6829       | 0.8156   |           
250    | 2.8852     | 0.4259     | 1.2365       | 1.2229       | 0.9656     | 0.5691       | 0.7930   | (ADV 0.68)
260    | 2.8983     | 0.4156     | 1.2416       | 1.2411       | 0.9667     | 0.6804       | 0.8596   |           
270    | 2.8493     | 0.4066     | 1.2090       | 1.2337       | 0.9708     | 0.5676       | 0.8151   | (ADV 0.69)
280    | 2.9055     | 0.4133     | 1.2481       | 1.2440       | 0.9396     | 0.6601       | 0.8567   |           
290    | 2.8182     | 0.3644     | 1.2142       | 1.2397       | 0.9771     | 0.5396       | 0.8184   | (ADV 0.71)
300    | 2.8469     | 0.3778     | 1.2226       | 1.2465       | 0.9500     | 0.6146       | 0.8988   |           
310    | 2.8422     | 0.3710     | 1.2378       | 1.2333       | 0.9656     | 0.5698       | 0.8051   |           
320    | 2.9164     | 0.4437     | 1.2326       | 1.2401       | 0.9552     | 0.5900       | 0.7752   |           
330    | 2.8449     | 0.3594     | 1.2503       | 1.2353       | 0.9500     | 0.5935       | 0.9053   |           
340    | 2.8777     | 0.3838     | 1.2541       | 1.2398       | 0.9615     | 0.5934       | 0.8435   |           
350    | 2.8551     | 0.3629     | 1.2452       | 1.2470       | 0.9688     | 0.5804       | 0.8751   |           
360    | 2.8812     | 0.3761     | 1.2404       | 1.2648       | 0.9552     | 0.5627       | 0.8276   |           
370    | 2.8979     | 0.3994     | 1.2514       | 1.2471       | 0.9708     | 0.5066       | 0.9222   |           
380    | 2.8367     | 0.3468     | 1.2315       | 1.2584       | 0.9667     | 0.5511       | 0.9001   |           
390    | 2.8276     | 0.3488     | 1.2448       | 1.2341       | 0.9427     | 0.5730       | 0.8323   |           
400    | 2.8508     | 0.3484     | 1.2619       | 1.2405       | 0.9573     | 0.6103       | 0.8564   |           
410    | 2.8360     | 0.3393     | 1.2759       | 1.2209       | 0.9625     | 0.5991       | 0.8538   |           
420    | 2.8833     | 0.3617     | 1.2778       | 1.2438       | 0.9604     | 0.5440       | 0.8506   |           
430    | 2.8340     | 0.3548     | 1.2522       | 1.2271       | 0.9563     | 0.4975       | 0.8717   |           
440    | 2.8957     | 0.3734     | 1.2807       | 1.2416       | 0.9437     | 0.5530       | 0.8700   |           
450    | 2.9191     | 0.3862     | 1.2860       | 1.2470       | 0.9635     | 0.5315       | 0.9185   |           
460    | 2.9170     | 0.3613     | 1.2862       | 1.2696       | 0.9698     | 0.5568       | 0.9009   |           
470    | 2.9035     | 0.3654     | 1.2799       | 1.2581       | 0.9552     | 0.5497       | 0.9622   |           
480    | 2.8719     | 0.3262     | 1.2974       | 1.2483       | 0.9573     | 0.5444       | 0.6961   |           
490    | 2.8312     | 0.3061     | 1.2880       | 1.2371       | 0.9646     | 0.5074       | 0.9207   |           
500    | 2.8521     | 0.3220     | 1.2824       | 1.2476       | 0.9635     | 0.5160       | 0.8807   |           
Seed 1024 | Src Acc: 96.6327 | Src MDE: 0.0467 | Tgt Acc: 28.2653 | Tgt MDE: 0.8734
Finished Combo GeoSPA_2_3. Results saved.
