==========================================
Current Architecture: GeoSPA-Net (Fixed)
mcAPs (Real Anchors): [1, 2, 4] (Indices: [0, 1, 3])
Legacy APs (Virtual): [3] (Indices: [2])
==========================================
>> Training Multi-Head PCN (Stage 2) on Source Domain for APs: [0, 1, 2, 3]...
>> Source PCN Training Finished. Huber Loss: 0.0179
>> Training Multi-Head PCN (Stage 2) on Target Domain for APs: [0, 1, 3]...
>> Target PCN Training Finished. Huber Loss: 0.0117

Start GeoSPA-Net Training Seed 42...
Epoch  | Total Loss | Tr Cls     | Tr Dom RSSI  | Tr Dom RTT   | Val T Acc  | Val T Entropy | Test MDE
------------------------------------------------------------------------------------------------------------------------
10     | 3.6083     | 1.9170     | 1.1517       | 0.5395       | 0.9000     | 3.2857       | 1.0840   |           
20     | 2.9447     | 1.1319     | 1.0314       | 0.7814       | 0.9615     | 2.5215       | 0.7392   | (ADV -0.30)
30     | 2.6949     | 0.7808     | 0.9858       | 0.9283       | 0.9844     | 1.9485       | 0.6558   | (ADV 0.01)
40     | 2.5611     | 0.6302     | 0.9780       | 0.9529       | 0.9906     | 1.5552       | 0.6600   |           
50     | 2.4883     | 0.5596     | 0.9861       | 0.9426       | 0.9896     | 1.2970       | 0.6405   | (ADV 0.34)
60     | 2.5679     | 0.5469     | 0.9865       | 1.0345       | 0.9854     | 1.2218       | 0.6382   |           
70     | 2.4949     | 0.4903     | 1.0165       | 0.9881       | 0.9927     | 1.0646       | 0.6750   |           
80     | 2.6546     | 0.5080     | 1.1159       | 1.0307       | 0.9938     | 1.0166       | 0.5951   |           
90     | 2.6108     | 0.4326     | 1.1273       | 1.0509       | 0.9958     | 0.9633       | 0.6289   | (ADV 0.51)
100    | 2.7459     | 0.5073     | 1.1667       | 1.0719       | 0.9948     | 0.8965       | 0.6185   | (ADV 0.55)
110    | 2.7185     | 0.4716     | 1.1685       | 1.0785       | 0.9958     | 0.8986       | 0.5854   |           
120    | 2.7186     | 0.4241     | 1.1799       | 1.1146       | 0.9927     | 0.8764       | 0.6322   |           
130    | 2.6707     | 0.3967     | 1.1723       | 1.1017       | 0.9844     | 0.8302       | 0.6697   |           
140    | 2.6941     | 0.3977     | 1.1836       | 1.1128       | 0.9865     | 0.7420       | 0.6369   |           
150    | 2.7822     | 0.4303     | 1.2021       | 1.1499       | 0.9917     | 0.6718       | 0.5804   | (ADV 0.66)
160    | 2.7618     | 0.4024     | 1.2067       | 1.1527       | 0.9969     | 0.6256       | 0.5328   |           
170    | 2.7218     | 0.4008     | 1.1909       | 1.1301       | 0.9917     | 0.5831       | 0.6056   | (ADV 0.70)
180    | 2.7475     | 0.3892     | 1.1998       | 1.1585       | 0.9802     | 0.5983       | 0.5814   |           
190    | 2.7795     | 0.3853     | 1.2356       | 1.1586       | 0.9938     | 0.5670       | 0.6957   |           
200    | 2.7471     | 0.3467     | 1.2440       | 1.1564       | 0.9875     | 0.6218       | 0.6814   |           
210    | 2.7970     | 0.3743     | 1.2400       | 1.1828       | 0.9885     | 0.4926       | 0.6824   |           
220    | 2.7450     | 0.3400     | 1.2306       | 1.1744       | 0.9917     | 0.5359       | 0.6601   |           
230    | 2.8117     | 0.3813     | 1.2238       | 1.2066       | 0.9896     | 0.4887       | 0.6137   |           
240    | 2.8653     | 0.3792     | 1.2589       | 1.2273       | 0.9875     | 0.5175       | 0.5788   |           
250    | 2.7503     | 0.2967     | 1.2394       | 1.2141       | 0.9865     | 0.5464       | 0.6139   |           
260    | 2.8167     | 0.3366     | 1.2662       | 1.2139       | 0.9812     | 0.5338       | 0.6799   |           
270    | 2.7653     | 0.2997     | 1.2677       | 1.1979       | 0.9958     | 0.5292       | 0.6495   |           
280    | 2.8266     | 0.3311     | 1.2673       | 1.2282       | 0.9844     | 0.4982       | 0.6714   |           
290    | 2.7563     | 0.2926     | 1.2538       | 1.2099       | 0.9906     | 0.4537       | 0.6584   |           
300    | 2.8392     | 0.3102     | 1.2908       | 1.2381       | 0.9896     | 0.4469       | 0.7143   |           
310    | 2.9162     | 0.3762     | 1.2917       | 1.2483       | 0.9906     | 0.4786       | 0.7510   |           
320    | 2.7868     | 0.2808     | 1.2921       | 1.2139       | 0.9938     | 0.3686       | 0.6564   | (ADV 0.81)
330    | 2.7922     | 0.2976     | 1.2843       | 1.2103       | 0.9906     | 0.4977       | 0.6970   |           
340    | 2.7907     | 0.2807     | 1.2865       | 1.2236       | 0.9854     | 0.4263       | 0.6819   |           
350    | 2.8511     | 0.3062     | 1.2839       | 1.2610       | 0.9875     | 0.4216       | 0.8299   |           
360    | 2.8279     | 0.2791     | 1.3166       | 1.2322       | 0.9875     | 0.4237       | 0.6980   |           
370    | 2.8433     | 0.2883     | 1.2942       | 1.2607       | 0.9865     | 0.4099       | 0.7002   |           
380    | 2.8027     | 0.2584     | 1.3067       | 1.2377       | 0.9885     | 0.4087       | 0.6856   |           
390    | 2.8311     | 0.2782     | 1.3189       | 1.2340       | 0.9917     | 0.4045       | 0.6600   |           
400    | 2.7943     | 0.2335     | 1.3042       | 1.2567       | 0.9917     | 0.3732       | 0.8203   |           
410    | 2.8174     | 0.2545     | 1.3104       | 1.2525       | 0.9906     | 0.3878       | 0.7192   |           
420    | 2.7999     | 0.2555     | 1.2871       | 1.2573       | 0.9896     | 0.4243       | 0.6717   |           
430    | 2.8516     | 0.2939     | 1.2971       | 1.2605       | 0.9917     | 0.3958       | 0.6410   |           
440    | 2.8133     | 0.2467     | 1.3113       | 1.2553       | 0.9927     | 0.3735       | 0.7219   |           
450    | 2.8014     | 0.2515     | 1.3059       | 1.2440       | 0.9906     | 0.4113       | 0.6280   |           
460    | 2.8460     | 0.2699     | 1.3143       | 1.2618       | 0.9896     | 0.3826       | 0.6462   |           
470    | 2.8555     | 0.2673     | 1.2961       | 1.2922       | 0.9938     | 0.3873       | 0.7307   |           
480    | 2.8358     | 0.2712     | 1.3174       | 1.2472       | 0.9885     | 0.3210       | 0.6003   | (ADV 0.83)
490    | 2.8440     | 0.2611     | 1.3089       | 1.2740       | 0.9948     | 0.3856       | 0.7189   |           
500    | 2.8245     | 0.2558     | 1.3222       | 1.2465       | 0.9948     | 0.3866       | 0.7190   |           
Seed 42 | Src Acc: 98.9796 | Src MDE: 0.0189 | Tgt Acc: 41.7347 | Tgt MDE: 0.6702
>> Training Multi-Head PCN (Stage 2) on Source Domain for APs: [0, 1, 2, 3]...
>> Source PCN Training Finished. Huber Loss: 0.0213
>> Training Multi-Head PCN (Stage 2) on Target Domain for APs: [0, 1, 3]...
>> Target PCN Training Finished. Huber Loss: 0.0125

Start GeoSPA-Net Training Seed 67...
Epoch  | Total Loss | Tr Cls     | Tr Dom RSSI  | Tr Dom RTT   | Val T Acc  | Val T Entropy | Test MDE
------------------------------------------------------------------------------------------------------------------------
10     | 3.3935     | 1.8292     | 1.1497       | 0.4147       | 0.8948     | 3.3280       | 0.7364   |           
20     | 2.6638     | 1.0900     | 0.9970       | 0.5768       | 0.9635     | 2.6044       | 0.6224   | (ADV -0.34)
30     | 2.7820     | 0.8193     | 1.0155       | 0.9472       | 0.9750     | 1.9408       | 0.5880   | (ADV 0.00)
40     | 2.6588     | 0.6746     | 1.0320       | 0.9521       | 0.9760     | 1.6304       | 0.5255   | (ADV 0.16)
50     | 2.5708     | 0.5870     | 1.0064       | 0.9775       | 0.9781     | 1.3535       | 0.5482   |           
60     | 2.4649     | 0.4834     | 0.9784       | 1.0031       | 0.9760     | 1.1568       | 0.5234   | (ADV 0.40)
70     | 2.5925     | 0.4943     | 1.0310       | 1.0672       | 0.9771     | 1.0752       | 0.5926   | (ADV 0.44)
80     | 2.5673     | 0.4484     | 1.0522       | 1.0668       | 0.9740     | 1.0062       | 0.5464   |           
90     | 2.5992     | 0.4695     | 1.0816       | 1.0481       | 0.9771     | 0.9136       | 0.5783   |           
100    | 2.6473     | 0.4656     | 1.1080       | 1.0736       | 0.9812     | 0.9548       | 0.6216   |           
110    | 2.5855     | 0.4081     | 1.1055       | 1.0719       | 0.9802     | 0.8230       | 0.5670   |           
120    | 2.6568     | 0.4029     | 1.1508       | 1.1031       | 0.9792     | 0.8087       | 0.5061   |           
130    | 2.6750     | 0.4197     | 1.1688       | 1.0864       | 0.9792     | 0.7602       | 0.5070   |           
140    | 2.6961     | 0.4088     | 1.1910       | 1.0963       | 0.9760     | 0.7146       | 0.5861   |           
150    | 2.7179     | 0.4282     | 1.1859       | 1.1038       | 0.9781     | 0.6513       | 0.5493   | (ADV 0.65)
160    | 2.6895     | 0.3708     | 1.2032       | 1.1155       | 0.9844     | 0.6857       | 0.6151   |           
170    | 2.7849     | 0.4120     | 1.2168       | 1.1560       | 0.9760     | 0.6614       | 0.6103   |           
180    | 2.7864     | 0.4050     | 1.2357       | 1.1457       | 0.9781     | 0.6125       | 0.5241   |           
190    | 2.7525     | 0.3746     | 1.2290       | 1.1490       | 0.9802     | 0.5845       | 0.5596   |           
200    | 2.7404     | 0.3706     | 1.2107       | 1.1590       | 0.9740     | 0.5531       | 0.5270   |           
210    | 2.7497     | 0.3703     | 1.2157       | 1.1637       | 0.9688     | 0.6370       | 0.5805   |           
220    | 2.7874     | 0.3796     | 1.2324       | 1.1755       | 0.9760     | 0.5806       | 0.6313   |           
230    | 2.8015     | 0.3810     | 1.2469       | 1.1736       | 0.9771     | 0.5583       | 0.5804   |           
240    | 2.7494     | 0.3684     | 1.2162       | 1.1648       | 0.9802     | 0.5591       | 0.6477   |           
250    | 2.7668     | 0.3446     | 1.2458       | 1.1764       | 0.9792     | 0.4980       | 0.5418   |           
260    | 2.8060     | 0.3608     | 1.2439       | 1.2014       | 0.9771     | 0.5191       | 0.5745   |           
270    | 2.7892     | 0.3616     | 1.2477       | 1.1799       | 0.9802     | 0.4903       | 0.5413   |           
280    | 2.7747     | 0.3402     | 1.2360       | 1.1985       | 0.9750     | 0.5105       | 0.6396   |           
290    | 2.7940     | 0.3342     | 1.2637       | 1.1961       | 0.9781     | 0.5098       | 0.5875   |           
300    | 2.8167     | 0.3545     | 1.2506       | 1.2116       | 0.9833     | 0.4665       | 0.5918   |           
310    | 2.7438     | 0.3126     | 1.2439       | 1.1873       | 0.9802     | 0.5148       | 0.5622   |           
320    | 2.8529     | 0.3431     | 1.2883       | 1.2215       | 0.9719     | 0.4973       | 0.6625   |           
330    | 2.7871     | 0.2926     | 1.2520       | 1.2425       | 0.9677     | 0.4848       | 0.6202   |           
340    | 2.7989     | 0.3350     | 1.2619       | 1.2020       | 0.9781     | 0.4852       | 0.5560   |           
350    | 2.7581     | 0.2967     | 1.2520       | 1.2094       | 0.9740     | 0.4238       | 0.5641   |           
360    | 2.7903     | 0.3141     | 1.2511       | 1.2251       | 0.9760     | 0.4370       | 0.5395   |           
370    | 2.7550     | 0.2968     | 1.2547       | 1.2035       | 0.9781     | 0.4509       | 0.5657   |           
380    | 2.7350     | 0.2779     | 1.2560       | 1.2011       | 0.9823     | 0.3959       | 0.5789   | (ADV 0.78)
390    | 2.7762     | 0.2905     | 1.2763       | 1.2095       | 0.9771     | 0.4733       | 0.5760   |           
400    | 2.8062     | 0.2886     | 1.2800       | 1.2376       | 0.9740     | 0.3329       | 0.5120   | (ADV 0.81)
410    | 2.8256     | 0.3165     | 1.2866       | 1.2224       | 0.9656     | 0.3281       | 0.5297   |           
420    | 2.7239     | 0.2445     | 1.2615       | 1.2178       | 0.9719     | 0.3678       | 0.5763   |           
430    | 2.8327     | 0.2924     | 1.2863       | 1.2540       | 0.9771     | 0.3671       | 0.5374   |           
440    | 2.7807     | 0.2444     | 1.2885       | 1.2479       | 0.9812     | 0.4089       | 0.5606   |           
450    | 2.8022     | 0.2692     | 1.2895       | 1.2436       | 0.9583     | 0.4061       | 0.5840   |           
460    | 2.8093     | 0.2636     | 1.2944       | 1.2513       | 0.9740     | 0.4277       | 0.5743   |           
470    | 2.8657     | 0.3128     | 1.2986       | 1.2543       | 0.9729     | 0.3548       | 0.5243   |           
480    | 2.7434     | 0.2379     | 1.2725       | 1.2330       | 0.9844     | 0.3076       | 0.5472   | (ADV 0.83)
490    | 2.7934     | 0.2390     | 1.2924       | 1.2621       | 0.9688     | 0.3576       | 0.5337   |           
500    | 2.8092     | 0.2566     | 1.2930       | 1.2596       | 0.9708     | 0.3913       | 0.5638   |           
Seed 67 | Src Acc: 98.9796 | Src MDE: 0.0164 | Tgt Acc: 42.6531 | Tgt MDE: 0.5472
>> Training Multi-Head PCN (Stage 2) on Source Domain for APs: [0, 1, 2, 3]...
>> Source PCN Training Finished. Huber Loss: 0.0162
>> Training Multi-Head PCN (Stage 2) on Target Domain for APs: [0, 1, 3]...
>> Target PCN Training Finished. Huber Loss: 0.0115

Start GeoSPA-Net Training Seed 1024...
Epoch  | Total Loss | Tr Cls     | Tr Dom RSSI  | Tr Dom RTT   | Val T Acc  | Val T Entropy | Test MDE
------------------------------------------------------------------------------------------------------------------------
10     | 3.8824     | 1.9377     | 1.1242       | 0.8205       | 0.8823     | 3.2099       | 0.7681   |           
20     | 2.9288     | 1.0641     | 0.9747       | 0.8900       | 0.9510     | 2.3588       | 0.6664   | (ADV -0.23)
30     | 2.7088     | 0.8167     | 0.9898       | 0.9023       | 0.9750     | 1.8669       | 0.6045   | (ADV 0.04)
40     | 2.4979     | 0.6117     | 0.9809       | 0.9052       | 0.9792     | 1.5208       | 0.5960   |           
50     | 2.5117     | 0.5515     | 1.0120       | 0.9482       | 0.9792     | 1.3402       | 0.5776   |           
60     | 2.4953     | 0.4925     | 1.0127       | 0.9901       | 0.9812     | 1.1422       | 0.6152   | (ADV 0.41)
70     | 2.5440     | 0.4831     | 1.0488       | 1.0121       | 0.9740     | 1.1416       | 0.6023   |           
80     | 2.6152     | 0.4856     | 1.0623       | 1.0673       | 0.9844     | 1.0160       | 0.6088   |           
90     | 2.5788     | 0.4581     | 1.0542       | 1.0664       | 0.9844     | 0.8756       | 0.5263   | (ADV 0.55)
100    | 2.5839     | 0.4365     | 1.1094       | 1.0380       | 0.9719     | 0.8457       | 0.5364   |           
110    | 2.6299     | 0.4167     | 1.1736       | 1.0397       | 0.9823     | 0.8415       | 0.5653   |           
120    | 2.7130     | 0.4326     | 1.1637       | 1.1168       | 0.9844     | 0.7261       | 0.5565   | (ADV 0.62)
130    | 2.7308     | 0.4493     | 1.1689       | 1.1126       | 0.9760     | 0.7803       | 0.6050   |           
140    | 2.6902     | 0.4240     | 1.1520       | 1.1141       | 0.9823     | 0.6907       | 0.5301   |           
150    | 2.7686     | 0.4506     | 1.1869       | 1.1311       | 0.9854     | 0.6552       | 0.5873   |           
160    | 2.6569     | 0.3783     | 1.1571       | 1.1215       | 0.9823     | 0.5652       | 0.5567   |           
170    | 2.6828     | 0.3674     | 1.1746       | 1.1408       | 0.9844     | 0.5592       | 0.5250   |           
180    | 2.6731     | 0.3610     | 1.1823       | 1.1298       | 0.9844     | 0.5005       | 0.5266   |           
190    | 2.8182     | 0.4326     | 1.2161       | 1.1694       | 0.9833     | 0.5501       | 0.5562   |           
200    | 2.7287     | 0.3671     | 1.2011       | 1.1604       | 0.9792     | 0.5002       | 0.5054   |           
210    | 2.7838     | 0.4036     | 1.2083       | 1.1720       | 0.9802     | 0.4820       | 0.4892   |           
220    | 2.7394     | 0.3638     | 1.2210       | 1.1546       | 0.9792     | 0.5016       | 0.5485   |           
230    | 2.7446     | 0.3633     | 1.2130       | 1.1683       | 0.9688     | 0.4838       | 0.5354   |           
240    | 2.7362     | 0.3437     | 1.2322       | 1.1603       | 0.9854     | 0.4783       | 0.5237   |           
250    | 2.7451     | 0.3472     | 1.2270       | 1.1708       | 0.9844     | 0.4769       | 0.5494   |           
260    | 2.7723     | 0.3639     | 1.2155       | 1.1930       | 0.9781     | 0.4243       | 0.5151   |           
270    | 2.7271     | 0.3328     | 1.2134       | 1.1809       | 0.9781     | 0.4237       | 0.5607   |           
280    | 2.7536     | 0.3440     | 1.2251       | 1.1845       | 0.9823     | 0.4433       | 0.4814   |           
290    | 2.7387     | 0.3291     | 1.2376       | 1.1720       | 0.9760     | 0.4593       | 0.5359   |           
300    | 2.6845     | 0.2828     | 1.2211       | 1.1806       | 0.9646     | 0.4739       | 0.6140   |           
310    | 2.6926     | 0.3032     | 1.2081       | 1.1813       | 0.9729     | 0.3861       | 0.6417   |           
320    | 2.8573     | 0.3836     | 1.2294       | 1.2443       | 0.9771     | 0.4169       | 0.6053   |           
330    | 2.8011     | 0.3136     | 1.2605       | 1.2269       | 0.9750     | 0.3781       | 0.5211   |           
340    | 2.7988     | 0.3279     | 1.2461       | 1.2248       | 0.9792     | 0.3883       | 0.6625   |           
350    | 2.7569     | 0.2881     | 1.2361       | 1.2326       | 0.9812     | 0.3838       | 0.5859   |           
360    | 2.7870     | 0.3198     | 1.2539       | 1.2133       | 0.9781     | 0.3637       | 0.6383   |           
370    | 2.8507     | 0.3533     | 1.2610       | 1.2363       | 0.9760     | 0.3738       | 0.5370   |           
380    | 2.7526     | 0.2825     | 1.2526       | 1.2175       | 0.9833     | 0.3754       | 0.6305   |           
390    | 2.7709     | 0.2591     | 1.2820       | 1.2297       | 0.9792     | 0.3707       | 0.5766   |           
400    | 2.7976     | 0.2926     | 1.2706       | 1.2344       | 0.9833     | 0.3843       | 0.5727   |           
410    | 2.7382     | 0.2410     | 1.2587       | 1.2385       | 0.9760     | 0.3460       | 0.5317   |           
420    | 2.7775     | 0.2392     | 1.2830       | 1.2553       | 0.9771     | 0.3706       | 0.5698   |           
430    | 2.8110     | 0.2690     | 1.2962       | 1.2459       | 0.9646     | 0.3366       | 0.5692   |           
440    | 2.8422     | 0.2903     | 1.3067       | 1.2451       | 0.9760     | 0.3025       | 0.6048   |           
450    | 2.8470     | 0.2692     | 1.3208       | 1.2570       | 0.9823     | 0.3187       | 0.5873   |           
460    | 2.8450     | 0.2632     | 1.3208       | 1.2609       | 0.9781     | 0.3083       | 0.5265   |           
470    | 2.8299     | 0.2414     | 1.3186       | 1.2699       | 0.9875     | 0.3039       | 0.5244   |           
480    | 2.8359     | 0.2586     | 1.3183       | 1.2590       | 0.9792     | 0.3247       | 0.5717   |           
490    | 2.8224     | 0.2134     | 1.3288       | 1.2801       | 0.9760     | 0.3010       | 0.5878   |           
500    | 2.7781     | 0.2319     | 1.3188       | 1.2274       | 0.9760     | 0.2510       | 0.5893   |           
Seed 1024 | Src Acc: 97.9592 | Src MDE: 0.0313 | Tgt Acc: 47.9592 | Tgt MDE: 0.6093
Finished Combo GeoSPA_1_2_4. Results saved.
