==========================================
Current Architecture: GeoSPA-Net (Fixed)
mcAPs (Real Anchors): [1, 4] (Indices: [0, 3])
Legacy APs (Virtual): [2, 3] (Indices: [1, 2])
==========================================
>> Training Multi-Head PCN (Stage 2) on Source Domain for APs: [0, 1, 2, 3]...
>> Source PCN Training Finished. Huber Loss: 0.0179
>> Training Multi-Head PCN (Stage 2) on Target Domain for APs: [0, 3]...
>> Target PCN Training Finished. Huber Loss: 0.0088

Start GeoSPA-Net Training Seed 42...
Epoch  | Total Loss | Tr Cls     | Tr Dom RSSI  | Tr Dom RTT   | Val T Acc  | Val T Entropy | Test MDE
------------------------------------------------------------------------------------------------------------------------
10     | 3.7524     | 1.9843     | 1.1441       | 0.6240       | 0.8771     | 3.2528       | 1.1099   |           
20     | 2.8411     | 1.1825     | 1.0282       | 0.6304       | 0.9427     | 2.4977       | 1.0146   | (ADV -0.31)
30     | 2.7518     | 0.8594     | 0.9975       | 0.8948       | 0.9677     | 2.0790       | 0.8841   |           
40     | 2.5739     | 0.7106     | 0.9817       | 0.8816       | 0.9792     | 1.7795       | 0.9798   |           
50     | 2.5787     | 0.6373     | 0.9990       | 0.9424       | 0.9823     | 1.4899       | 0.8078   | (ADV 0.24)
60     | 2.5749     | 0.6003     | 0.9962       | 0.9784       | 0.9719     | 1.3828       | 0.8277   |           
70     | 2.5525     | 0.5212     | 1.0432       | 0.9881       | 0.9760     | 1.2734       | 0.8517   |           
80     | 2.6545     | 0.5375     | 1.0642       | 1.0528       | 0.9833     | 1.1419       | 0.8111   | (ADV 0.41)
90     | 2.6759     | 0.4823     | 1.1202       | 1.0734       | 0.9865     | 1.1444       | 0.9281   |           
100    | 2.7291     | 0.5300     | 1.1167       | 1.0824       | 0.9792     | 1.0091       | 0.7980   |           
110    | 2.7764     | 0.4947     | 1.1612       | 1.1205       | 0.9844     | 1.0452       | 0.8331   |           
120    | 2.8034     | 0.4976     | 1.1717       | 1.1342       | 0.9812     | 0.9023       | 0.7219   |           
130    | 2.7164     | 0.4531     | 1.1502       | 1.1132       | 0.9792     | 0.8453       | 0.7268   |           
140    | 2.7522     | 0.4370     | 1.1856       | 1.1296       | 0.9802     | 0.8294       | 0.6989   |           
150    | 2.8142     | 0.4798     | 1.1807       | 1.1538       | 0.9656     | 0.8516       | 0.7146   |           
160    | 2.8193     | 0.4569     | 1.2033       | 1.1591       | 0.9833     | 0.7988       | 0.7989   |           
170    | 2.8111     | 0.4207     | 1.2439       | 1.1465       | 0.9781     | 0.7131       | 0.7456   |           
180    | 2.8360     | 0.4366     | 1.2239       | 1.1755       | 0.9771     | 0.6910       | 0.7900   |           
190    | 2.8189     | 0.4091     | 1.2127       | 1.1972       | 0.9792     | 0.7498       | 0.7359   |           
200    | 2.8229     | 0.4076     | 1.2331       | 1.1821       | 0.9740     | 0.7218       | 0.7453   |           
210    | 2.8381     | 0.4433     | 1.2143       | 1.1804       | 0.9771     | 0.6301       | 0.7426   |           
220    | 2.8533     | 0.3946     | 1.2257       | 1.2330       | 0.9771     | 0.6237       | 0.6982   |           
230    | 2.7955     | 0.3843     | 1.2166       | 1.1946       | 0.9656     | 0.6258       | 0.7702   |           
240    | 2.8267     | 0.4063     | 1.2417       | 1.1787       | 0.9812     | 0.5714       | 0.6555   |           
250    | 2.8139     | 0.3586     | 1.2484       | 1.2070       | 0.9729     | 0.5794       | 0.6664   |           
260    | 2.8373     | 0.4034     | 1.2243       | 1.2097       | 0.9823     | 0.5201       | 0.7222   |           
270    | 2.7985     | 0.3652     | 1.2400       | 1.1933       | 0.9906     | 0.5798       | 0.6842   |           
280    | 2.8981     | 0.4159     | 1.2459       | 1.2363       | 0.9583     | 0.6326       | 0.7268   |           
290    | 2.8832     | 0.3972     | 1.2709       | 1.2151       | 0.9771     | 0.4965       | 0.7085   |           
300    | 2.8280     | 0.3511     | 1.2613       | 1.2155       | 0.9875     | 0.4934       | 0.6885   | (ADV 0.74)
310    | 2.8661     | 0.3702     | 1.2673       | 1.2285       | 0.9823     | 0.4894       | 0.6533   |           
320    | 2.8084     | 0.3221     | 1.2500       | 1.2363       | 0.9708     | 0.5044       | 0.6982   |           
330    | 2.8306     | 0.3199     | 1.2774       | 1.2333       | 0.9792     | 0.5212       | 0.6370   |           
340    | 2.7941     | 0.3153     | 1.2545       | 1.2242       | 0.9865     | 0.4300       | 0.5699   | (ADV 0.77)
350    | 2.8074     | 0.3042     | 1.2645       | 1.2388       | 0.9771     | 0.4841       | 0.5844   |           
360    | 2.8551     | 0.3357     | 1.2850       | 1.2344       | 0.9823     | 0.4865       | 0.5960   |           
370    | 2.8153     | 0.3226     | 1.2748       | 1.2179       | 0.9771     | 0.4319       | 0.5515   |           
380    | 2.8631     | 0.3121     | 1.3099       | 1.2410       | 0.9875     | 0.4189       | 0.5586   |           
390    | 2.7924     | 0.3078     | 1.2673       | 1.2173       | 0.9833     | 0.3793       | 0.5465   | (ADV 0.79)
400    | 2.7823     | 0.2718     | 1.2877       | 1.2229       | 0.9844     | 0.4190       | 0.6797   |           
410    | 2.8160     | 0.3007     | 1.2828       | 1.2325       | 0.9729     | 0.3814       | 0.6089   |           
420    | 2.8304     | 0.2927     | 1.2825       | 1.2552       | 0.9865     | 0.4087       | 0.6422   |           
430    | 2.8363     | 0.3163     | 1.2782       | 1.2418       | 0.9917     | 0.3802       | 0.6207   |           
440    | 2.7611     | 0.2550     | 1.2777       | 1.2284       | 0.9875     | 0.4017       | 0.6336   |           
450    | 2.8358     | 0.2938     | 1.2738       | 1.2682       | 0.9792     | 0.4057       | 0.6763   |           
460    | 2.8628     | 0.3087     | 1.2900       | 1.2641       | 0.9812     | 0.3522       | 0.6487   |           
470    | 2.8003     | 0.2499     | 1.2932       | 1.2572       | 0.9927     | 0.3603       | 0.7523   |           
480    | 2.8404     | 0.2983     | 1.2948       | 1.2473       | 0.9750     | 0.3383       | 0.6685   |           
490    | 2.8551     | 0.3112     | 1.2970       | 1.2470       | 0.9865     | 0.3864       | 0.7070   |           
500    | 2.8314     | 0.2672     | 1.3102       | 1.2540       | 0.9854     | 0.3637       | 0.6804   |           
Seed 42 | Src Acc: 97.9592 | Src MDE: 0.0319 | Tgt Acc: 40.4082 | Tgt MDE: 0.7764
>> Training Multi-Head PCN (Stage 2) on Source Domain for APs: [0, 1, 2, 3]...
>> Source PCN Training Finished. Huber Loss: 0.0213
>> Training Multi-Head PCN (Stage 2) on Target Domain for APs: [0, 3]...
>> Target PCN Training Finished. Huber Loss: 0.0090

Start GeoSPA-Net Training Seed 67...
Epoch  | Total Loss | Tr Cls     | Tr Dom RSSI  | Tr Dom RTT   | Val T Acc  | Val T Entropy | Test MDE
------------------------------------------------------------------------------------------------------------------------
10     | 3.3953     | 1.8998     | 1.1406       | 0.3549       | 0.8927     | 3.3789       | 1.2024   |           
20     | 2.8091     | 1.1623     | 1.0195       | 0.6272       | 0.9510     | 2.7376       | 1.1136   | (ADV -0.42)
30     | 2.6959     | 0.8874     | 1.0069       | 0.8016       | 0.9594     | 2.1863       | 1.1793   | (ADV -0.13)
40     | 2.6136     | 0.7691     | 0.9827       | 0.8618       | 0.9698     | 1.8144       | 1.0874   | (ADV 0.06)
50     | 2.6550     | 0.6825     | 1.0279       | 0.9446       | 0.9698     | 1.5728       | 1.0453   |           
60     | 2.5199     | 0.5620     | 0.9910       | 0.9669       | 0.9656     | 1.2831       | 0.8615   | (ADV 0.32)
70     | 2.6839     | 0.6030     | 1.0395       | 1.0414       | 0.9792     | 1.1669       | 0.9181   | (ADV 0.40)
80     | 2.6661     | 0.5460     | 1.0243       | 1.0959       | 0.9698     | 1.1119       | 0.8455   |           
90     | 2.6622     | 0.5264     | 1.0452       | 1.0906       | 0.9708     | 1.0263       | 0.8585   |           
100    | 2.6935     | 0.5272     | 1.0729       | 1.0933       | 0.9729     | 0.9794       | 0.7885   |           
110    | 2.6364     | 0.4667     | 1.0645       | 1.1051       | 0.9740     | 0.9150       | 0.8243   |           
120    | 2.7832     | 0.4857     | 1.1456       | 1.1518       | 0.9635     | 0.9394       | 0.8735   |           
130    | 2.7936     | 0.4692     | 1.1659       | 1.1586       | 0.9667     | 0.8527       | 0.7965   |           
140    | 2.8175     | 0.4905     | 1.1817       | 1.1453       | 0.9677     | 0.9070       | 0.8252   |           
150    | 2.8557     | 0.4970     | 1.2032       | 1.1556       | 0.9448     | 0.7919       | 0.8212   |           
160    | 2.7950     | 0.4414     | 1.1999       | 1.1536       | 0.9729     | 0.8083       | 0.7583   |           
170    | 2.8109     | 0.4363     | 1.1822       | 1.1924       | 0.9677     | 0.7369       | 0.8005   |           
180    | 2.8396     | 0.4463     | 1.2089       | 1.1843       | 0.9667     | 0.6620       | 0.7398   | (ADV 0.64)
190    | 2.8284     | 0.4405     | 1.2122       | 1.1757       | 0.9625     | 0.7283       | 0.7493   |           
200    | 2.7555     | 0.4009     | 1.1960       | 1.1586       | 0.9604     | 0.6531       | 0.6829   |           
210    | 2.8079     | 0.4203     | 1.2021       | 1.1855       | 0.9563     | 0.7076       | 0.8056   |           
220    | 2.8276     | 0.4253     | 1.1942       | 1.2081       | 0.9688     | 0.6325       | 0.8250   |           
230    | 2.8767     | 0.4404     | 1.2420       | 1.1943       | 0.9729     | 0.6400       | 0.7299   |           
240    | 2.8325     | 0.4197     | 1.2240       | 1.1888       | 0.9750     | 0.5914       | 0.7529   |           
250    | 2.8006     | 0.3752     | 1.2148       | 1.2106       | 0.9740     | 0.5878       | 0.7251   |           
260    | 2.8672     | 0.4195     | 1.2394       | 1.2084       | 0.9729     | 0.6176       | 0.7769   |           
270    | 2.8245     | 0.4059     | 1.2163       | 1.2022       | 0.9646     | 0.6314       | 0.7386   |           
280    | 2.9143     | 0.4406     | 1.2455       | 1.2283       | 0.9719     | 0.5721       | 0.7759   |           
290    | 2.8400     | 0.4084     | 1.2090       | 1.2227       | 0.9688     | 0.5227       | 0.7003   | (ADV 0.71)
300    | 2.8449     | 0.4139     | 1.2224       | 1.2085       | 0.9760     | 0.5828       | 0.6818   |           
310    | 2.7697     | 0.3425     | 1.2182       | 1.2090       | 0.9688     | 0.5469       | 0.7106   |           
320    | 2.8228     | 0.3510     | 1.2398       | 1.2320       | 0.9625     | 0.5392       | 0.7549   |           
330    | 2.8430     | 0.3495     | 1.2420       | 1.2515       | 0.9667     | 0.5472       | 0.7363   |           
340    | 2.8428     | 0.3844     | 1.2208       | 1.2376       | 0.9635     | 0.4884       | 0.7194   |           
350    | 2.8549     | 0.3559     | 1.2691       | 1.2299       | 0.9552     | 0.4683       | 0.7795   |           
360    | 2.8349     | 0.3643     | 1.2397       | 1.2309       | 0.9708     | 0.4996       | 0.7523   |           
370    | 2.8135     | 0.3222     | 1.2488       | 1.2425       | 0.9656     | 0.5001       | 0.8056   |           
380    | 2.9003     | 0.3823     | 1.2592       | 1.2589       | 0.9656     | 0.4815       | 0.8704   |           
390    | 2.8474     | 0.3311     | 1.2683       | 1.2479       | 0.9635     | 0.5264       | 0.7396   |           
400    | 2.8250     | 0.3115     | 1.2670       | 1.2465       | 0.9698     | 0.4324       | 0.7239   | (ADV 0.75)
410    | 2.9085     | 0.3569     | 1.2987       | 1.2529       | 0.9563     | 0.4703       | 0.7900   |           
420    | 2.8538     | 0.3276     | 1.2857       | 1.2405       | 0.9531     | 0.5210       | 0.8009   |           
430    | 2.9145     | 0.3585     | 1.2867       | 1.2692       | 0.9552     | 0.4626       | 0.7494   |           
440    | 2.8450     | 0.2846     | 1.3111       | 1.2492       | 0.9542     | 0.4237       | 0.7757   |           
450    | 2.9047     | 0.3114     | 1.3095       | 1.2839       | 0.9604     | 0.4253       | 0.7396   |           
460    | 2.8756     | 0.3118     | 1.3003       | 1.2636       | 0.9656     | 0.4097       | 0.7752   |           
470    | 2.8283     | 0.2935     | 1.2927       | 1.2421       | 0.9396     | 0.4888       | 0.7223   |           
480    | 2.8890     | 0.3223     | 1.3090       | 1.2577       | 0.9615     | 0.4570       | 0.8370   |           
490    | 2.8133     | 0.2628     | 1.2993       | 1.2512       | 0.9573     | 0.4213       | 0.7610   |           
500    | 2.8617     | 0.3139     | 1.2954       | 1.2524       | 0.9719     | 0.4026       | 0.7823   |           
Seed 67 | Src Acc: 97.7551 | Src MDE: 0.0393 | Tgt Acc: 36.1224 | Tgt MDE: 0.8185
>> Training Multi-Head PCN (Stage 2) on Source Domain for APs: [0, 1, 2, 3]...
>> Source PCN Training Finished. Huber Loss: 0.0162
>> Training Multi-Head PCN (Stage 2) on Target Domain for APs: [0, 3]...
>> Target PCN Training Finished. Huber Loss: 0.0086

Start GeoSPA-Net Training Seed 1024...
Epoch  | Total Loss | Tr Cls     | Tr Dom RSSI  | Tr Dom RTT   | Val T Acc  | Val T Entropy | Test MDE
------------------------------------------------------------------------------------------------------------------------
10     | 3.8806     | 1.9682     | 1.1425       | 0.7699       | 0.8417     | 3.2036       | 0.9531   |           
20     | 2.8031     | 1.1254     | 0.9821       | 0.6957       | 0.9417     | 2.4327       | 0.9049   | (ADV -0.27)
30     | 2.7355     | 0.8969     | 0.9967       | 0.8420       | 0.9573     | 1.9965       | 0.9746   |           
40     | 2.5439     | 0.7069     | 0.9872       | 0.8498       | 0.9688     | 1.5734       | 0.9678   | (ADV 0.18)
50     | 2.5074     | 0.6335     | 0.9865       | 0.8874       | 0.9646     | 1.3740       | 0.8797   | (ADV 0.28)
60     | 2.4955     | 0.5619     | 1.0059       | 0.9277       | 0.9646     | 1.2645       | 0.8970   | (ADV 0.33)
70     | 2.5609     | 0.5345     | 0.9948       | 1.0315       | 0.9667     | 1.2563       | 0.9285   |           
80     | 2.6416     | 0.5358     | 1.0548       | 1.0509       | 0.9750     | 1.0759       | 0.8422   |           
90     | 2.6305     | 0.5185     | 1.0488       | 1.0632       | 0.9781     | 0.9924       | 0.7874   | (ADV 0.48)
100    | 2.6353     | 0.4794     | 1.0464       | 1.1096       | 0.9792     | 0.9890       | 0.8038   |           
110    | 2.7462     | 0.5070     | 1.0866       | 1.1526       | 0.9719     | 0.9765       | 0.8038   |           
120    | 2.7628     | 0.4980     | 1.1086       | 1.1562       | 0.9698     | 0.8611       | 0.7674   |           
130    | 2.7213     | 0.4750     | 1.0836       | 1.1627       | 0.9760     | 0.8686       | 0.8023   |           
140    | 2.8201     | 0.4836     | 1.1276       | 1.2089       | 0.9708     | 0.8097       | 0.7690   |           
150    | 2.8051     | 0.4834     | 1.1402       | 1.1814       | 0.9688     | 0.6950       | 0.6579   | (ADV 0.62)
160    | 2.7556     | 0.4229     | 1.1432       | 1.1894       | 0.9698     | 0.7224       | 0.9036   |           
170    | 2.8795     | 0.4568     | 1.1879       | 1.2348       | 0.9677     | 0.7020       | 0.7227   |           
180    | 2.7298     | 0.3895     | 1.1523       | 1.1879       | 0.9719     | 0.6510       | 0.7208   | (ADV 0.65)
190    | 2.8810     | 0.4901     | 1.1793       | 1.2116       | 0.9656     | 0.6134       | 0.6890   | (ADV 0.66)
200    | 2.7737     | 0.4087     | 1.1720       | 1.1930       | 0.9698     | 0.6013       | 0.6956   | (ADV 0.67)
210    | 2.8213     | 0.4259     | 1.1483       | 1.2472       | 0.9719     | 0.6040       | 0.7549   |           
220    | 2.8290     | 0.4186     | 1.2074       | 1.2030       | 0.9677     | 0.5172       | 0.6642   | (ADV 0.71)
230    | 2.8369     | 0.4253     | 1.1907       | 1.2209       | 0.9760     | 0.5935       | 0.7413   |           
240    | 2.7899     | 0.3766     | 1.1818       | 1.2315       | 0.9688     | 0.5984       | 0.7332   |           
250    | 2.8009     | 0.3866     | 1.1737       | 1.2406       | 0.9760     | 0.5348       | 0.6946   |           
260    | 2.8274     | 0.4036     | 1.2154       | 1.2084       | 0.9656     | 0.5286       | 0.7591   |           
270    | 2.8090     | 0.3606     | 1.2002       | 1.2482       | 0.9781     | 0.5009       | 0.7844   | (ADV 0.73)
280    | 2.8288     | 0.3641     | 1.2254       | 1.2393       | 0.9771     | 0.5624       | 0.7466   |           
290    | 2.8415     | 0.3715     | 1.2223       | 1.2477       | 0.9750     | 0.5122       | 0.7317   |           
300    | 2.8007     | 0.3619     | 1.2250       | 1.2138       | 0.9667     | 0.4556       | 0.6704   |           
310    | 2.7638     | 0.3195     | 1.2201       | 1.2242       | 0.9792     | 0.4918       | 0.7239   |           
320    | 2.8675     | 0.3967     | 1.2384       | 1.2324       | 0.9771     | 0.5364       | 0.6910   |           
330    | 2.7919     | 0.3195     | 1.2346       | 1.2377       | 0.9698     | 0.4486       | 0.6779   |           
340    | 2.7975     | 0.3304     | 1.2355       | 1.2315       | 0.9792     | 0.4661       | 0.7266   |           
350    | 2.8475     | 0.3187     | 1.2734       | 1.2553       | 0.9719     | 0.4416       | 0.6911   |           
360    | 2.8531     | 0.3455     | 1.2460       | 1.2616       | 0.9729     | 0.4382       | 0.7311   |           
370    | 2.8168     | 0.3299     | 1.2471       | 1.2398       | 0.9781     | 0.3965       | 0.6644   |           
380    | 2.8309     | 0.3391     | 1.2400       | 1.2518       | 0.9760     | 0.4207       | 0.7180   |           
390    | 2.8302     | 0.3148     | 1.2503       | 1.2650       | 0.9812     | 0.4071       | 0.7066   |           
400    | 2.8550     | 0.3284     | 1.2715       | 1.2550       | 0.9708     | 0.4071       | 0.7077   |           
410    | 2.8361     | 0.3151     | 1.2643       | 1.2568       | 0.9698     | 0.4099       | 0.6890   |           
420    | 2.8358     | 0.3193     | 1.2546       | 1.2619       | 0.9698     | 0.4044       | 0.7154   |           
430    | 2.8358     | 0.3385     | 1.2711       | 1.2262       | 0.9740     | 0.4216       | 0.7300   |           
440    | 2.9107     | 0.3651     | 1.2723       | 1.2733       | 0.9625     | 0.4498       | 0.7066   |           
450    | 2.8729     | 0.3284     | 1.2710       | 1.2736       | 0.9812     | 0.3815       | 0.6794   |           
460    | 2.8135     | 0.2700     | 1.2786       | 1.2649       | 0.9792     | 0.3899       | 0.7406   |           
470    | 2.8055     | 0.2612     | 1.2822       | 1.2621       | 0.9844     | 0.3577       | 0.6525   |           
480    | 2.8796     | 0.3105     | 1.2980       | 1.2710       | 0.9573     | 0.3345       | 0.6708   |           
490    | 2.8600     | 0.2887     | 1.3036       | 1.2677       | 0.9719     | 0.4108       | 0.7418   |           
500    | 2.8410     | 0.2871     | 1.2887       | 1.2652       | 0.9740     | 0.4054       | 0.7098   |           
Seed 1024 | Src Acc: 97.6531 | Src MDE: 0.0371 | Tgt Acc: 44.2857 | Tgt MDE: 0.7476
Finished Combo GeoSPA_1_4. Results saved.
