==========================================
Current Architecture: GeoSPA-Net (Fixed)
mcAPs (Real Anchors): [3, 4] (Indices: [2, 3])
Legacy APs (Virtual): [1, 2] (Indices: [0, 1])
==========================================
>> Training Multi-Head PCN (Stage 2) on Source Domain for APs: [0, 1, 2, 3]...
>> Source PCN Training Finished. Huber Loss: 0.0179
>> Training Multi-Head PCN (Stage 2) on Target Domain for APs: [2, 3]...
>> Target PCN Training Finished. Huber Loss: 0.0102

Start GeoSPA-Net Training Seed 42...
Epoch  | Total Loss | Tr Cls     | Tr Dom RSSI  | Tr Dom RTT   | Val T Acc  | Val T Entropy | Test MDE
------------------------------------------------------------------------------------------------------------------------
10     | 3.4773     | 1.9594     | 1.1081       | 0.4099       | 0.8990     | 3.3855       | 1.3602   |           
20     | 2.7991     | 1.1980     | 1.0064       | 0.5946       | 0.9354     | 2.7555       | 1.1981   | (ADV -0.44)
30     | 2.7128     | 0.8888     | 1.0215       | 0.8026       | 0.9510     | 2.1501       | 1.0579   | (ADV -0.12)
40     | 2.5726     | 0.7231     | 0.9958       | 0.8537       | 0.9583     | 1.7698       | 1.0930   | (ADV 0.07)
50     | 2.5670     | 0.6865     | 1.0047       | 0.8758       | 0.9510     | 1.4790       | 1.0522   | (ADV 0.21)
60     | 2.5953     | 0.6526     | 1.0323       | 0.9104       | 0.9344     | 1.4086       | 0.9494   |           
70     | 2.6104     | 0.6131     | 1.0404       | 0.9568       | 0.9510     | 1.2307       | 0.9281   |           
80     | 2.7068     | 0.6179     | 1.0839       | 1.0050       | 0.9469     | 1.2146       | 0.9373   |           
90     | 2.7381     | 0.5650     | 1.1138       | 1.0592       | 0.9615     | 1.0743       | 1.0071   | (ADV 0.42)
100    | 2.7791     | 0.5603     | 1.1284       | 1.0904       | 0.9635     | 1.0332       | 0.9877   |           
110    | 2.7690     | 0.5332     | 1.1470       | 1.0888       | 0.9604     | 0.9372       | 1.1837   | (ADV 0.49)
120    | 2.7769     | 0.4887     | 1.1684       | 1.1198       | 0.9646     | 0.8733       | 1.0102   |           
130    | 2.8195     | 0.4944     | 1.1921       | 1.1330       | 0.9604     | 0.8603       | 1.0013   |           
140    | 2.8188     | 0.4769     | 1.1939       | 1.1479       | 0.9646     | 0.8710       | 1.0085   |           
150    | 2.8955     | 0.5064     | 1.2093       | 1.1798       | 0.9313     | 0.8343       | 1.0062   |           
160    | 2.8720     | 0.4925     | 1.2123       | 1.1671       | 0.9594     | 0.7833       | 0.9837   |           
170    | 2.8214     | 0.4438     | 1.2037       | 1.1739       | 0.9625     | 0.7307       | 0.9369   |           
180    | 2.8062     | 0.4496     | 1.1992       | 1.1574       | 0.9646     | 0.7625       | 0.9735   |           
190    | 2.8220     | 0.4471     | 1.2004       | 1.1745       | 0.9667     | 0.6616       | 1.0065   | (ADV 0.64)
200    | 2.8663     | 0.4516     | 1.2236       | 1.1911       | 0.9646     | 0.6951       | 0.9981   |           
210    | 2.8796     | 0.4512     | 1.2358       | 1.1926       | 0.9604     | 0.6928       | 0.9856   |           
220    | 2.8520     | 0.4443     | 1.2217       | 1.1861       | 0.9698     | 0.6645       | 1.0080   |           
230    | 2.8454     | 0.4323     | 1.2311       | 1.1820       | 0.9719     | 0.6475       | 0.9854   |           
240    | 2.8257     | 0.4171     | 1.2224       | 1.1862       | 0.9667     | 0.5813       | 0.9373   |           
250    | 2.8499     | 0.4112     | 1.2431       | 1.1956       | 0.9708     | 0.6364       | 1.0113   |           
260    | 2.8525     | 0.4265     | 1.2068       | 1.2193       | 0.9750     | 0.6473       | 1.0293   |           
270    | 2.8488     | 0.3963     | 1.2263       | 1.2262       | 0.9625     | 0.6723       | 0.9889   |           
280    | 2.9218     | 0.4436     | 1.2599       | 1.2184       | 0.9615     | 0.5775       | 1.0154   |           
290    | 2.8552     | 0.4121     | 1.2283       | 1.2147       | 0.9698     | 0.5810       | 1.0695   |           
300    | 2.8789     | 0.3980     | 1.2534       | 1.2276       | 0.9667     | 0.6025       | 1.0460   |           
310    | 2.9053     | 0.4366     | 1.2476       | 1.2212       | 0.9677     | 0.5795       | 1.0182   |           
320    | 2.8188     | 0.3488     | 1.2538       | 1.2162       | 0.9677     | 0.5285       | 1.1108   |           
330    | 2.8824     | 0.3984     | 1.2573       | 1.2267       | 0.9625     | 0.5666       | 1.1861   |           
340    | 2.8928     | 0.3889     | 1.2643       | 1.2396       | 0.9677     | 0.5362       | 1.1103   |           
350    | 2.8366     | 0.3558     | 1.2410       | 1.2398       | 0.9750     | 0.5220       | 0.9872   |           
360    | 2.8747     | 0.3806     | 1.2790       | 1.2150       | 0.9552     | 0.4812       | 1.0275   |           
370    | 2.8224     | 0.3503     | 1.2530       | 1.2191       | 0.9656     | 0.4933       | 1.0928   |           
380    | 2.9088     | 0.3948     | 1.2803       | 1.2337       | 0.9490     | 0.5246       | 1.0860   |           
390    | 2.9170     | 0.3817     | 1.2918       | 1.2435       | 0.9729     | 0.4499       | 1.0913   | (ADV 0.75)
400    | 2.8623     | 0.3487     | 1.2651       | 1.2485       | 0.9646     | 0.4900       | 1.0600   |           
410    | 2.8835     | 0.3750     | 1.2748       | 1.2338       | 0.9521     | 0.4756       | 0.9919   |           
420    | 2.9048     | 0.3692     | 1.2876       | 1.2480       | 0.9521     | 0.4977       | 1.0107   |           
430    | 2.8771     | 0.3643     | 1.2656       | 1.2472       | 0.9635     | 0.4500       | 1.0387   |           
440    | 2.8680     | 0.3281     | 1.3009       | 1.2390       | 0.9635     | 0.4521       | 0.9468   |           
450    | 2.9456     | 0.3490     | 1.2978       | 1.2989       | 0.9635     | 0.4282       | 1.1552   |           
460    | 2.9239     | 0.3633     | 1.2962       | 1.2643       | 0.9688     | 0.4431       | 0.9941   |           
470    | 2.8705     | 0.3297     | 1.2794       | 1.2614       | 0.9740     | 0.4344       | 1.0593   |           
480    | 2.9017     | 0.3467     | 1.2833       | 1.2717       | 0.9719     | 0.4408       | 1.0333   |           
490    | 2.9133     | 0.3711     | 1.2876       | 1.2547       | 0.9594     | 0.4363       | 0.9661   |           
500    | 2.8439     | 0.3085     | 1.2867       | 1.2487       | 0.9625     | 0.4663       | 0.9997   |           
Seed 42 | Src Acc: 97.3469 | Src MDE: 0.0501 | Tgt Acc: 24.6939 | Tgt MDE: 0.9928
>> Training Multi-Head PCN (Stage 2) on Source Domain for APs: [0, 1, 2, 3]...
>> Source PCN Training Finished. Huber Loss: 0.0213
>> Training Multi-Head PCN (Stage 2) on Target Domain for APs: [2, 3]...
>> Target PCN Training Finished. Huber Loss: 0.0097

Start GeoSPA-Net Training Seed 67...
Epoch  | Total Loss | Tr Cls     | Tr Dom RSSI  | Tr Dom RTT   | Val T Acc  | Val T Entropy | Test MDE
------------------------------------------------------------------------------------------------------------------------
10     | 3.2877     | 1.9590     | 1.0801       | 0.2485       | 0.8385     | 3.2984       | 1.4254   |           
20     | 2.6560     | 1.1994     | 1.0131       | 0.4435       | 0.9042     | 2.6914       | 1.2984   | (ADV -0.44)
30     | 2.6439     | 0.8989     | 0.9829       | 0.7621       | 0.9333     | 2.2683       | 1.3851   |           
40     | 2.6061     | 0.7658     | 0.9762       | 0.8642       | 0.9385     | 1.7619       | 1.3911   | (ADV 0.06)
50     | 2.5168     | 0.7062     | 0.9913       | 0.8192       | 0.9521     | 1.6111       | 1.4138   |           
60     | 2.4846     | 0.5981     | 0.9859       | 0.9007       | 0.9490     | 1.4405       | 1.2036   |           
70     | 2.5619     | 0.5928     | 1.0422       | 0.9270       | 0.9448     | 1.3371       | 1.2880   |           
80     | 2.5923     | 0.5721     | 1.0560       | 0.9643       | 0.9583     | 1.2542       | 1.3725   | (ADV 0.33)
90     | 2.6572     | 0.5858     | 1.0946       | 0.9768       | 0.9458     | 1.2428       | 1.3691   |           
100    | 2.6484     | 0.5470     | 1.0865       | 1.0149       | 0.9344     | 1.1122       | 1.1842   |           
110    | 2.7158     | 0.5603     | 1.1149       | 1.0407       | 0.9500     | 1.1330       | 1.1438   |           
120    | 2.7440     | 0.5257     | 1.1685       | 1.0499       | 0.9469     | 1.0048       | 1.0760   |           
130    | 2.7869     | 0.5372     | 1.1824       | 1.0674       | 0.9490     | 0.9513       | 1.0408   |           
140    | 2.7748     | 0.5336     | 1.1835       | 1.0577       | 0.9635     | 0.9476       | 1.0611   |           
150    | 2.8177     | 0.5544     | 1.1901       | 1.0732       | 0.9490     | 0.8360       | 1.0098   | (ADV 0.53)
160    | 2.8351     | 0.5087     | 1.2019       | 1.1246       | 0.9281     | 0.8758       | 0.9503   |           
170    | 2.7843     | 0.4790     | 1.1916       | 1.1137       | 0.9531     | 0.8601       | 0.9596   |           
180    | 2.8109     | 0.4649     | 1.2122       | 1.1339       | 0.9313     | 0.8334       | 1.0069   |           
190    | 2.8309     | 0.4797     | 1.2120       | 1.1392       | 0.9198     | 0.8039       | 1.0458   |           
200    | 2.8303     | 0.4585     | 1.2183       | 1.1535       | 0.9187     | 0.7360       | 1.1187   |           
210    | 2.8012     | 0.4514     | 1.2088       | 1.1410       | 0.9583     | 0.7804       | 1.1148   |           
220    | 2.9229     | 0.5134     | 1.2515       | 1.1581       | 0.9208     | 0.7478       | 1.0706   |           
230    | 2.9047     | 0.4822     | 1.2632       | 1.1593       | 0.9354     | 0.6618       | 1.2224   | (ADV 0.60)
240    | 2.8719     | 0.4474     | 1.2554       | 1.1690       | 0.9417     | 0.7215       | 1.0674   |           
250    | 2.8673     | 0.4073     | 1.2648       | 1.1952       | 0.9313     | 0.6948       | 1.1241   |           
260    | 2.9051     | 0.4591     | 1.2412       | 1.2048       | 0.9396     | 0.7238       | 1.0165   |           
270    | 2.8306     | 0.4175     | 1.2578       | 1.1553       | 0.9250     | 0.7198       | 1.0068   |           
280    | 2.8649     | 0.4222     | 1.2611       | 1.1816       | 0.9469     | 0.7466       | 1.2051   |           
290    | 2.8430     | 0.4182     | 1.2430       | 1.1818       | 0.9385     | 0.6766       | 1.2214   |           
300    | 2.8612     | 0.4180     | 1.2486       | 1.1945       | 0.9302     | 0.6445       | 1.0651   |           
310    | 2.8344     | 0.3726     | 1.2546       | 1.2072       | 0.9437     | 0.6369       | 1.1203   |           
320    | 2.8543     | 0.3706     | 1.2747       | 1.2090       | 0.9635     | 0.6791       | 1.0519   |           
330    | 2.9101     | 0.4208     | 1.2689       | 1.2203       | 0.9656     | 0.6795       | 1.1727   |           
340    | 2.8731     | 0.3901     | 1.2664       | 1.2165       | 0.9135     | 0.6400       | 1.0761   |           
350    | 2.8542     | 0.3718     | 1.2707       | 1.2117       | 0.9490     | 0.6117       | 1.0348   |           
360    | 2.8848     | 0.3731     | 1.2701       | 1.2416       | 0.9458     | 0.6178       | 1.0728   |           
370    | 2.8739     | 0.3779     | 1.2791       | 1.2169       | 0.9583     | 0.6442       | 1.1011   |           
380    | 2.8884     | 0.4088     | 1.2725       | 1.2071       | 0.9344     | 0.6383       | 1.0449   |           
390    | 2.8855     | 0.3757     | 1.2704       | 1.2393       | 0.9375     | 0.5884       | 0.9928   |           
400    | 2.8991     | 0.3629     | 1.2977       | 1.2384       | 0.9583     | 0.5979       | 1.1471   |           
410    | 2.8806     | 0.3567     | 1.2920       | 1.2319       | 0.9406     | 0.5532       | 0.9840   |           
420    | 2.8541     | 0.3482     | 1.2624       | 1.2436       | 0.9542     | 0.5592       | 0.9824   |           
430    | 2.9767     | 0.4231     | 1.2931       | 1.2605       | 0.9552     | 0.5327       | 0.9960   |           
440    | 2.8604     | 0.3335     | 1.2863       | 1.2406       | 0.9688     | 0.5196       | 0.9736   |           
450    | 2.9124     | 0.3624     | 1.2942       | 1.2558       | 0.9469     | 0.5756       | 1.1810   |           
460    | 2.8799     | 0.3518     | 1.2659       | 1.2622       | 0.9281     | 0.5809       | 1.0400   |           
470    | 2.8879     | 0.3643     | 1.2843       | 1.2394       | 0.9333     | 0.5454       | 1.0882   |           
480    | 2.9048     | 0.3344     | 1.3068       | 1.2636       | 0.9500     | 0.5140       | 1.0460   |           
490    | 2.8784     | 0.3299     | 1.3013       | 1.2471       | 0.9375     | 0.5517       | 1.0291   |           
500    | 2.8674     | 0.3278     | 1.2900       | 1.2496       | 0.9625     | 0.5018       | 1.0367   |           
Seed 67 | Src Acc: 96.6327 | Src MDE: 0.0717 | Tgt Acc: 33.5714 | Tgt MDE: 0.9264
>> Training Multi-Head PCN (Stage 2) on Source Domain for APs: [0, 1, 2, 3]...
>> Source PCN Training Finished. Huber Loss: 0.0162
>> Training Multi-Head PCN (Stage 2) on Target Domain for APs: [2, 3]...
>> Target PCN Training Finished. Huber Loss: 0.0079

Start GeoSPA-Net Training Seed 1024...
Epoch  | Total Loss | Tr Cls     | Tr Dom RSSI  | Tr Dom RTT   | Val T Acc  | Val T Entropy | Test MDE
------------------------------------------------------------------------------------------------------------------------
10     | 3.4038     | 1.9925     | 1.0819       | 0.3295       | 0.8333     | 3.3842       | 1.3375   |           
20     | 2.5095     | 1.1475     | 0.9152       | 0.4468       | 0.9198     | 2.7249       | 1.1777   | (ADV -0.44)
30     | 2.5331     | 0.9302     | 0.9326       | 0.6703       | 0.9240     | 2.2691       | 1.1045   |           
40     | 2.3882     | 0.7514     | 0.9492       | 0.6876       | 0.9365     | 1.9711       | 1.1494   |           
50     | 2.5057     | 0.7230     | 0.9922       | 0.7905       | 0.9333     | 1.6423       | 1.1282   |           
60     | 2.5617     | 0.6398     | 1.0141       | 0.9077       | 0.9062     | 1.4904       | 1.1321   |           
70     | 2.6203     | 0.6275     | 1.0234       | 0.9694       | 0.9344     | 1.3307       | 1.0835   |           
80     | 2.6747     | 0.6280     | 1.0433       | 1.0034       | 0.9427     | 1.2038       | 1.0497   | (ADV 0.34)
90     | 2.6731     | 0.6090     | 1.0392       | 1.0249       | 0.9354     | 1.1338       | 1.0231   | (ADV 0.37)
100    | 2.6805     | 0.5765     | 1.0689       | 1.0351       | 0.9437     | 1.0914       | 1.0855   |           
110    | 2.6579     | 0.5678     | 1.0489       | 1.0412       | 0.9396     | 1.1247       | 1.1142   |           
120    | 2.7369     | 0.5755     | 1.0760       | 1.0853       | 0.9437     | 1.0823       | 1.0571   |           
130    | 2.8632     | 0.6203     | 1.1391       | 1.1038       | 0.9437     | 0.9732       | 1.0337   |           
140    | 2.8470     | 0.5896     | 1.1529       | 1.1045       | 0.9510     | 0.9627       | 1.0178   |           
150    | 2.8358     | 0.5616     | 1.1670       | 1.1073       | 0.9521     | 0.8940       | 0.9522   |           
160    | 2.8624     | 0.5508     | 1.1410       | 1.1706       | 0.9365     | 0.8674       | 0.8877   |           
170    | 2.8627     | 0.5260     | 1.1800       | 1.1567       | 0.9333     | 0.8993       | 0.9115   |           
180    | 2.8828     | 0.5609     | 1.1913       | 1.1305       | 0.9219     | 0.9138       | 1.0803   |           
190    | 2.9471     | 0.5831     | 1.1981       | 1.1658       | 0.9604     | 0.8109       | 0.9065   |           
200    | 2.9257     | 0.5435     | 1.2063       | 1.1759       | 0.9458     | 0.8477       | 1.0592   |           
210    | 2.9739     | 0.5815     | 1.2094       | 1.1831       | 0.9281     | 0.7636       | 0.9993   |           
220    | 2.8546     | 0.4877     | 1.1884       | 1.1785       | 0.9375     | 0.7042       | 0.9701   |           
230    | 2.7854     | 0.4597     | 1.1712       | 1.1545       | 0.9552     | 0.6183       | 0.9573   | (ADV 0.65)
240    | 2.9366     | 0.5213     | 1.2247       | 1.1905       | 0.9510     | 0.7903       | 0.8864   |           
250    | 2.9452     | 0.5217     | 1.2032       | 1.2203       | 0.9531     | 0.7285       | 0.8328   |           
260    | 2.9329     | 0.5231     | 1.2189       | 1.1909       | 0.9396     | 0.6097       | 0.8600   |           
270    | 2.8305     | 0.4322     | 1.1985       | 1.1998       | 0.9625     | 0.6720       | 0.9506   |           
280    | 2.9174     | 0.4716     | 1.2690       | 1.1768       | 0.9385     | 0.6462       | 0.8608   |           
290    | 2.8876     | 0.4520     | 1.2621       | 1.1736       | 0.9500     | 0.6645       | 1.0250   |           
300    | 2.8703     | 0.4464     | 1.2385       | 1.1854       | 0.9437     | 0.6081       | 0.9411   |           
310    | 2.8809     | 0.4380     | 1.2358       | 1.2070       | 0.9469     | 0.6710       | 0.9190   |           
320    | 3.0126     | 0.5349     | 1.2697       | 1.2080       | 0.9365     | 0.6712       | 0.9401   |           
330    | 2.9023     | 0.4403     | 1.2553       | 1.2068       | 0.9448     | 0.5988       | 0.9673   |           
340    | 2.9652     | 0.4640     | 1.2522       | 1.2490       | 0.9208     | 0.5255       | 0.8761   | (ADV 0.66)
350    | 2.9037     | 0.4600     | 1.2267       | 1.2170       | 0.9052     | 0.6287       | 0.9272   |           
360    | 2.8557     | 0.4200     | 1.2549       | 1.1808       | 0.9281     | 0.7060       | 1.0296   |           
370    | 2.9434     | 0.4747     | 1.2382       | 1.2305       | 0.9177     | 0.5716       | 1.0129   |           
380    | 2.8694     | 0.4030     | 1.2722       | 1.1942       | 0.9479     | 0.5908       | 0.9978   |           
390    | 2.8877     | 0.3933     | 1.2633       | 1.2312       | 0.9094     | 0.5967       | 0.8761   |           
400    | 2.9166     | 0.4217     | 1.2763       | 1.2187       | 0.9406     | 0.6336       | 0.8741   |           
410    | 2.8707     | 0.3872     | 1.2465       | 1.2370       | 0.9208     | 0.5357       | 0.8325   |           
420    | 2.9506     | 0.4145     | 1.2723       | 1.2639       | 0.9000     | 0.5760       | 0.8813   |           
430    | 2.8987     | 0.4030     | 1.2692       | 1.2265       | 0.9479     | 0.4989       | 0.8134   |           
440    | 2.9647     | 0.4312     | 1.2761       | 1.2573       | 0.9125     | 0.5224       | 0.8430   |           
450    | 2.9414     | 0.4052     | 1.2895       | 1.2467       | 0.9271     | 0.5023       | 0.8059   |           
460    | 2.9283     | 0.3650     | 1.3006       | 1.2627       | 0.9417     | 0.5659       | 0.7856   |           
470    | 2.9411     | 0.3781     | 1.2846       | 1.2784       | 0.9510     | 0.5904       | 0.8618   |           
480    | 2.9568     | 0.3940     | 1.2810       | 1.2818       | 0.9021     | 0.5722       | 0.8017   |           
490    | 2.8721     | 0.3323     | 1.2661       | 1.2737       | 0.9313     | 0.5119       | 0.8387   |           
500    | 2.9166     | 0.3711     | 1.2806       | 1.2649       | 0.9563     | 0.5008       | 0.9230   |           
Seed 1024 | Src Acc: 96.4286 | Src MDE: 0.0566 | Tgt Acc: 32.5510 | Tgt MDE: 0.9340
Finished Combo GeoSPA_3_4. Results saved.
