==========================================
Current Architecture: GeoSPA-Net (Fixed)
mcAPs (Real Anchors): [4] (Indices: [3])
Legacy APs (Virtual): [1, 2, 3] (Indices: [0, 1, 2])
==========================================
>> Training Multi-Head PCN (Stage 2) on Source Domain for APs: [0, 1, 2, 3]...
>> Source PCN Training Finished. Huber Loss: 0.0199
>> Training Multi-Head PCN (Stage 2) on Target Domain for APs: [3]...
>> Target PCN Training Finished. Huber Loss: 0.0062

Start GeoSPA-Net Training Seed 42...
Epoch  | Total Loss | Tr Cls     | Tr Dom RSSI  | Tr Dom RTT   | Val T Acc  | Val T Entropy | Test MDE
------------------------------------------------------------------------------------------------------------------------
10     | 3.1139     | 2.0289     | 1.0014       | 0.0836       | 0.6552     | 3.5591       | 2.4282   |           
20     | 2.3319     | 1.2715     | 0.9232       | 0.1372       | 0.6188     | 3.1662       | 2.1170   | (ADV -0.96)
30     | 1.9710     | 0.9194     | 0.9570       | 0.0946       | 0.5083     | 2.5624       | 2.0749   | (ADV -0.77)
40     | 2.2124     | 0.8073     | 0.9124       | 0.4927       | 0.5563     | 2.0525       | 1.7978   | (ADV -0.47)
50     | 2.1964     | 0.7427     | 0.9547       | 0.4990       | 0.5625     | 1.7145       | 1.5561   |           
60     | 2.3922     | 0.7423     | 0.9788       | 0.6711       | 0.5240     | 1.8380       | 1.5247   |           
70     | 2.4925     | 0.7079     | 1.0020       | 0.7826       | 0.6010     | 1.4422       | 1.4888   |           
80     | 2.6408     | 0.7144     | 1.0623       | 0.8640       | 0.6146     | 1.3192       | 1.6458   |           
90     | 2.7265     | 0.6727     | 1.1105       | 0.9433       | 0.5552     | 1.2833       | 1.5064   |           
100    | 2.8384     | 0.6722     | 1.1194       | 1.0468       | 0.6365     | 1.2496       | 1.6833   |           
110    | 2.9331     | 0.6843     | 1.1458       | 1.1029       | 0.7521     | 1.1331       | 1.4904   | (ADV 0.19)
120    | 3.0096     | 0.6646     | 1.1658       | 1.1792       | 0.5813     | 0.9503       | 1.4446   |           
130    | 2.9207     | 0.6152     | 1.1546       | 1.1509       | 0.6052     | 0.9199       | 1.3697   |           
140    | 2.8432     | 0.5633     | 1.1395       | 1.1404       | 0.5708     | 0.7973       | 1.4442   |           
150    | 2.9501     | 0.5986     | 1.1826       | 1.1689       | 0.6115     | 0.8406       | 1.5176   |           
160    | 2.9485     | 0.5863     | 1.1858       | 1.1764       | 0.6010     | 0.8557       | 1.4877   |           
170    | 2.9170     | 0.5781     | 1.1636       | 1.1753       | 0.5875     | 0.8119       | 1.5581   |           
180    | 2.9643     | 0.5888     | 1.1757       | 1.1998       | 0.5188     | 0.8431       | 1.6333   |           
190    | 3.0607     | 0.5920     | 1.2102       | 1.2585       | 0.4323     | 0.7900       | 1.5670   |           
200    | 2.9570     | 0.5729     | 1.1900       | 1.1940       | 0.4115     | 0.8393       | 1.5366   |           
210    | 2.9911     | 0.5730     | 1.2001       | 1.2180       | 0.5323     | 0.7212       | 1.5348   |           
220    | 3.0236     | 0.5852     | 1.2106       | 1.2278       | 0.4365     | 0.6337       | 1.6327   |           
230    | 2.9836     | 0.5500     | 1.2086       | 1.2250       | 0.4490     | 0.6867       | 1.6700   |           
240    | 3.0257     | 0.5665     | 1.2288       | 1.2304       | 0.4375     | 0.6895       | 1.7833   |           
250    | 2.9168     | 0.4939     | 1.2177       | 1.2053       | 0.4656     | 0.6373       | 1.7401   |           
260    | 2.9875     | 0.5645     | 1.2146       | 1.2084       | 0.3729     | 0.7083       | 1.6567   |           
270    | 3.0189     | 0.5344     | 1.2451       | 1.2394       | 0.2646     | 0.6967       | 1.6793   |           
280    | 3.0039     | 0.5081     | 1.2455       | 1.2503       | 0.3729     | 0.5514       | 1.8611   |           
290    | 2.9367     | 0.5116     | 1.2131       | 1.2120       | 0.2562     | 0.5460       | 1.6032   |           
300    | 2.9756     | 0.5012     | 1.2476       | 1.2268       | 0.4146     | 0.6207       | 1.5746   |           
310    | 2.9490     | 0.4819     | 1.2290       | 1.2380       | 0.3625     | 0.5566       | 1.6044   |           
320    | 2.9539     | 0.4467     | 1.2545       | 1.2526       | 0.3583     | 0.5421       | 1.7245   |           
330    | 2.9626     | 0.4768     | 1.2597       | 1.2261       | 0.2885     | 0.5369       | 1.6891   |           
340    | 2.9248     | 0.4407     | 1.2311       | 1.2530       | 0.3177     | 0.5363       | 1.7709   |           
350    | 2.9267     | 0.4459     | 1.2442       | 1.2366       | 0.3854     | 0.4757       | 1.7077   |           
360    | 3.0301     | 0.5170     | 1.2747       | 1.2384       | 0.3531     | 0.4890       | 1.8646   |           
370    | 2.9415     | 0.4243     | 1.2761       | 1.2410       | 0.3396     | 0.4861       | 1.8551   |           
380    | 2.9977     | 0.4812     | 1.2726       | 1.2438       | 0.2573     | 0.4973       | 1.7660   |           
390    | 2.9970     | 0.4657     | 1.2713       | 1.2599       | 0.3531     | 0.4513       | 1.7336   |           
400    | 2.9254     | 0.4091     | 1.2804       | 1.2359       | 0.4115     | 0.4792       | 1.8691   |           
410    | 2.9727     | 0.4398     | 1.2796       | 1.2533       | 0.3198     | 0.4542       | 1.7402   |           
420    | 2.9610     | 0.4224     | 1.2843       | 1.2542       | 0.3688     | 0.5075       | 1.8961   |           
430    | 2.9996     | 0.4345     | 1.2998       | 1.2653       | 0.3552     | 0.4591       | 1.7219   |           
440    | 2.9174     | 0.3763     | 1.2834       | 1.2577       | 0.3500     | 0.4922       | 1.6825   |           
450    | 2.9642     | 0.4133     | 1.2774       | 1.2735       | 0.4208     | 0.4758       | 1.8483   |           
460    | 2.9928     | 0.4399     | 1.3029       | 1.2500       | 0.3031     | 0.4746       | 1.6499   |           
470    | 2.8644     | 0.3436     | 1.2712       | 1.2495       | 0.2719     | 0.4456       | 1.6265   |           
480    | 3.0093     | 0.4542     | 1.2933       | 1.2617       | 0.4542     | 0.5040       | 1.6592   |           
490    | 2.9808     | 0.4303     | 1.2823       | 1.2682       | 0.2771     | 0.5133       | 2.0057   |           
500    | 2.9080     | 0.3896     | 1.2770       | 1.2414       | 0.3604     | 0.4795       | 1.7231   |           
Seed 42 | Src Acc: 66.6327 | Src MDE: 0.7063 | Tgt Acc: 16.5306 | Tgt MDE: 1.4582
>> Training Multi-Head PCN (Stage 2) on Source Domain for APs: [0, 1, 2, 3]...
>> Source PCN Training Finished. Huber Loss: 0.0197
>> Training Multi-Head PCN (Stage 2) on Target Domain for APs: [3]...
>> Target PCN Training Finished. Huber Loss: 0.0051

Start GeoSPA-Net Training Seed 67...
Epoch  | Total Loss | Tr Cls     | Tr Dom RSSI  | Tr Dom RTT   | Val T Acc  | Val T Entropy | Test MDE
------------------------------------------------------------------------------------------------------------------------
10     | 3.1873     | 2.0042     | 1.0744       | 0.1087       | 0.4229     | 3.2980       | 1.9525   |           
20     | 2.4923     | 1.2688     | 0.9587       | 0.2648       | 0.4927     | 2.6849       | 1.9938   |           
30     | 2.6471     | 1.0023     | 0.9520       | 0.6928       | 0.5021     | 2.2513       | 1.3798   |           
40     | 2.6513     | 0.8879     | 0.9905       | 0.7729       | 0.6031     | 1.9859       | 1.5721   | (ADV -0.39)
50     | 2.8166     | 0.8504     | 1.0291       | 0.9371       | 0.6219     | 1.8053       | 1.7199   |           
60     | 2.6846     | 0.6791     | 1.0280       | 0.9775       | 0.7552     | 1.5836       | 1.4621   |           
70     | 2.7651     | 0.7025     | 1.0586       | 1.0039       | 0.7812     | 1.4419       | 1.6519   | (ADV 0.06)
80     | 2.7160     | 0.6526     | 1.0280       | 1.0355       | 0.7219     | 1.3815       | 1.2184   |           
90     | 2.8462     | 0.6851     | 1.1078       | 1.0532       | 0.8010     | 1.4058       | 1.3162   |           
100    | 2.9045     | 0.6640     | 1.1207       | 1.1197       | 0.7771     | 1.2727       | 1.2335   |           
110    | 2.8532     | 0.5970     | 1.1412       | 1.1150       | 0.7927     | 1.1589       | 1.4241   |           
120    | 2.8623     | 0.6128     | 1.1685       | 1.0810       | 0.7385     | 1.2479       | 1.3483   |           
130    | 2.9137     | 0.5728     | 1.1689       | 1.1720       | 0.8865     | 1.1251       | 1.3469   | (ADV 0.32)
140    | 2.9158     | 0.5895     | 1.1748       | 1.1514       | 0.7688     | 1.0969       | 1.2513   |           
150    | 2.9178     | 0.5966     | 1.1657       | 1.1555       | 0.8448     | 0.9903       | 1.1624   |           
160    | 2.8877     | 0.5309     | 1.1579       | 1.1989       | 0.8667     | 1.2117       | 1.3976   |           
170    | 2.9956     | 0.5856     | 1.1815       | 1.2286       | 0.8708     | 1.0011       | 1.3793   |           
180    | 2.8033     | 0.5064     | 1.1408       | 1.1561       | 0.8646     | 0.9502       | 1.1563   |           
190    | 2.8789     | 0.5192     | 1.1989       | 1.1608       | 0.8688     | 0.9995       | 1.2487   |           
200    | 2.8785     | 0.5187     | 1.1996       | 1.1602       | 0.8510     | 1.0579       | 1.2690   |           
210    | 2.8872     | 0.5105     | 1.1779       | 1.1987       | 0.7979     | 0.9156       | 1.1999   |           
220    | 2.9153     | 0.5299     | 1.2255       | 1.1599       | 0.8750     | 0.8760       | 1.3806   |           
230    | 3.0130     | 0.5661     | 1.2174       | 1.2294       | 0.7823     | 0.8862       | 1.3326   |           
240    | 2.9152     | 0.4898     | 1.2194       | 1.2060       | 0.8698     | 0.8321       | 1.4128   |           
250    | 2.8908     | 0.4865     | 1.2210       | 1.1833       | 0.8865     | 0.8461       | 1.2072   |           
260    | 2.9405     | 0.5069     | 1.2328       | 1.2008       | 0.8812     | 0.8690       | 1.4322   |           
270    | 3.0072     | 0.5489     | 1.2560       | 1.2023       | 0.7917     | 0.8015       | 1.3536   |           
280    | 2.9174     | 0.4870     | 1.2593       | 1.1711       | 0.8313     | 0.8409       | 1.2155   |           
290    | 2.9318     | 0.4846     | 1.2465       | 1.2008       | 0.8573     | 0.9000       | 1.3059   |           
300    | 2.9246     | 0.4969     | 1.2401       | 1.1876       | 0.9094     | 0.8444       | 1.1599   |           
310    | 2.8818     | 0.4571     | 1.2171       | 1.2076       | 0.7708     | 0.9377       | 1.1244   |           
320    | 2.9224     | 0.4720     | 1.2668       | 1.1835       | 0.7604     | 1.0143       | 1.2232   |           
330    | 2.8613     | 0.4251     | 1.2361       | 1.2001       | 0.8625     | 0.6961       | 1.1875   |           
340    | 2.8623     | 0.4316     | 1.2572       | 1.1736       | 0.8354     | 0.8420       | 1.3113   |           
350    | 2.9372     | 0.4708     | 1.2573       | 1.2092       | 0.8604     | 0.7525       | 1.2289   |           
360    | 2.9399     | 0.4484     | 1.2743       | 1.2171       | 0.9219     | 0.8221       | 1.2172   |           
370    | 2.9172     | 0.4292     | 1.2796       | 1.2084       | 0.8771     | 0.7354       | 1.1090   |           
380    | 2.9741     | 0.4553     | 1.3196       | 1.1992       | 0.8521     | 0.7682       | 1.4559   |           
390    | 2.9774     | 0.4679     | 1.2763       | 1.2332       | 0.8021     | 0.7777       | 1.3506   |           
400    | 2.8990     | 0.3996     | 1.2770       | 1.2223       | 0.8771     | 0.8161       | 1.3392   |           
410    | 2.8892     | 0.4236     | 1.2520       | 1.2136       | 0.8490     | 0.7435       | 1.5691   |           
420    | 2.8189     | 0.3698     | 1.2454       | 1.2037       | 0.8260     | 0.7819       | 1.3342   |           
430    | 2.9429     | 0.4551     | 1.2599       | 1.2279       | 0.8854     | 0.7508       | 1.2653   |           
440    | 2.8763     | 0.3907     | 1.2581       | 1.2276       | 0.8594     | 0.7420       | 1.0837   |           
450    | 2.9198     | 0.4135     | 1.2594       | 1.2469       | 0.7927     | 0.6776       | 1.1166   |           
460    | 2.8871     | 0.4027     | 1.2626       | 1.2218       | 0.8427     | 0.6995       | 1.1613   |           
470    | 2.9293     | 0.4198     | 1.2867       | 1.2228       | 0.8354     | 0.7530       | 1.3853   |           
480    | 2.9517     | 0.4189     | 1.2942       | 1.2387       | 0.8125     | 0.6702       | 1.2346   |           
490    | 2.9557     | 0.4142     | 1.3021       | 1.2394       | 0.8573     | 0.7150       | 1.1226   |           
500    | 2.8759     | 0.3772     | 1.2550       | 1.2437       | 0.8354     | 0.7469       | 1.1299   |           
Seed 67 | Src Acc: 92.3469 | Src MDE: 0.1205 | Tgt Acc: 26.9388 | Tgt MDE: 1.2127
>> Training Multi-Head PCN (Stage 2) on Source Domain for APs: [0, 1, 2, 3]...
>> Source PCN Training Finished. Huber Loss: 0.0163
>> Training Multi-Head PCN (Stage 2) on Target Domain for APs: [3]...
>> Target PCN Training Finished. Huber Loss: 0.0054

Start GeoSPA-Net Training Seed 1024...
Epoch  | Total Loss | Tr Cls     | Tr Dom RSSI  | Tr Dom RTT   | Val T Acc  | Val T Entropy | Test MDE
------------------------------------------------------------------------------------------------------------------------
10     | 3.1789     | 2.0282     | 1.0121       | 0.1386       | 0.6333     | 3.3466       | 1.8641   |           
20     | 2.4320     | 1.2435     | 0.9031       | 0.2855       | 0.7948     | 2.8663       | 1.5432   | (ADV -0.64)
30     | 2.4265     | 1.0527     | 0.9388       | 0.4350       | 0.8583     | 2.5108       | 1.5560   |           
40     | 2.4001     | 0.8836     | 0.9614       | 0.5552       | 0.8229     | 2.2847       | 1.5062   |           
50     | 2.6293     | 0.8387     | 1.0240       | 0.7666       | 0.8802     | 2.0085       | 1.3669   | (ADV -0.12)
60     | 2.7191     | 0.7745     | 1.0192       | 0.9254       | 0.8896     | 1.6917       | 1.3016   |           
70     | 2.7321     | 0.7248     | 1.0198       | 0.9876       | 0.9240     | 1.5068       | 1.2747   | (ADV 0.17)
80     | 2.8418     | 0.7511     | 1.0432       | 1.0475       | 0.9250     | 1.4351       | 1.2857   |           
90     | 2.8241     | 0.7051     | 1.0432       | 1.0757       | 0.8823     | 1.4023       | 1.3317   |           
100    | 2.8911     | 0.6764     | 1.0778       | 1.1370       | 0.9344     | 1.3064       | 1.2005   | (ADV 0.28)
110    | 2.9331     | 0.6998     | 1.0742       | 1.1591       | 0.8510     | 1.3664       | 1.2536   |           
120    | 2.9262     | 0.6520     | 1.1141       | 1.1600       | 0.8812     | 1.2393       | 1.3584   |           
130    | 2.9140     | 0.6386     | 1.1226       | 1.1527       | 0.8927     | 1.1324       | 1.2136   |           
140    | 2.9835     | 0.6758     | 1.1370       | 1.1707       | 0.9135     | 1.0548       | 1.1135   | (ADV 0.39)
150    | 3.0329     | 0.6789     | 1.1669       | 1.1871       | 0.8656     | 1.1987       | 1.1502   |           
160    | 2.9291     | 0.5959     | 1.1525       | 1.1807       | 0.9333     | 0.9808       | 1.2166   | (ADV 0.44)
170    | 2.9217     | 0.5687     | 1.1805       | 1.1724       | 0.9187     | 0.9097       | 1.1801   | (ADV 0.46)
180    | 2.9538     | 0.5793     | 1.1640       | 1.2104       | 0.8875     | 1.0200       | 1.2009   |           
190    | 3.0673     | 0.6587     | 1.1884       | 1.2201       | 0.9031     | 0.9170       | 1.1428   |           
200    | 2.9936     | 0.6191     | 1.1658       | 1.2088       | 0.9406     | 0.8995       | 1.1395   |           
210    | 3.0065     | 0.6105     | 1.1985       | 1.1975       | 0.8646     | 0.9059       | 1.1720   |           
220    | 2.9806     | 0.5519     | 1.2116       | 1.2171       | 0.8990     | 0.8570       | 1.0984   |           
230    | 2.9742     | 0.5808     | 1.1934       | 1.2000       | 0.9260     | 0.8042       | 1.2171   |           
240    | 2.9979     | 0.5771     | 1.2159       | 1.2049       | 0.9458     | 0.8490       | 1.2509   |           
250    | 3.0263     | 0.5764     | 1.2143       | 1.2356       | 0.9229     | 0.8234       | 1.1661   |           
260    | 2.9873     | 0.5588     | 1.2092       | 1.2194       | 0.9115     | 0.8125       | 1.2113   |           
270    | 2.9883     | 0.5608     | 1.1874       | 1.2400       | 0.8958     | 0.7630       | 1.2008   |           
280    | 3.0182     | 0.5373     | 1.2328       | 1.2481       | 0.8792     | 0.7349       | 1.1755   |           
290    | 2.9595     | 0.5074     | 1.2313       | 1.2209       | 0.9427     | 0.7797       | 1.2077   |           
300    | 2.9320     | 0.4919     | 1.2094       | 1.2308       | 0.9365     | 0.8098       | 1.0567   |           
310    | 2.9720     | 0.5013     | 1.2197       | 1.2511       | 0.9448     | 0.7095       | 1.0390   |           
320    | 3.0141     | 0.5556     | 1.2299       | 1.2287       | 0.9365     | 0.8027       | 1.1880   |           
330    | 2.9571     | 0.4942     | 1.2219       | 1.2410       | 0.9229     | 0.7177       | 1.1046   |           
340    | 2.9112     | 0.4799     | 1.2068       | 1.2245       | 0.9104     | 0.7799       | 1.2019   |           
350    | 2.9471     | 0.5044     | 1.2126       | 1.2301       | 0.9417     | 0.7358       | 1.1471   |           
360    | 2.9099     | 0.4588     | 1.2227       | 1.2284       | 0.9417     | 0.7394       | 1.1892   |           
370    | 3.0116     | 0.5419     | 1.2293       | 1.2405       | 0.9417     | 0.7988       | 1.1349   |           
380    | 2.9284     | 0.4609     | 1.2373       | 1.2302       | 0.9417     | 0.6853       | 1.1557   |           
390    | 2.9091     | 0.4389     | 1.2331       | 1.2370       | 0.9260     | 0.7646       | 1.0572   |           
400    | 2.9600     | 0.4826     | 1.2596       | 1.2178       | 0.9167     | 0.7481       | 1.1000   |           
410    | 2.9223     | 0.4270     | 1.2454       | 1.2499       | 0.9479     | 0.7008       | 1.1003   |           
420    | 3.0111     | 0.5284     | 1.2409       | 1.2418       | 0.9250     | 0.7738       | 1.1553   |           
430    | 2.9380     | 0.4766     | 1.2321       | 1.2293       | 0.9083     | 0.7787       | 1.2112   |           
440    | 2.9880     | 0.4844     | 1.2543       | 1.2494       | 0.8927     | 0.7308       | 1.2359   |           
450    | 3.0095     | 0.4807     | 1.2539       | 1.2748       | 0.9531     | 0.7254       | 1.1560   |           
460    | 2.9819     | 0.4837     | 1.2365       | 1.2617       | 0.9292     | 0.7473       | 1.2534   |           
470    | 2.9514     | 0.4573     | 1.2341       | 1.2600       | 0.9292     | 0.7557       | 1.2729   |           
480    | 2.9226     | 0.4223     | 1.2392       | 1.2610       | 0.9417     | 0.7291       | 1.2864   |           
490    | 2.9393     | 0.4167     | 1.2488       | 1.2738       | 0.8948     | 0.7226       | 1.1982   |           
500    | 2.9655     | 0.4439     | 1.2541       | 1.2675       | 0.9375     | 0.7641       | 1.1585   |           
Seed 1024 | Src Acc: 93.1633 | Src MDE: 0.1351 | Tgt Acc: 25.4082 | Tgt MDE: 1.1443
Finished Combo GeoSPA_4. Results saved.
