==========================================
Current Architecture: GeoSPA-Net (Fixed)
mcAPs (Real Anchors): [2, 4] (Indices: [1, 3])
Legacy APs (Virtual): [1, 3] (Indices: [0, 2])
==========================================
>> Training Multi-Head PCN (Stage 2) on Source Domain for APs: [0, 1, 2, 3]...
>> Source PCN Training Finished. Huber Loss: 0.0179
>> Training Multi-Head PCN (Stage 2) on Target Domain for APs: [1, 3]...
>> Target PCN Training Finished. Huber Loss: 0.0083

Start GeoSPA-Net Training Seed 42...
Epoch  | Total Loss | Tr Cls     | Tr Dom RSSI  | Tr Dom RTT   | Val T Acc  | Val T Entropy | Test MDE
------------------------------------------------------------------------------------------------------------------------
10     | 3.3987     | 1.9646     | 1.1449       | 0.2892       | 0.8917     | 3.2996       | 1.1209   |           
20     | 2.7078     | 1.1824     | 1.0134       | 0.5119       | 0.9510     | 2.5564       | 1.0802   | (ADV -0.33)
30     | 2.6418     | 0.8402     | 1.0021       | 0.7995       | 0.9615     | 2.0653       | 0.9891   |           
40     | 2.5258     | 0.7003     | 0.9802       | 0.8453       | 0.9719     | 1.6728       | 0.9004   |           
50     | 2.5625     | 0.6371     | 0.9939       | 0.9314       | 0.9688     | 1.4526       | 0.8760   | (ADV 0.24)
60     | 2.5237     | 0.5696     | 1.0099       | 0.9442       | 0.9771     | 1.3101       | 0.9151   |           
70     | 2.6186     | 0.5626     | 1.0509       | 1.0050       | 0.9802     | 1.1762       | 0.8409   | (ADV 0.39)
80     | 2.7101     | 0.5347     | 1.1315       | 1.0440       | 0.9792     | 1.1366       | 0.8399   |           
90     | 2.7689     | 0.5175     | 1.1486       | 1.1028       | 0.9792     | 1.1188       | 0.8187   |           
100    | 2.8085     | 0.5150     | 1.1582       | 1.1352       | 0.9823     | 0.9859       | 0.7467   |           
110    | 2.7566     | 0.4766     | 1.1489       | 1.1311       | 0.9833     | 0.9220       | 0.7634   |           
120    | 2.7761     | 0.4842     | 1.1577       | 1.1342       | 0.9760     | 0.8635       | 0.8609   |           
130    | 2.7921     | 0.4722     | 1.1844       | 1.1355       | 0.9833     | 0.8345       | 0.7668   |           
140    | 2.7516     | 0.4242     | 1.1775       | 1.1499       | 0.9844     | 0.8729       | 0.7770   |           
150    | 2.7802     | 0.4549     | 1.1825       | 1.1427       | 0.9802     | 0.8964       | 0.7865   |           
160    | 2.7985     | 0.4190     | 1.1937       | 1.1858       | 0.9812     | 0.7489       | 0.8003   |           
170    | 2.7344     | 0.4046     | 1.1740       | 1.1558       | 0.9729     | 0.7611       | 0.7674   |           
180    | 2.7947     | 0.4358     | 1.2030       | 1.1559       | 0.9740     | 0.7749       | 0.9383   |           
190    | 2.8691     | 0.4567     | 1.2147       | 1.1976       | 0.9792     | 0.6969       | 0.7392   |           
200    | 2.8379     | 0.4332     | 1.2126       | 1.1922       | 0.9802     | 0.6964       | 0.7260   |           
210    | 2.8169     | 0.4068     | 1.2292       | 1.1809       | 0.9844     | 0.6949       | 0.8958   |           
220    | 2.8497     | 0.3983     | 1.2309       | 1.2206       | 0.9812     | 0.6272       | 0.7149   |           
230    | 2.8997     | 0.4062     | 1.2676       | 1.2259       | 0.9802     | 0.6142       | 0.7475   |           
240    | 2.8746     | 0.4170     | 1.2483       | 1.2093       | 0.9823     | 0.6525       | 0.8076   |           
250    | 2.8063     | 0.3519     | 1.2423       | 1.2121       | 0.9771     | 0.6392       | 0.8276   |           
260    | 2.7769     | 0.3450     | 1.2354       | 1.1965       | 0.9823     | 0.5817       | 0.7886   |           
270    | 2.8084     | 0.3525     | 1.2305       | 1.2253       | 0.9802     | 0.5464       | 0.7321   |           
280    | 2.8261     | 0.3756     | 1.2488       | 1.2016       | 0.9833     | 0.5673       | 0.7251   |           
290    | 2.7833     | 0.3455     | 1.2336       | 1.2041       | 0.9802     | 0.4958       | 0.6708   |           
300    | 2.8506     | 0.3453     | 1.2702       | 1.2351       | 0.9833     | 0.5040       | 0.7285   |           
310    | 2.8466     | 0.3676     | 1.2610       | 1.2180       | 0.9760     | 0.4980       | 0.7444   |           
320    | 2.8419     | 0.3275     | 1.2866       | 1.2278       | 0.9760     | 0.4382       | 0.7460   |           
330    | 2.8617     | 0.3520     | 1.2790       | 1.2307       | 0.9781     | 0.4750       | 0.6965   |           
340    | 2.8606     | 0.3464     | 1.2822       | 1.2320       | 0.9792     | 0.4169       | 0.7328   |           
350    | 2.8355     | 0.3180     | 1.2734       | 1.2440       | 0.9792     | 0.4477       | 0.7213   |           
360    | 2.8739     | 0.3433     | 1.2980       | 1.2326       | 0.9729     | 0.4517       | 0.8055   |           
370    | 2.8526     | 0.2964     | 1.3026       | 1.2536       | 0.9875     | 0.5496       | 0.7860   |           
380    | 2.8528     | 0.3312     | 1.2902       | 1.2315       | 0.9896     | 0.5039       | 0.6831   |           
390    | 2.8478     | 0.3287     | 1.2682       | 1.2510       | 0.9865     | 0.4640       | 0.7192   |           
400    | 2.8436     | 0.3033     | 1.2712       | 1.2691       | 0.9781     | 0.5052       | 0.6963   |           
410    | 2.8425     | 0.3344     | 1.2849       | 1.2232       | 0.9854     | 0.4145       | 0.7451   |           
420    | 2.8020     | 0.2789     | 1.2805       | 1.2427       | 0.9865     | 0.4355       | 0.8261   |           
430    | 2.8593     | 0.3010     | 1.2854       | 1.2729       | 0.9802     | 0.4012       | 0.7625   |           
440    | 2.8437     | 0.2799     | 1.2985       | 1.2652       | 0.9781     | 0.3623       | 0.8419   |           
450    | 2.8113     | 0.2569     | 1.2954       | 1.2589       | 0.9844     | 0.4021       | 0.8405   |           
460    | 2.8865     | 0.3087     | 1.3124       | 1.2654       | 0.9792     | 0.3536       | 0.6904   |           
470    | 2.8229     | 0.2633     | 1.3134       | 1.2462       | 0.9844     | 0.3745       | 0.7400   |           
480    | 2.8252     | 0.2633     | 1.3142       | 1.2477       | 0.9802     | 0.3599       | 0.7451   |           
490    | 2.8296     | 0.2632     | 1.3247       | 1.2418       | 0.9844     | 0.3782       | 0.7193   |           
500    | 2.8485     | 0.2710     | 1.3178       | 1.2597       | 0.9771     | 0.3996       | 0.8216   |           
Seed 42 | Src Acc: 97.2449 | Src MDE: 0.0356 | Tgt Acc: 27.7551 | Tgt MDE: 0.7728
>> Training Multi-Head PCN (Stage 2) on Source Domain for APs: [0, 1, 2, 3]...
>> Source PCN Training Finished. Huber Loss: 0.0213
>> Training Multi-Head PCN (Stage 2) on Target Domain for APs: [1, 3]...
>> Target PCN Training Finished. Huber Loss: 0.0081

Start GeoSPA-Net Training Seed 67...
Epoch  | Total Loss | Tr Cls     | Tr Dom RSSI  | Tr Dom RTT   | Val T Acc  | Val T Entropy | Test MDE
------------------------------------------------------------------------------------------------------------------------
10     | 3.6753     | 1.9207     | 1.1531       | 0.6015       | 0.8938     | 3.2731       | 0.9558   |           
20     | 3.0776     | 1.2098     | 1.0225       | 0.8453       | 0.9552     | 2.5393       | 0.8249   | (ADV -0.31)
30     | 2.8216     | 0.8857     | 1.0108       | 0.9250       | 0.9531     | 1.9611       | 0.7977   | (ADV -0.03)
40     | 2.7609     | 0.7913     | 0.9926       | 0.9769       | 0.9667     | 1.6235       | 0.7883   |           
50     | 2.7157     | 0.6986     | 1.0071       | 1.0100       | 0.9667     | 1.3728       | 0.7917   |           
60     | 2.5254     | 0.5374     | 0.9867       | 1.0013       | 0.9635     | 1.1390       | 0.7700   | (ADV 0.39)
70     | 2.6524     | 0.5620     | 1.0332       | 1.0571       | 0.9646     | 1.0711       | 0.7184   |           
80     | 2.6394     | 0.5407     | 1.0327       | 1.0660       | 0.9740     | 0.8942       | 0.6619   | (ADV 0.53)
90     | 2.6876     | 0.5246     | 1.0759       | 1.0871       | 0.9594     | 0.8971       | 0.6888   |           
100    | 2.7530     | 0.5326     | 1.1279       | 1.0925       | 0.9781     | 0.9126       | 0.6566   |           
110    | 2.7412     | 0.4742     | 1.1348       | 1.1322       | 0.9719     | 0.7650       | 0.6268   | (ADV 0.59)
120    | 2.7634     | 0.4516     | 1.1899       | 1.1218       | 0.9708     | 0.7525       | 0.6573   | (ADV 0.59)
130    | 2.7078     | 0.4185     | 1.1850       | 1.1042       | 0.9667     | 0.7111       | 0.6713   |           
140    | 2.8475     | 0.4881     | 1.1928       | 1.1666       | 0.9719     | 0.7362       | 0.6475   |           
150    | 2.8727     | 0.4696     | 1.2078       | 1.1952       | 0.9646     | 0.6886       | 0.6661   |           
160    | 2.7719     | 0.4137     | 1.2085       | 1.1497       | 0.9750     | 0.6820       | 0.6832   |           
170    | 2.8747     | 0.4644     | 1.2398       | 1.1706       | 0.9667     | 0.6271       | 0.6491   |           
180    | 2.8664     | 0.4519     | 1.2379       | 1.1766       | 0.9667     | 0.5922       | 0.6360   |           
190    | 2.7964     | 0.3923     | 1.2146       | 1.1894       | 0.9646     | 0.5707       | 0.6932   |           
200    | 2.8168     | 0.3926     | 1.2447       | 1.1796       | 0.9646     | 0.5709       | 0.6882   |           
210    | 2.8210     | 0.3857     | 1.2562       | 1.1791       | 0.9667     | 0.6013       | 0.6981   |           
220    | 2.9148     | 0.4455     | 1.2553       | 1.2140       | 0.9615     | 0.6697       | 0.7038   |           
230    | 2.8796     | 0.4294     | 1.2448       | 1.2054       | 0.9583     | 0.4892       | 0.7063   |           
240    | 2.7795     | 0.3548     | 1.2381       | 1.1865       | 0.9771     | 0.4917       | 0.6871   |           
250    | 2.8014     | 0.3676     | 1.2501       | 1.1836       | 0.9604     | 0.4684       | 0.7422   |           
260    | 2.8950     | 0.4193     | 1.2528       | 1.2228       | 0.9688     | 0.5449       | 0.7568   |           
270    | 2.8057     | 0.3570     | 1.2533       | 1.1955       | 0.9667     | 0.4433       | 0.6767   |           
280    | 2.8483     | 0.3835     | 1.2538       | 1.2110       | 0.9667     | 0.5354       | 0.7034   |           
290    | 2.8119     | 0.3528     | 1.2577       | 1.2015       | 0.9667     | 0.5179       | 0.6724   |           
300    | 2.8505     | 0.3879     | 1.2616       | 1.2010       | 0.9677     | 0.5435       | 0.7624   |           
310    | 2.7927     | 0.3367     | 1.2521       | 1.2040       | 0.9677     | 0.4780       | 0.7439   |           
320    | 2.7803     | 0.3042     | 1.2740       | 1.2021       | 0.9708     | 0.4564       | 0.7883   |           
330    | 2.8210     | 0.3487     | 1.2636       | 1.2087       | 0.9719     | 0.5154       | 0.6874   |           
340    | 2.7925     | 0.3271     | 1.2647       | 1.2006       | 0.9719     | 0.4076       | 0.7008   |           
350    | 2.8620     | 0.3493     | 1.2675       | 1.2452       | 0.9677     | 0.4651       | 0.7997   |           
360    | 2.8666     | 0.3426     | 1.2804       | 1.2436       | 0.9760     | 0.4418       | 0.7070   |           
370    | 2.8136     | 0.3225     | 1.2654       | 1.2257       | 0.9719     | 0.3963       | 0.7183   |           
380    | 2.8604     | 0.3547     | 1.2770       | 1.2287       | 0.9677     | 0.4199       | 0.7317   |           
390    | 2.8230     | 0.3263     | 1.2668       | 1.2298       | 0.9688     | 0.4663       | 0.7719   |           
400    | 2.8094     | 0.3040     | 1.2935       | 1.2119       | 0.9719     | 0.4122       | 0.7367   |           
410    | 2.8752     | 0.3614     | 1.2880       | 1.2258       | 0.9646     | 0.4355       | 0.8055   |           
420    | 2.8207     | 0.3080     | 1.2807       | 1.2320       | 0.9531     | 0.4243       | 0.7778   |           
430    | 2.8671     | 0.3638     | 1.2829       | 1.2204       | 0.9750     | 0.4014       | 0.7483   |           
440    | 2.8097     | 0.2966     | 1.2839       | 1.2292       | 0.9729     | 0.3771       | 0.7521   |           
450    | 2.8321     | 0.3195     | 1.2711       | 1.2415       | 0.9677     | 0.4090       | 0.8233   |           
460    | 2.8135     | 0.2871     | 1.2848       | 1.2415       | 0.9708     | 0.3914       | 0.7338   |           
470    | 2.8840     | 0.3406     | 1.2884       | 1.2550       | 0.9635     | 0.3837       | 0.7350   |           
480    | 2.8050     | 0.2795     | 1.2868       | 1.2388       | 0.9698     | 0.3357       | 0.7512   |           
490    | 2.8029     | 0.2733     | 1.3019       | 1.2277       | 0.9719     | 0.3438       | 0.7605   |           
500    | 2.8925     | 0.3112     | 1.3197       | 1.2616       | 0.9646     | 0.3825       | 0.7396   |           
Seed 67 | Src Acc: 98.3673 | Src MDE: 0.0217 | Tgt Acc: 31.0204 | Tgt MDE: 0.7725
>> Training Multi-Head PCN (Stage 2) on Source Domain for APs: [0, 1, 2, 3]...
>> Source PCN Training Finished. Huber Loss: 0.0162
>> Training Multi-Head PCN (Stage 2) on Target Domain for APs: [1, 3]...
>> Target PCN Training Finished. Huber Loss: 0.0072

Start GeoSPA-Net Training Seed 1024...
Epoch  | Total Loss | Tr Cls     | Tr Dom RSSI  | Tr Dom RTT   | Val T Acc  | Val T Entropy | Test MDE
------------------------------------------------------------------------------------------------------------------------
10     | 3.3595     | 1.9688     | 1.1242       | 0.2665       | 0.7458     | 3.3451       | 1.3547   |           
20     | 2.5579     | 1.1421     | 0.9771       | 0.4387       | 0.8385     | 2.6448       | 1.1633   | (ADV -0.48)
30     | 2.5799     | 0.9100     | 0.9985       | 0.6715       | 0.8802     | 2.1939       | 0.9205   | (ADV -0.22)
40     | 2.5288     | 0.7365     | 1.0028       | 0.7895       | 0.8823     | 1.7588       | 0.9571   | (ADV 0.00)
50     | 2.6112     | 0.6587     | 1.0033       | 0.9492       | 0.8990     | 1.4849       | 0.9649   | (ADV 0.16)
60     | 2.6343     | 0.6137     | 1.0161       | 1.0044       | 0.9177     | 1.3460       | 1.0220   | (ADV 0.24)
70     | 2.5523     | 0.5365     | 0.9978       | 1.0180       | 0.8906     | 1.2388       | 0.8704   |           
80     | 2.6563     | 0.5704     | 1.0535       | 1.0324       | 0.9281     | 1.1864       | 0.8565   |           
90     | 2.6577     | 0.5193     | 1.0813       | 1.0571       | 0.9198     | 1.0619       | 0.8139   | (ADV 0.39)
100    | 2.6720     | 0.4879     | 1.1066       | 1.0775       | 0.9323     | 1.0002       | 0.7796   | (ADV 0.43)
110    | 2.6617     | 0.4927     | 1.1090       | 1.0600       | 0.9375     | 1.0357       | 0.8289   |           
120    | 2.7073     | 0.4836     | 1.1278       | 1.0959       | 0.9375     | 1.0031       | 0.8818   |           
130    | 2.8245     | 0.4883     | 1.1834       | 1.1528       | 0.9333     | 0.9146       | 0.7101   |           
140    | 2.8314     | 0.4930     | 1.1822       | 1.1562       | 0.9500     | 0.8078       | 0.7526   | (ADV 0.55)
150    | 2.8378     | 0.4972     | 1.1948       | 1.1458       | 0.9052     | 0.8478       | 0.7851   |           
160    | 2.8022     | 0.4599     | 1.1801       | 1.1622       | 0.9125     | 0.8054       | 0.8946   |           
170    | 2.8541     | 0.4689     | 1.2278       | 1.1574       | 0.9406     | 0.7621       | 0.9195   |           
180    | 2.8368     | 0.4465     | 1.2049       | 1.1854       | 0.9375     | 0.7762       | 0.8465   |           
190    | 2.9169     | 0.4879     | 1.2288       | 1.2002       | 0.9385     | 0.6862       | 0.8757   |           
200    | 2.8359     | 0.4336     | 1.2150       | 1.1873       | 0.9125     | 0.7067       | 0.9335   |           
210    | 2.9017     | 0.4641     | 1.2317       | 1.2059       | 0.9427     | 0.7235       | 0.8670   |           
220    | 2.8130     | 0.3812     | 1.2136       | 1.2183       | 0.9604     | 0.6023       | 0.8015   | (ADV 0.66)
230    | 2.7938     | 0.3979     | 1.1977       | 1.1983       | 0.9354     | 0.6185       | 0.8101   |           
240    | 2.8762     | 0.4282     | 1.2376       | 1.2104       | 0.9187     | 0.6333       | 0.9691   |           
250    | 2.8627     | 0.4167     | 1.2289       | 1.2171       | 0.9417     | 0.6096       | 0.8545   |           
260    | 2.8293     | 0.3954     | 1.2387       | 1.1951       | 0.9302     | 0.5673       | 0.9759   |           
270    | 2.8276     | 0.3635     | 1.2345       | 1.2297       | 0.9292     | 0.5378       | 0.9062   |           
280    | 2.8121     | 0.3688     | 1.2210       | 1.2223       | 0.9417     | 0.5829       | 0.9598   |           
290    | 2.8114     | 0.3495     | 1.2424       | 1.2195       | 0.9000     | 0.5497       | 0.9221   |           
300    | 2.8069     | 0.3625     | 1.2270       | 1.2174       | 0.9177     | 0.4859       | 0.9480   |           
310    | 2.7957     | 0.3338     | 1.2410       | 1.2210       | 0.9323     | 0.5773       | 0.8334   |           
320    | 2.9171     | 0.4312     | 1.2615       | 1.2244       | 0.9458     | 0.5560       | 0.8568   |           
330    | 2.8103     | 0.3455     | 1.2343       | 1.2305       | 0.9302     | 0.4865       | 0.8396   |           
340    | 2.8323     | 0.3419     | 1.2598       | 1.2305       | 0.9365     | 0.5671       | 0.8914   |           
350    | 2.7665     | 0.3251     | 1.2288       | 1.2125       | 0.9531     | 0.4856       | 0.9183   | (ADV 0.71)
360    | 2.8483     | 0.3382     | 1.2738       | 1.2362       | 0.9302     | 0.4699       | 0.9431   |           
370    | 2.8870     | 0.3747     | 1.2715       | 1.2408       | 0.9406     | 0.5237       | 0.9355   |           
380    | 2.8434     | 0.3236     | 1.2937       | 1.2261       | 0.9375     | 0.4902       | 0.9693   |           
390    | 2.7940     | 0.3068     | 1.2831       | 1.2042       | 0.9250     | 0.4912       | 0.9153   |           
400    | 2.8091     | 0.2917     | 1.2923       | 1.2251       | 0.9344     | 0.4813       | 0.9022   |           
410    | 2.8506     | 0.3242     | 1.2956       | 1.2308       | 0.9062     | 0.4552       | 0.9033   |           
420    | 2.8323     | 0.3334     | 1.2957       | 1.2031       | 0.8990     | 0.4576       | 0.9014   |           
430    | 2.8832     | 0.3609     | 1.2922       | 1.2302       | 0.9281     | 0.5090       | 0.9699   |           
440    | 2.9165     | 0.3539     | 1.3047       | 1.2579       | 0.9490     | 0.5338       | 0.9128   |           
450    | 2.8673     | 0.3423     | 1.2998       | 1.2251       | 0.8938     | 0.5342       | 0.9711   |           
460    | 2.8800     | 0.3108     | 1.3219       | 1.2472       | 0.9083     | 0.5280       | 0.9045   |           
470    | 2.8360     | 0.3092     | 1.3087       | 1.2180       | 0.9479     | 0.4837       | 1.0326   |           
480    | 2.8842     | 0.3131     | 1.3181       | 1.2529       | 0.9365     | 0.4599       | 1.0075   |           
490    | 2.8603     | 0.2923     | 1.3198       | 1.2482       | 0.9135     | 0.5231       | 0.9691   |           
500    | 2.8819     | 0.3013     | 1.3134       | 1.2671       | 0.8698     | 0.5220       | 0.9760   |           
Seed 1024 | Src Acc: 95.8163 | Src MDE: 0.0521 | Tgt Acc: 29.2857 | Tgt MDE: 0.9521
Finished Combo GeoSPA_2_4. Results saved.
