==========================================
Current Architecture: GeoSPA-Net (Fixed)
mcAPs (Real Anchors): [1, 3] (Indices: [0, 2])
Legacy APs (Virtual): [2, 4] (Indices: [1, 3])
==========================================
>> Training Multi-Head PCN (Stage 2) on Source Domain for APs: [0, 1, 2, 3]...
>> Source PCN Training Finished. Huber Loss: 0.0179
>> Training Multi-Head PCN (Stage 2) on Target Domain for APs: [0, 2]...
>> Target PCN Training Finished. Huber Loss: 0.0082

Start GeoSPA-Net Training Seed 42...
Epoch  | Total Loss | Tr Cls     | Tr Dom RSSI  | Tr Dom RTT   | Val T Acc  | Val T Entropy | Test MDE
------------------------------------------------------------------------------------------------------------------------
10     | 3.7516     | 1.9677     | 1.1456       | 0.6383       | 0.8740     | 3.2735       | 1.2853   |           
20     | 2.8833     | 1.1567     | 0.9932       | 0.7334       | 0.9375     | 2.5847       | 1.1023   |           
30     | 2.7042     | 0.8545     | 0.9926       | 0.8571       | 0.9615     | 2.0588       | 1.1003   | (ADV -0.07)
40     | 2.5477     | 0.7141     | 0.9823       | 0.8513       | 0.9677     | 1.7387       | 1.0239   | (ADV 0.10)
50     | 2.6214     | 0.6854     | 0.9987       | 0.9373       | 0.9698     | 1.4644       | 1.0493   | (ADV 0.24)
60     | 2.5533     | 0.6225     | 1.0187       | 0.9121       | 0.9698     | 1.4285       | 0.9430   | (ADV 0.26)
70     | 2.6428     | 0.5931     | 1.0364       | 1.0133       | 0.9635     | 1.3024       | 1.1073   |           
80     | 2.6650     | 0.5857     | 1.0731       | 1.0062       | 0.9667     | 1.2727       | 1.0732   |           
90     | 2.6360     | 0.5340     | 1.0706       | 1.0314       | 0.9646     | 1.2222       | 0.9474   | (ADV 0.35)
100    | 2.7881     | 0.5986     | 1.1133       | 1.0762       | 0.9698     | 1.1692       | 0.9272   |           
110    | 2.7292     | 0.5319     | 1.1358       | 1.0615       | 0.9677     | 1.0352       | 0.8271   |           
120    | 2.8375     | 0.5480     | 1.1654       | 1.1241       | 0.9510     | 0.9579       | 1.0089   |           
130    | 2.7913     | 0.5213     | 1.1440       | 1.1259       | 0.9292     | 0.9505       | 0.8890   |           
140    | 2.7984     | 0.5031     | 1.1598       | 1.1354       | 0.9729     | 0.9655       | 0.8758   |           
150    | 2.9203     | 0.5525     | 1.1840       | 1.1837       | 0.9677     | 0.8498       | 0.9597   | (ADV 0.54)
160    | 2.8479     | 0.4935     | 1.1813       | 1.1730       | 0.9656     | 0.8533       | 0.9231   |           
170    | 2.9251     | 0.5182     | 1.2058       | 1.2012       | 0.9646     | 0.8401       | 0.8779   |           
180    | 2.8749     | 0.4803     | 1.2035       | 1.1912       | 0.9698     | 0.8328       | 0.8506   |           
190    | 2.8592     | 0.4859     | 1.1944       | 1.1788       | 0.9531     | 0.8528       | 0.8581   |           
200    | 2.8517     | 0.4445     | 1.2182       | 1.1890       | 0.9583     | 0.8073       | 0.9148   |           
210    | 2.8638     | 0.4711     | 1.2095       | 1.1831       | 0.9656     | 0.8293       | 0.8616   |           
220    | 2.8946     | 0.4498     | 1.2203       | 1.2244       | 0.9615     | 0.7146       | 0.7253   |           
230    | 2.9246     | 0.4814     | 1.2304       | 1.2128       | 0.9563     | 0.7237       | 0.8880   |           
240    | 2.9562     | 0.4964     | 1.2401       | 1.2198       | 0.9563     | 0.7471       | 0.8758   |           
250    | 2.9472     | 0.4742     | 1.2264       | 1.2467       | 0.9635     | 0.7339       | 0.9286   |           
260    | 2.9592     | 0.4972     | 1.2377       | 1.2243       | 0.9656     | 0.7872       | 0.9089   |           
270    | 2.9396     | 0.4680     | 1.2419       | 1.2297       | 0.9615     | 0.7799       | 1.0212   |           
280    | 2.9334     | 0.4641     | 1.2369       | 1.2323       | 0.9688     | 0.7202       | 0.8482   |           
290    | 2.8738     | 0.4348     | 1.2231       | 1.2160       | 0.9500     | 0.6806       | 0.9244   |           
300    | 2.8952     | 0.4150     | 1.2289       | 1.2513       | 0.9656     | 0.6820       | 0.9260   |           
310    | 2.9458     | 0.4500     | 1.2483       | 1.2475       | 0.9677     | 0.6180       | 0.8473   |           
320    | 2.8418     | 0.3901     | 1.2404       | 1.2113       | 0.9740     | 0.6935       | 0.7994   |           
330    | 2.8478     | 0.3860     | 1.2216       | 1.2402       | 0.9698     | 0.6328       | 0.8513   |           
340    | 2.8336     | 0.3625     | 1.2299       | 1.2412       | 0.9729     | 0.6579       | 0.8466   |           
350    | 2.8017     | 0.3628     | 1.2225       | 1.2164       | 0.9625     | 0.5656       | 0.8099   | (ADV 0.68)
360    | 2.8875     | 0.3916     | 1.2462       | 1.2497       | 0.9656     | 0.6486       | 0.8996   |           
370    | 2.8598     | 0.3636     | 1.2557       | 1.2405       | 0.9677     | 0.5628       | 0.8580   |           
380    | 2.9022     | 0.3921     | 1.2725       | 1.2376       | 0.9594     | 0.5999       | 0.7896   |           
390    | 2.8514     | 0.3685     | 1.2559       | 1.2270       | 0.9656     | 0.5380       | 0.7018   |           
400    | 2.8779     | 0.3684     | 1.2825       | 1.2270       | 0.9656     | 0.5507       | 0.6534   |           
410    | 2.8510     | 0.3604     | 1.2625       | 1.2282       | 0.9719     | 0.5626       | 0.8218   |           
420    | 2.8283     | 0.3391     | 1.2557       | 1.2335       | 0.9531     | 0.5725       | 0.7543   |           
430    | 2.8853     | 0.3839     | 1.2639       | 1.2374       | 0.9542     | 0.5606       | 0.8072   |           
440    | 2.8759     | 0.3383     | 1.2808       | 1.2568       | 0.9719     | 0.5675       | 0.7659   |           
450    | 2.8668     | 0.3378     | 1.2646       | 1.2644       | 0.9531     | 0.5334       | 0.7961   |           
460    | 2.9145     | 0.3763     | 1.2871       | 1.2511       | 0.9688     | 0.5456       | 0.7687   |           
470    | 2.8377     | 0.3002     | 1.2923       | 1.2453       | 0.9740     | 0.4943       | 0.7233   |           
480    | 2.8876     | 0.3460     | 1.2920       | 1.2496       | 0.9698     | 0.5021       | 0.7517   |           
490    | 2.9313     | 0.3905     | 1.2911       | 1.2497       | 0.9656     | 0.4968       | 0.7417   |           
500    | 2.8611     | 0.3113     | 1.2990       | 1.2508       | 0.9583     | 0.4993       | 0.7140   |           
Seed 42 | Src Acc: 96.8367 | Src MDE: 0.0550 | Tgt Acc: 39.3878 | Tgt MDE: 0.7449
>> Training Multi-Head PCN (Stage 2) on Source Domain for APs: [0, 1, 2, 3]...
>> Source PCN Training Finished. Huber Loss: 0.0213
>> Training Multi-Head PCN (Stage 2) on Target Domain for APs: [0, 2]...
>> Target PCN Training Finished. Huber Loss: 0.0089

Start GeoSPA-Net Training Seed 67...
Epoch  | Total Loss | Tr Cls     | Tr Dom RSSI  | Tr Dom RTT   | Val T Acc  | Val T Entropy | Test MDE
------------------------------------------------------------------------------------------------------------------------
10     | 3.7841     | 1.8976     | 1.1611       | 0.7254       | 0.9187     | 3.1777       | 1.0533   |           
20     | 3.0078     | 1.1506     | 1.0340       | 0.8232       | 0.9552     | 2.4228       | 1.0323   | (ADV -0.26)
30     | 2.7694     | 0.8760     | 1.0240       | 0.8694       | 0.9646     | 1.9910       | 0.9608   | (ADV -0.03)
40     | 2.6110     | 0.7307     | 0.9930       | 0.8873       | 0.9708     | 1.6819       | 0.9567   |           
50     | 2.6049     | 0.6788     | 1.0059       | 0.9202       | 0.9542     | 1.4217       | 0.8610   |           
60     | 2.4730     | 0.5594     | 0.9828       | 0.9308       | 0.9740     | 1.1988       | 0.9140   | (ADV 0.37)
70     | 2.6106     | 0.5800     | 1.0383       | 0.9923       | 0.9729     | 1.1574       | 0.9274   |           
80     | 2.6129     | 0.5445     | 1.0655       | 1.0030       | 0.9656     | 1.0708       | 0.8424   |           
90     | 2.6259     | 0.5344     | 1.0542       | 1.0373       | 0.9594     | 0.9797       | 0.8497   |           
100    | 2.7660     | 0.5527     | 1.1082       | 1.1051       | 0.9573     | 1.0690       | 0.8411   |           
110    | 2.6775     | 0.5028     | 1.1144       | 1.0603       | 0.9594     | 0.9802       | 0.7591   |           
120    | 2.8058     | 0.5333     | 1.1664       | 1.1061       | 0.9688     | 0.9260       | 0.8277   |           
130    | 2.7644     | 0.4719     | 1.1668       | 1.1257       | 0.9719     | 0.7738       | 0.7927   | (ADV 0.58)
140    | 2.8538     | 0.5519     | 1.1627       | 1.1391       | 0.9698     | 0.8461       | 0.8291   |           
150    | 2.8708     | 0.5204     | 1.2181       | 1.1323       | 0.9604     | 0.7461       | 0.7820   |           
160    | 2.8326     | 0.4825     | 1.2185       | 1.1316       | 0.9677     | 0.8490       | 0.7891   |           
170    | 2.8601     | 0.4910     | 1.2158       | 1.1533       | 0.9594     | 0.7746       | 0.7407   |           
180    | 2.8307     | 0.4569     | 1.1935       | 1.1802       | 0.9740     | 0.7591       | 0.8391   |           
190    | 2.8896     | 0.4898     | 1.2121       | 1.1877       | 0.9625     | 0.7419       | 0.8261   |           
200    | 2.7832     | 0.4277     | 1.2072       | 1.1483       | 0.9708     | 0.7495       | 0.8024   |           
210    | 2.7908     | 0.4314     | 1.2022       | 1.1572       | 0.9635     | 0.6245       | 0.8206   | (ADV 0.65)
220    | 2.8294     | 0.4282     | 1.2456       | 1.1556       | 0.9656     | 0.6253       | 0.8529   |           
230    | 2.8967     | 0.4737     | 1.2396       | 1.1834       | 0.9698     | 0.5819       | 0.7499   |           
240    | 2.8106     | 0.4268     | 1.2180       | 1.1657       | 0.9740     | 0.6441       | 0.6745   |           
250    | 2.7950     | 0.3752     | 1.2464       | 1.1734       | 0.9740     | 0.5561       | 0.7487   | (ADV 0.70)
260    | 2.8408     | 0.4186     | 1.2554       | 1.1669       | 0.9677     | 0.5748       | 0.7457   |           
270    | 2.7814     | 0.3958     | 1.2305       | 1.1551       | 0.9667     | 0.5612       | 0.8215   |           
280    | 2.9013     | 0.4463     | 1.2580       | 1.1970       | 0.9698     | 0.6415       | 0.8469   |           
290    | 2.9013     | 0.4767     | 1.2315       | 1.1931       | 0.9698     | 0.5982       | 0.9120   |           
300    | 2.8834     | 0.4272     | 1.2539       | 1.2023       | 0.9635     | 0.5896       | 0.7401   |           
310    | 2.8044     | 0.3677     | 1.2423       | 1.1944       | 0.9677     | 0.6408       | 0.7561   |           
320    | 2.7425     | 0.3470     | 1.2289       | 1.1666       | 0.9677     | 0.5814       | 0.7567   |           
330    | 2.7896     | 0.3691     | 1.2374       | 1.1831       | 0.9604     | 0.5903       | 0.6489   |           
340    | 2.7976     | 0.3712     | 1.2415       | 1.1849       | 0.9708     | 0.5633       | 0.7571   |           
350    | 2.7930     | 0.3667     | 1.2424       | 1.1839       | 0.9729     | 0.5621       | 0.8584   |           
360    | 2.8156     | 0.3746     | 1.2603       | 1.1807       | 0.9635     | 0.4468       | 0.7913   |           
370    | 2.8378     | 0.3777     | 1.2544       | 1.2057       | 0.9635     | 0.4802       | 0.8182   |           
380    | 2.9012     | 0.4009     | 1.2851       | 1.2153       | 0.9708     | 0.4109       | 0.8149   |           
390    | 2.8543     | 0.3681     | 1.2749       | 1.2113       | 0.9552     | 0.4952       | 0.7962   |           
400    | 2.8855     | 0.3776     | 1.2804       | 1.2274       | 0.9656     | 0.4948       | 0.7443   |           
410    | 2.8413     | 0.3350     | 1.2884       | 1.2180       | 0.9708     | 0.5072       | 0.7665   |           
420    | 2.8681     | 0.3478     | 1.3086       | 1.2117       | 0.9583     | 0.4975       | 0.7254   |           
430    | 2.9576     | 0.4300     | 1.2820       | 1.2456       | 0.9740     | 0.5168       | 0.8381   |           
440    | 2.8258     | 0.3188     | 1.2940       | 1.2130       | 0.9708     | 0.4140       | 0.8204   |           
450    | 2.8713     | 0.3612     | 1.2860       | 1.2241       | 0.9604     | 0.4712       | 0.7138   |           
460    | 2.8498     | 0.3569     | 1.2883       | 1.2045       | 0.9740     | 0.4256       | 0.8014   |           
470    | 2.8314     | 0.3400     | 1.2886       | 1.2029       | 0.9719     | 0.4701       | 0.7674   |           
480    | 2.8628     | 0.3544     | 1.2971       | 1.2112       | 0.9677     | 0.4925       | 0.7403   |           
490    | 2.8602     | 0.3342     | 1.3003       | 1.2257       | 0.9615     | 0.4712       | 0.7893   |           
500    | 2.8710     | 0.3210     | 1.3136       | 1.2363       | 0.9698     | 0.4454       | 0.7918   |           
Seed 67 | Src Acc: 97.1429 | Src MDE: 0.0450 | Tgt Acc: 37.5510 | Tgt MDE: 0.7431
>> Training Multi-Head PCN (Stage 2) on Source Domain for APs: [0, 1, 2, 3]...
>> Source PCN Training Finished. Huber Loss: 0.0162
>> Training Multi-Head PCN (Stage 2) on Target Domain for APs: [0, 2]...
>> Target PCN Training Finished. Huber Loss: 0.0064

Start GeoSPA-Net Training Seed 1024...
Epoch  | Total Loss | Tr Cls     | Tr Dom RSSI  | Tr Dom RTT   | Val T Acc  | Val T Entropy | Test MDE
------------------------------------------------------------------------------------------------------------------------
10     | 4.0068     | 1.9744     | 1.1425       | 0.8899       | 0.8615     | 3.2402       | 1.1612   |           
20     | 2.7942     | 1.1092     | 0.9806       | 0.7043       | 0.9365     | 2.5313       | 1.0966   | (ADV -0.33)
30     | 2.7406     | 0.8840     | 0.9988       | 0.8578       | 0.9490     | 2.0820       | 1.0836   |           
40     | 2.5413     | 0.7035     | 1.0029       | 0.8349       | 0.9510     | 1.7229       | 1.0620   |           
50     | 2.5481     | 0.6454     | 1.0086       | 0.8941       | 0.9604     | 1.4390       | 0.9531   | (ADV 0.24)
60     | 2.6065     | 0.6166     | 1.0035       | 0.9864       | 0.9563     | 1.3653       | 0.9675   | (ADV 0.27)
70     | 2.5231     | 0.5599     | 0.9979       | 0.9653       | 0.9615     | 1.2570       | 0.8377   |           
80     | 2.5770     | 0.5463     | 1.0124       | 1.0182       | 0.9552     | 1.1735       | 0.8452   | (ADV 0.37)
90     | 2.6248     | 0.5502     | 1.0430       | 1.0316       | 0.9542     | 1.0581       | 0.8586   | (ADV 0.43)
100    | 2.7113     | 0.5276     | 1.0720       | 1.1118       | 0.9531     | 1.0152       | 0.8536   | (ADV 0.45)
110    | 2.7218     | 0.4900     | 1.0904       | 1.1414       | 0.9458     | 1.0410       | 0.7791   |           
120    | 2.8135     | 0.5396     | 1.1427       | 1.1312       | 0.9531     | 0.9214       | 0.7012   |           
130    | 2.8497     | 0.5362     | 1.1358       | 1.1776       | 0.9427     | 0.9224       | 0.7973   |           
140    | 2.7366     | 0.4572     | 1.1278       | 1.1516       | 0.9490     | 0.7875       | 0.7319   | (ADV 0.56)
150    | 2.8320     | 0.5070     | 1.1526       | 1.1724       | 0.9521     | 0.7389       | 0.7319   | (ADV 0.58)
160    | 2.7569     | 0.4662     | 1.1636       | 1.1271       | 0.9510     | 0.7937       | 0.8217   |           
170    | 2.8688     | 0.5065     | 1.1954       | 1.1670       | 0.9594     | 0.8128       | 0.8148   |           
180    | 2.8565     | 0.4699     | 1.1930       | 1.1936       | 0.9417     | 0.7773       | 0.7185   |           
190    | 2.9910     | 0.5673     | 1.2207       | 1.2030       | 0.9385     | 0.8090       | 0.7107   |           
200    | 2.8451     | 0.4838     | 1.2024       | 1.1589       | 0.9625     | 0.7018       | 0.7968   |           
210    | 2.8628     | 0.4610     | 1.1954       | 1.2064       | 0.9490     | 0.6955       | 0.7872   |           
220    | 2.8679     | 0.4596     | 1.2172       | 1.1911       | 0.9594     | 0.6951       | 0.6960   |           
230    | 2.8242     | 0.4038     | 1.2124       | 1.2080       | 0.9521     | 0.7088       | 0.7328   |           
240    | 2.8301     | 0.4028     | 1.2313       | 1.1960       | 0.9615     | 0.6607       | 0.7374   |           
250    | 2.9027     | 0.4363     | 1.2492       | 1.2171       | 0.9573     | 0.6272       | 0.7050   |           
260    | 2.8805     | 0.4132     | 1.2502       | 1.2171       | 0.9552     | 0.6332       | 0.8998   |           
270    | 2.8155     | 0.3869     | 1.2182       | 1.2105       | 0.9604     | 0.5793       | 0.7820   | (ADV 0.67)
280    | 2.8501     | 0.4018     | 1.2441       | 1.2042       | 0.9677     | 0.6454       | 0.8395   |           
290    | 2.7992     | 0.3688     | 1.2397       | 1.1907       | 0.9583     | 0.5703       | 0.8307   | (ADV 0.67)
300    | 2.8176     | 0.3907     | 1.2211       | 1.2058       | 0.9604     | 0.5193       | 0.7788   | (ADV 0.70)
310    | 2.8528     | 0.3792     | 1.2506       | 1.2230       | 0.9656     | 0.5702       | 0.8358   |           
320    | 2.9007     | 0.4106     | 1.2526       | 1.2374       | 0.9656     | 0.5899       | 0.8801   |           
330    | 2.8784     | 0.3765     | 1.2741       | 1.2278       | 0.9490     | 0.5313       | 0.8087   |           
340    | 2.8490     | 0.3534     | 1.2645       | 1.2311       | 0.9635     | 0.5018       | 0.7292   |           
350    | 2.8455     | 0.3756     | 1.2412       | 1.2287       | 0.9542     | 0.4791       | 0.7692   |           
360    | 2.8435     | 0.3445     | 1.2680       | 1.2310       | 0.9646     | 0.4826       | 0.8078   |           
370    | 2.8827     | 0.3987     | 1.2455       | 1.2385       | 0.9719     | 0.5107       | 0.7774   |           
380    | 2.8694     | 0.3814     | 1.2568       | 1.2312       | 0.9656     | 0.5032       | 0.7258   |           
390    | 2.8362     | 0.3679     | 1.2406       | 1.2277       | 0.9615     | 0.4662       | 0.8077   |           
400    | 2.8956     | 0.3634     | 1.2934       | 1.2387       | 0.9500     | 0.5304       | 0.7306   |           
410    | 2.8596     | 0.3525     | 1.2686       | 1.2384       | 0.9625     | 0.4930       | 0.7109   |           
420    | 2.8486     | 0.3480     | 1.2795       | 1.2210       | 0.9615     | 0.4839       | 0.7931   |           
430    | 2.7954     | 0.3197     | 1.2458       | 1.2299       | 0.9604     | 0.4738       | 0.7186   |           
440    | 2.9453     | 0.4107     | 1.2781       | 1.2564       | 0.9635     | 0.4998       | 0.7131   |           
450    | 2.9349     | 0.3997     | 1.2872       | 1.2479       | 0.9333     | 0.4861       | 0.8171   |           
460    | 2.8500     | 0.3272     | 1.2832       | 1.2396       | 0.9646     | 0.4660       | 0.7533   |           
470    | 2.9007     | 0.3721     | 1.2827       | 1.2458       | 0.9635     | 0.5190       | 0.7894   |           
480    | 2.9182     | 0.3719     | 1.2866       | 1.2597       | 0.9646     | 0.4258       | 0.8399   |           
490    | 2.8197     | 0.2752     | 1.2806       | 1.2639       | 0.9625     | 0.4277       | 0.8420   |           
500    | 2.8596     | 0.3185     | 1.2924       | 1.2488       | 0.9698     | 0.4859       | 0.7488   |           
Seed 1024 | Src Acc: 96.4286 | Src MDE: 0.0485 | Tgt Acc: 35.2041 | Tgt MDE: 0.8493
Finished Combo GeoSPA_1_3. Results saved.
