==========================================
Current Architecture: GeoSPA-Net (Fixed)
mcAPs (Real Anchors): [1, 2, 3, 4] (Indices: [0, 1, 2, 3])
Legacy APs (Virtual): [] (Indices: [])
==========================================
>> Training Multi-Head PCN (Stage 2) on Source Domain for APs: [0, 1, 2, 3]...
>> Source PCN Training Finished. Huber Loss: 0.0199
>> Training Multi-Head PCN (Stage 2) on Target Domain for APs: [0, 1, 2, 3]...
>> Target PCN Training Finished. Huber Loss: 0.0174

Start GeoSPA-Net Training Seed 42...
Epoch  | Total Loss | Tr Cls     | Tr Dom RSSI  | Tr Dom RTT   | Val T Acc  | Val T Entropy | Test MDE
------------------------------------------------------------------------------------------------------------------------
10     | 4.1305     | 1.8532     | 1.1546       | 1.1228       | 0.9187     | 3.2469       | 0.7808   |           
20     | 2.9961     | 1.0357     | 1.0243       | 0.9361       | 0.9740     | 2.4808       | 0.5986   | (ADV -0.27)
30     | 2.6631     | 0.7283     | 1.0016       | 0.9332       | 0.9885     | 1.8790       | 0.6627   | (ADV 0.05)
40     | 2.5056     | 0.5885     | 0.9893       | 0.9278       | 0.9917     | 1.5950       | 0.6029   |           
50     | 2.5198     | 0.5552     | 1.0002       | 0.9643       | 0.9938     | 1.3086       | 0.6294   | (ADV 0.34)
60     | 2.5069     | 0.5301     | 1.0156       | 0.9612       | 0.9885     | 1.2289       | 0.6403   |           
70     | 2.5315     | 0.4665     | 1.0687       | 0.9963       | 0.9906     | 1.0370       | 0.5643   | (ADV 0.47)
80     | 2.5624     | 0.4566     | 1.0988       | 1.0070       | 0.9906     | 0.9810       | 0.5706   | (ADV 0.50)
90     | 2.5777     | 0.4158     | 1.1054       | 1.0566       | 0.9896     | 0.9608       | 0.5581   |           
100    | 2.6587     | 0.4623     | 1.1392       | 1.0572       | 0.9917     | 0.8565       | 0.5027   |           
110    | 2.6668     | 0.4217     | 1.1460       | 1.0991       | 0.9854     | 0.8132       | 0.5804   |           
120    | 2.6602     | 0.3880     | 1.1700       | 1.1022       | 0.9896     | 0.7769       | 0.6066   |           
130    | 2.6557     | 0.3711     | 1.1488       | 1.1359       | 0.9865     | 0.6984       | 0.5837   |           
140    | 2.7039     | 0.3561     | 1.1841       | 1.1637       | 0.9760     | 0.6384       | 0.6398   | (ADV 0.66)
150    | 2.7798     | 0.4261     | 1.1980       | 1.1557       | 0.9865     | 0.5350       | 0.5404   | (ADV 0.72)
160    | 2.7693     | 0.3749     | 1.2006       | 1.1937       | 0.9844     | 0.5801       | 0.5693   |           
170    | 2.7638     | 0.3597     | 1.2240       | 1.1801       | 0.9865     | 0.5717       | 0.5732   |           
180    | 2.7988     | 0.3597     | 1.2299       | 1.2092       | 0.9760     | 0.5607       | 0.6326   |           
190    | 2.7998     | 0.3566     | 1.2186       | 1.2246       | 0.9802     | 0.4947       | 0.5811   | (ADV 0.73)
200    | 2.8148     | 0.3525     | 1.2431       | 1.2191       | 0.9854     | 0.5636       | 0.5615   |           
210    | 2.8489     | 0.3719     | 1.2598       | 1.2172       | 0.9823     | 0.4374       | 0.5607   |           
220    | 2.7895     | 0.3341     | 1.2227       | 1.2327       | 0.9896     | 0.5179       | 0.5733   |           
230    | 2.7837     | 0.3280     | 1.2423       | 1.2134       | 0.9896     | 0.4908       | 0.5240   |           
240    | 2.7960     | 0.3263     | 1.2584       | 1.2113       | 0.9885     | 0.4514       | 0.5898   |           
250    | 2.7677     | 0.3135     | 1.2293       | 1.2249       | 0.9896     | 0.4697       | 0.5787   |           
260    | 2.7593     | 0.2847     | 1.2489       | 1.2258       | 0.9906     | 0.4010       | 0.5775   |           
270    | 2.7618     | 0.2968     | 1.2510       | 1.2140       | 0.9844     | 0.4652       | 0.5926   |           
280    | 2.7733     | 0.2902     | 1.2816       | 1.2015       | 0.9833     | 0.4052       | 0.5921   |           
290    | 2.7702     | 0.2912     | 1.2400       | 1.2390       | 0.9865     | 0.4312       | 0.5711   |           
300    | 2.8033     | 0.2938     | 1.2614       | 1.2481       | 0.9885     | 0.4247       | 0.5940   |           
310    | 2.8502     | 0.3470     | 1.2853       | 1.2179       | 0.9906     | 0.4018       | 0.5922   |           
320    | 2.7056     | 0.2359     | 1.2543       | 1.2154       | 0.9885     | 0.3500       | 0.6375   |           
330    | 2.7564     | 0.2734     | 1.2620       | 1.2211       | 0.9875     | 0.3960       | 0.4946   |           
340    | 2.7743     | 0.2722     | 1.2633       | 1.2389       | 0.9896     | 0.3408       | 0.5523   |           
350    | 2.7897     | 0.2831     | 1.2735       | 1.2330       | 0.9906     | 0.3336       | 0.5654   |           
360    | 2.8298     | 0.2669     | 1.3238       | 1.2391       | 0.9896     | 0.3572       | 0.5992   |           
370    | 2.8031     | 0.2503     | 1.2950       | 1.2579       | 0.9906     | 0.3071       | 0.5395   |           
380    | 2.7887     | 0.2602     | 1.2931       | 1.2353       | 0.9812     | 0.3148       | 0.5149   |           
390    | 2.8480     | 0.2737     | 1.3006       | 1.2736       | 0.9833     | 0.2706       | 0.5506   |           
400    | 2.7913     | 0.2096     | 1.3191       | 1.2625       | 0.9875     | 0.3076       | 0.5746   |           
410    | 2.8195     | 0.2591     | 1.3036       | 1.2568       | 0.9844     | 0.3027       | 0.5798   |           
420    | 2.8343     | 0.2457     | 1.3038       | 1.2849       | 0.9875     | 0.3099       | 0.6006   |           
430    | 2.8360     | 0.2527     | 1.3097       | 1.2736       | 0.9844     | 0.3075       | 0.5195   |           
440    | 2.8507     | 0.2508     | 1.3252       | 1.2747       | 0.9812     | 0.2747       | 0.5054   |           
450    | 2.8388     | 0.2279     | 1.3161       | 1.2948       | 0.9823     | 0.2617       | 0.5732   |           
460    | 2.8605     | 0.2405     | 1.3247       | 1.2954       | 0.9823     | 0.2915       | 0.6076   |           
470    | 2.7814     | 0.1983     | 1.3125       | 1.2706       | 0.9885     | 0.2960       | 0.6080   |           
480    | 2.8736     | 0.2619     | 1.3298       | 1.2819       | 0.9875     | 0.2547       | 0.5471   |           
490    | 2.8608     | 0.2462     | 1.3249       | 1.2897       | 0.9885     | 0.2785       | 0.6194   |           
500    | 2.8256     | 0.2110     | 1.3277       | 1.2869       | 0.9875     | 0.3098       | 0.6233   |           
Seed 42 | Src Acc: 99.1837 | Src MDE: 0.0128 | Tgt Acc: 46.6327 | Tgt MDE: 0.5418
>> Training Multi-Head PCN (Stage 2) on Source Domain for APs: [0, 1, 2, 3]...
>> Source PCN Training Finished. Huber Loss: 0.0197
>> Training Multi-Head PCN (Stage 2) on Target Domain for APs: [0, 1, 2, 3]...
>> Target PCN Training Finished. Huber Loss: 0.0177

Start GeoSPA-Net Training Seed 67...
Epoch  | Total Loss | Tr Cls     | Tr Dom RSSI  | Tr Dom RTT   | Val T Acc  | Val T Entropy | Test MDE
------------------------------------------------------------------------------------------------------------------------
10     | 4.0470     | 1.7619     | 1.1528       | 1.1322       | 0.9417     | 3.2072       | 0.6384   |           
20     | 2.9154     | 1.0155     | 1.0140       | 0.8860       | 0.9771     | 2.4109       | 0.5702   | (ADV -0.23)
30     | 2.6369     | 0.7440     | 0.9888       | 0.9040       | 0.9812     | 1.8804       | 0.5880   | (ADV 0.04)
40     | 2.5365     | 0.6270     | 0.9954       | 0.9142       | 0.9833     | 1.5910       | 0.5560   |           
50     | 2.4188     | 0.5301     | 0.9943       | 0.8944       | 0.9833     | 1.3790       | 0.5667   | (ADV 0.29)
60     | 2.4207     | 0.4741     | 1.0051       | 0.9415       | 0.9865     | 1.1607       | 0.5594   | (ADV 0.41)
70     | 2.4356     | 0.4538     | 1.0385       | 0.9433       | 0.9865     | 1.0245       | 0.5378   | (ADV 0.47)
80     | 2.5239     | 0.4296     | 1.0924       | 1.0019       | 0.9833     | 0.9296       | 0.5806   | (ADV 0.52)
90     | 2.5578     | 0.4434     | 1.1137       | 1.0007       | 0.9875     | 0.9216       | 0.5600   |           
100    | 2.5868     | 0.4262     | 1.1313       | 1.0292       | 0.9854     | 0.8728       | 0.5935   |           
110    | 2.6282     | 0.4008     | 1.1655       | 1.0619       | 0.9854     | 0.8125       | 0.5497   |           
120    | 2.7344     | 0.4308     | 1.1969       | 1.1067       | 0.9802     | 0.7762       | 0.5319   |           
130    | 2.6680     | 0.3843     | 1.1658       | 1.1179       | 0.9865     | 0.7041       | 0.4825   |           
140    | 2.6992     | 0.3833     | 1.1985       | 1.1175       | 0.9833     | 0.6199       | 0.4930   | (ADV 0.67)
150    | 2.8032     | 0.4177     | 1.2303       | 1.1551       | 0.9823     | 0.6360       | 0.5060   |           
160    | 2.7558     | 0.3732     | 1.2329       | 1.1497       | 0.9844     | 0.6518       | 0.5627   |           
170    | 2.7761     | 0.3729     | 1.2342       | 1.1690       | 0.9844     | 0.5879       | 0.5130   |           
180    | 2.7804     | 0.3681     | 1.2426       | 1.1697       | 0.9781     | 0.5800       | 0.5726   |           
190    | 2.8712     | 0.4102     | 1.2580       | 1.2030       | 0.9823     | 0.5913       | 0.5394   |           
200    | 2.8105     | 0.3426     | 1.2640       | 1.2039       | 0.9698     | 0.5688       | 0.5882   |           
210    | 2.7330     | 0.3112     | 1.2399       | 1.1819       | 0.9781     | 0.5620       | 0.5496   |           
220    | 2.7917     | 0.3554     | 1.2504       | 1.1858       | 0.9792     | 0.5251       | 0.5730   |           
230    | 2.8130     | 0.3603     | 1.2560       | 1.1967       | 0.9844     | 0.5205       | 0.5248   |           
240    | 2.7408     | 0.3171     | 1.2555       | 1.1682       | 0.9792     | 0.4776       | 0.4857   |           
250    | 2.7619     | 0.3023     | 1.2476       | 1.2120       | 0.9771     | 0.4719       | 0.5466   |           
260    | 2.7978     | 0.3228     | 1.2707       | 1.2043       | 0.9812     | 0.5356       | 0.5438   |           
270    | 2.7423     | 0.3108     | 1.2299       | 1.2016       | 0.9833     | 0.5082       | 0.5896   |           
280    | 2.7426     | 0.2874     | 1.2597       | 1.1955       | 0.9823     | 0.5017       | 0.5354   |           
290    | 2.7532     | 0.3123     | 1.2462       | 1.1946       | 0.9781     | 0.4557       | 0.5173   |           
300    | 2.7982     | 0.3051     | 1.2689       | 1.2242       | 0.9854     | 0.3750       | 0.5059   | (ADV 0.80)
310    | 2.7807     | 0.2855     | 1.2635       | 1.2317       | 0.9792     | 0.3432       | 0.4435   | (ADV 0.81)
320    | 2.7498     | 0.2885     | 1.2429       | 1.2184       | 0.9823     | 0.3650       | 0.4688   |           
330    | 2.7609     | 0.2719     | 1.2648       | 1.2242       | 0.9771     | 0.4028       | 0.4752   |           
340    | 2.7621     | 0.2761     | 1.2523       | 1.2337       | 0.9844     | 0.3990       | 0.5234   |           
350    | 2.8082     | 0.2941     | 1.2783       | 1.2358       | 0.9750     | 0.3940       | 0.5717   |           
360    | 2.7950     | 0.3034     | 1.2556       | 1.2360       | 0.9865     | 0.3678       | 0.5018   |           
370    | 2.7586     | 0.2758     | 1.2557       | 1.2271       | 0.9833     | 0.3471       | 0.4770   |           
380    | 2.7434     | 0.2601     | 1.2485       | 1.2348       | 0.9823     | 0.3446       | 0.5252   |           
390    | 2.7714     | 0.2557     | 1.2785       | 1.2372       | 0.9812     | 0.2998       | 0.5030   |           
400    | 2.7706     | 0.2683     | 1.2689       | 1.2335       | 0.9771     | 0.3080       | 0.5049   |           
410    | 2.8423     | 0.3027     | 1.3040       | 1.2355       | 0.9802     | 0.3479       | 0.4808   |           
420    | 2.7273     | 0.2201     | 1.2740       | 1.2332       | 0.9854     | 0.3345       | 0.4945   |           
430    | 2.7696     | 0.2535     | 1.2616       | 1.2545       | 0.9865     | 0.3738       | 0.5459   |           
440    | 2.7846     | 0.2463     | 1.2813       | 1.2570       | 0.9844     | 0.3414       | 0.4849   |           
450    | 2.8179     | 0.2707     | 1.2815       | 1.2657       | 0.9823     | 0.3519       | 0.5426   |           
460    | 2.8336     | 0.2558     | 1.3057       | 1.2721       | 0.9854     | 0.3355       | 0.4847   |           
470    | 2.8121     | 0.2402     | 1.3073       | 1.2646       | 0.9844     | 0.2804       | 0.5386   |           
480    | 2.8193     | 0.2437     | 1.3098       | 1.2658       | 0.9865     | 0.3078       | 0.4780   |           
490    | 2.7881     | 0.2015     | 1.3170       | 1.2696       | 0.9833     | 0.2768       | 0.5273   |           
500    | 2.8372     | 0.2386     | 1.3024       | 1.2962       | 0.9854     | 0.2976       | 0.5083   |           
Seed 67 | Src Acc: 98.7755 | Src MDE: 0.0138 | Tgt Acc: 47.3469 | Tgt MDE: 0.4489
>> Training Multi-Head PCN (Stage 2) on Source Domain for APs: [0, 1, 2, 3]...
>> Source PCN Training Finished. Huber Loss: 0.0163
>> Training Multi-Head PCN (Stage 2) on Target Domain for APs: [0, 1, 2, 3]...
>> Target PCN Training Finished. Huber Loss: 0.0145

Start GeoSPA-Net Training Seed 1024...
Epoch  | Total Loss | Tr Cls     | Tr Dom RSSI  | Tr Dom RTT   | Val T Acc  | Val T Entropy | Test MDE
------------------------------------------------------------------------------------------------------------------------
10     | 4.1717     | 1.9185     | 1.1373       | 1.1159       | 0.9208     | 3.2199       | 0.7183   |           
20     | 2.9058     | 0.9939     | 0.9598       | 0.9522       | 0.9708     | 2.4560       | 0.6405   | (ADV -0.26)
30     | 2.5994     | 0.7639     | 0.9616       | 0.8739       | 0.9792     | 1.9098       | 0.6052   | (ADV 0.02)
40     | 2.4020     | 0.5609     | 0.9633       | 0.8778       | 0.9823     | 1.5542       | 0.6420   |           
50     | 2.4536     | 0.5287     | 0.9854       | 0.9396       | 0.9885     | 1.3475       | 0.6061   | (ADV 0.31)
60     | 2.4579     | 0.4720     | 1.0199       | 0.9660       | 0.9823     | 1.1730       | 0.6553   |           
70     | 2.4767     | 0.4607     | 1.0211       | 0.9949       | 0.9823     | 1.0915       | 0.6218   |           
80     | 2.5455     | 0.4610     | 1.0629       | 1.0216       | 0.9823     | 0.9450       | 0.6548   | (ADV 0.51)
90     | 2.5941     | 0.4349     | 1.0842       | 1.0749       | 0.9844     | 0.8813       | 0.6006   |           
100    | 2.6124     | 0.4236     | 1.1224       | 1.0664       | 0.9833     | 0.8151       | 0.5362   |           
110    | 2.5895     | 0.3824     | 1.1294       | 1.0777       | 0.9812     | 0.7769       | 0.6280   |           
120    | 2.6371     | 0.3957     | 1.1399       | 1.1014       | 0.9865     | 0.7127       | 0.5322   |           
130    | 2.7072     | 0.4157     | 1.1805       | 1.1110       | 0.9833     | 0.6885       | 0.5310   |           
140    | 2.7159     | 0.4288     | 1.1632       | 1.1239       | 0.9802     | 0.7412       | 0.6033   |           
150    | 2.7264     | 0.4149     | 1.1795       | 1.1321       | 0.9812     | 0.7225       | 0.5640   |           
160    | 2.6633     | 0.3583     | 1.1920       | 1.1131       | 0.9844     | 0.6593       | 0.5987   |           
170    | 2.7264     | 0.3832     | 1.2150       | 1.1281       | 0.9854     | 0.6068       | 0.5451   |           
180    | 2.7268     | 0.3737     | 1.2072       | 1.1458       | 0.9771     | 0.6310       | 0.5957   |           
190    | 2.7899     | 0.4175     | 1.2266       | 1.1457       | 0.9865     | 0.5951       | 0.6363   |           
200    | 2.7383     | 0.3709     | 1.2292       | 1.1383       | 0.9781     | 0.5386       | 0.5510   |           
210    | 2.7896     | 0.3760     | 1.2317       | 1.1820       | 0.9823     | 0.5328       | 0.5500   |           
220    | 2.7043     | 0.3260     | 1.2363       | 1.1420       | 0.9802     | 0.5409       | 0.5649   |           
230    | 2.7334     | 0.3512     | 1.2208       | 1.1615       | 0.9823     | 0.4843       | 0.6522   |           
240    | 2.7217     | 0.3389     | 1.2320       | 1.1507       | 0.9823     | 0.4801       | 0.6045   |           
250    | 2.7665     | 0.3545     | 1.2560       | 1.1560       | 0.9812     | 0.4888       | 0.5733   |           
260    | 2.7400     | 0.3186     | 1.2517       | 1.1696       | 0.9854     | 0.3967       | 0.5621   | (ADV 0.79)
270    | 2.7154     | 0.2979     | 1.2397       | 1.1778       | 0.9854     | 0.4433       | 0.6132   |           
280    | 2.7368     | 0.3248     | 1.2281       | 1.1839       | 0.9854     | 0.4802       | 0.5427   |           
290    | 2.7268     | 0.3072     | 1.2385       | 1.1811       | 0.9854     | 0.4068       | 0.5350   |           
300    | 2.6926     | 0.2993     | 1.2350       | 1.1584       | 0.9875     | 0.4327       | 0.5390   |           
310    | 2.7799     | 0.3261     | 1.2609       | 1.1929       | 0.9833     | 0.4700       | 0.5321   |           
320    | 2.8276     | 0.3762     | 1.2649       | 1.1866       | 0.9844     | 0.4850       | 0.5762   |           
330    | 2.8125     | 0.3351     | 1.2583       | 1.2191       | 0.9760     | 0.4166       | 0.5766   |           
340    | 2.7493     | 0.2962     | 1.2559       | 1.1971       | 0.9896     | 0.3763       | 0.5718   |           
350    | 2.7435     | 0.2919     | 1.2661       | 1.1855       | 0.9885     | 0.3842       | 0.5703   |           
360    | 2.7969     | 0.3278     | 1.2421       | 1.2270       | 0.9792     | 0.3857       | 0.5537   |           
370    | 2.7843     | 0.3158     | 1.2397       | 1.2287       | 0.9823     | 0.3921       | 0.5887   |           
380    | 2.8050     | 0.3060     | 1.2682       | 1.2309       | 0.9854     | 0.4203       | 0.5697   |           
390    | 2.7614     | 0.2724     | 1.2685       | 1.2206       | 0.9781     | 0.3681       | 0.6248   |           
400    | 2.7828     | 0.2784     | 1.2671       | 1.2372       | 0.9812     | 0.3762       | 0.6188   |           
410    | 2.7469     | 0.2606     | 1.2518       | 1.2345       | 0.9750     | 0.3380       | 0.5452   |           
420    | 2.8005     | 0.2759     | 1.2649       | 1.2596       | 0.9844     | 0.3055       | 0.7009   | (ADV 0.83)
430    | 2.7540     | 0.2480     | 1.2748       | 1.2313       | 0.9844     | 0.3058       | 0.6267   |           
440    | 2.8492     | 0.2980     | 1.2953       | 1.2559       | 0.9823     | 0.3932       | 0.6015   |           
450    | 2.8241     | 0.2733     | 1.3001       | 1.2507       | 0.9875     | 0.3595       | 0.5648   |           
460    | 2.7676     | 0.2312     | 1.2919       | 1.2445       | 0.9781     | 0.3472       | 0.5615   |           
470    | 2.7999     | 0.2431     | 1.2968       | 1.2601       | 0.9844     | 0.3355       | 0.6783   |           
480    | 2.8043     | 0.2362     | 1.3138       | 1.2542       | 0.9865     | 0.3209       | 0.6088   |           
490    | 2.7196     | 0.1684     | 1.3112       | 1.2401       | 0.9854     | 0.3185       | 0.5664   |           
500    | 2.7581     | 0.2038     | 1.3240       | 1.2303       | 0.9854     | 0.2799       | 0.6095   | (ADV 0.85)
Seed 1024 | Src Acc: 98.5714 | Src MDE: 0.0173 | Tgt Acc: 45.0000 | Tgt MDE: 0.6095
Finished Combo GeoSPA_1_2_3_4. Results saved.
