==========================================
Current Architecture: GeoSPA-Net (Fixed)
mcAPs (Real Anchors): [2, 3, 4] (Indices: [1, 2, 3])
Legacy APs (Virtual): [1] (Indices: [0])
==========================================
>> Training Multi-Head PCN (Stage 2) on Source Domain for APs: [0, 1, 2, 3]...
>> Source PCN Training Finished. Huber Loss: 0.0179
>> Training Multi-Head PCN (Stage 2) on Target Domain for APs: [1, 2, 3]...
>> Target PCN Training Finished. Huber Loss: 0.0124

Start GeoSPA-Net Training Seed 42...
Epoch  | Total Loss | Tr Cls     | Tr Dom RSSI  | Tr Dom RTT   | Val T Acc  | Val T Entropy | Test MDE
------------------------------------------------------------------------------------------------------------------------
10     | 3.7591     | 1.8796     | 1.1351       | 0.7444       | 0.8938     | 3.2993       | 1.0364   |           
20     | 2.7980     | 1.0888     | 0.9973       | 0.7120       | 0.9573     | 2.5883       | 0.8837   | (ADV -0.34)
30     | 2.5907     | 0.7738     | 0.9849       | 0.8321       | 0.9781     | 1.9788       | 0.7739   | (ADV -0.01)
40     | 2.5353     | 0.6430     | 0.9686       | 0.9237       | 0.9802     | 1.6563       | 0.8161   | (ADV 0.15)
50     | 2.5114     | 0.6006     | 0.9900       | 0.9208       | 0.9854     | 1.4017       | 0.7726   | (ADV 0.28)
60     | 2.5624     | 0.5623     | 1.0152       | 0.9849       | 0.9802     | 1.2385       | 0.7429   |           
70     | 2.5845     | 0.5299     | 1.0508       | 1.0038       | 0.9865     | 1.0812       | 0.7730   | (ADV 0.45)
80     | 2.6155     | 0.5169     | 1.0922       | 1.0064       | 0.9823     | 1.0356       | 0.7594   |           
90     | 2.5878     | 0.4583     | 1.0848       | 1.0446       | 0.9854     | 0.9840       | 0.7923   |           
100    | 2.7260     | 0.5114     | 1.1337       | 1.0809       | 0.9812     | 0.8941       | 0.7271   |           
110    | 2.7012     | 0.4866     | 1.1305       | 1.0841       | 0.9792     | 0.8465       | 0.6924   |           
120    | 2.7481     | 0.4580     | 1.1676       | 1.1225       | 0.9604     | 0.7559       | 0.7357   |           
130    | 2.7362     | 0.4317     | 1.1739       | 1.1305       | 0.9792     | 0.7678       | 0.7537   |           
140    | 2.6960     | 0.4020     | 1.1662       | 1.1279       | 0.9750     | 0.6985       | 0.6051   | (ADV 0.63)
150    | 2.7483     | 0.4287     | 1.1592       | 1.1604       | 0.9802     | 0.7078       | 0.7379   | (ADV 0.63)
160    | 2.7733     | 0.4090     | 1.1938       | 1.1705       | 0.9844     | 0.6599       | 0.7041   |           
170    | 2.7499     | 0.3944     | 1.1940       | 1.1615       | 0.9833     | 0.6883       | 0.8582   |           
180    | 2.8651     | 0.4446     | 1.1950       | 1.2254       | 0.9781     | 0.6791       | 0.7498   |           
190    | 2.8392     | 0.4283     | 1.2113       | 1.1997       | 0.9823     | 0.6110       | 0.6824   |           
200    | 2.8661     | 0.4011     | 1.2653       | 1.1997       | 0.9792     | 0.5953       | 0.7485   |           
210    | 2.9817     | 0.4434     | 1.2569       | 1.2815       | 0.9781     | 0.5787       | 0.7780   |           
220    | 2.8702     | 0.3965     | 1.2357       | 1.2381       | 0.9812     | 0.5412       | 0.7817   |           
230    | 2.8310     | 0.3949     | 1.2309       | 1.2052       | 0.9833     | 0.5324       | 0.7970   |           
240    | 2.8778     | 0.3941     | 1.2756       | 1.2081       | 0.9865     | 0.4564       | 0.7883   | (ADV 0.76)
250    | 2.8276     | 0.3767     | 1.2538       | 1.1971       | 0.9792     | 0.4805       | 0.8297   |           
260    | 2.8138     | 0.3527     | 1.2632       | 1.1979       | 0.9865     | 0.5699       | 0.8060   |           
270    | 2.8663     | 0.3495     | 1.2665       | 1.2503       | 0.9698     | 0.4961       | 0.7856   |           
280    | 2.8870     | 0.3639     | 1.2901       | 1.2330       | 0.9865     | 0.4606       | 0.7788   |           
290    | 2.7946     | 0.3299     | 1.2656       | 1.1990       | 0.9854     | 0.4689       | 0.8119   |           
300    | 2.8390     | 0.3458     | 1.2712       | 1.2221       | 0.9854     | 0.4576       | 0.8375   |           
310    | 2.9186     | 0.3819     | 1.3054       | 1.2313       | 0.9906     | 0.4840       | 0.8310   |           
320    | 2.8097     | 0.3134     | 1.2724       | 1.2239       | 0.9865     | 0.4142       | 0.8243   |           
330    | 2.9091     | 0.3632     | 1.2757       | 1.2701       | 0.9844     | 0.4668       | 0.8834   |           
340    | 2.7918     | 0.3033     | 1.2693       | 1.2192       | 0.9844     | 0.4243       | 0.7405   |           
350    | 2.7727     | 0.2796     | 1.2660       | 1.2272       | 0.9875     | 0.4051       | 0.8342   |           
360    | 2.8223     | 0.3062     | 1.2960       | 1.2201       | 0.9854     | 0.3738       | 0.7914   | (ADV 0.80)
370    | 2.7926     | 0.2615     | 1.3101       | 1.2211       | 0.9823     | 0.3843       | 0.8042   |           
380    | 2.7912     | 0.2745     | 1.2911       | 1.2256       | 0.9833     | 0.3921       | 0.8169   |           
390    | 2.8162     | 0.3047     | 1.2886       | 1.2230       | 0.9833     | 0.3484       | 0.8638   |           
400    | 2.8406     | 0.2896     | 1.2903       | 1.2606       | 0.9802     | 0.3876       | 0.8632   |           
410    | 2.8116     | 0.2672     | 1.2966       | 1.2479       | 0.9802     | 0.3581       | 0.8253   |           
420    | 2.8318     | 0.2948     | 1.2954       | 1.2416       | 0.9823     | 0.3220       | 0.8356   |           
430    | 2.8739     | 0.3200     | 1.3083       | 1.2457       | 0.9708     | 0.3317       | 0.8314   |           
440    | 2.8170     | 0.2676     | 1.3082       | 1.2412       | 0.9823     | 0.3626       | 0.8162   |           
450    | 2.8325     | 0.2787     | 1.3028       | 1.2511       | 0.9854     | 0.2982       | 0.8412   |           
460    | 2.8741     | 0.3101     | 1.3041       | 1.2600       | 0.9719     | 0.3722       | 0.8774   |           
470    | 2.8010     | 0.2442     | 1.2994       | 1.2574       | 0.9854     | 0.3530       | 0.7929   |           
480    | 2.8784     | 0.2982     | 1.3005       | 1.2797       | 0.9781     | 0.3282       | 0.8144   |           
490    | 2.8196     | 0.2670     | 1.2997       | 1.2529       | 0.9781     | 0.3300       | 0.8332   |           
500    | 2.8386     | 0.2733     | 1.3028       | 1.2625       | 0.9865     | 0.3293       | 0.8431   |           
Seed 42 | Src Acc: 97.8571 | Src MDE: 0.0363 | Tgt Acc: 30.3061 | Tgt MDE: 0.8099
>> Training Multi-Head PCN (Stage 2) on Source Domain for APs: [0, 1, 2, 3]...
>> Source PCN Training Finished. Huber Loss: 0.0213
>> Training Multi-Head PCN (Stage 2) on Target Domain for APs: [1, 2, 3]...
>> Target PCN Training Finished. Huber Loss: 0.0128

Start GeoSPA-Net Training Seed 67...
Epoch  | Total Loss | Tr Cls     | Tr Dom RSSI  | Tr Dom RTT   | Val T Acc  | Val T Entropy | Test MDE
------------------------------------------------------------------------------------------------------------------------
10     | 3.6881     | 1.8364     | 1.1417       | 0.7100       | 0.9333     | 3.2989       | 1.0065   |           
20     | 2.8162     | 1.0875     | 1.0070       | 0.7217       | 0.9646     | 2.5152       | 0.8970   | (ADV -0.29)
30     | 2.6227     | 0.8231     | 0.9937       | 0.8060       | 0.9719     | 1.9740       | 0.7656   |           
40     | 2.5760     | 0.6962     | 0.9788       | 0.9010       | 0.9740     | 1.6074       | 0.8244   | (ADV 0.17)
50     | 2.5336     | 0.5972     | 1.0179       | 0.9185       | 0.9740     | 1.3996       | 0.7624   |           
60     | 2.5003     | 0.5122     | 1.0051       | 0.9830       | 0.9677     | 1.1302       | 0.7328   | (ADV 0.40)
70     | 2.6050     | 0.5180     | 1.0534       | 1.0336       | 0.9792     | 1.0550       | 0.7605   | (ADV 0.45)
80     | 2.5567     | 0.4692     | 1.0663       | 1.0212       | 0.9812     | 0.9846       | 0.7193   |           
90     | 2.7001     | 0.5197     | 1.1155       | 1.0648       | 0.9802     | 0.9219       | 0.7485   |           
100    | 2.6997     | 0.4859     | 1.1333       | 1.0805       | 0.9833     | 0.9394       | 0.8080   |           
110    | 2.6986     | 0.4545     | 1.1471       | 1.0970       | 0.9812     | 0.7546       | 0.7136   | (ADV 0.60)
120    | 2.6777     | 0.4159     | 1.1553       | 1.1065       | 0.9729     | 0.7282       | 0.6957   | (ADV 0.61)
130    | 2.7225     | 0.4088     | 1.1896       | 1.1241       | 0.9812     | 0.7320       | 0.6689   |           
140    | 2.8190     | 0.4641     | 1.2250       | 1.1299       | 0.9771     | 0.7533       | 0.6722   |           
150    | 2.8082     | 0.4557     | 1.2238       | 1.1287       | 0.9812     | 0.6585       | 0.6138   | (ADV 0.65)
160    | 2.7763     | 0.4150     | 1.2234       | 1.1378       | 0.9760     | 0.6446       | 0.6797   |           
170    | 2.8010     | 0.4274     | 1.2284       | 1.1453       | 0.9781     | 0.6537       | 0.6388   |           
180    | 2.8129     | 0.4179     | 1.2346       | 1.1605       | 0.9708     | 0.6366       | 0.6622   |           
190    | 2.8138     | 0.4155     | 1.2406       | 1.1577       | 0.9677     | 0.6463       | 0.6965   |           
200    | 2.7659     | 0.3793     | 1.2480       | 1.1386       | 0.9802     | 0.6504       | 0.6289   |           
210    | 2.8047     | 0.3926     | 1.2312       | 1.1810       | 0.9781     | 0.6592       | 0.6382   |           
220    | 2.8630     | 0.4273     | 1.2551       | 1.1805       | 0.9771     | 0.6904       | 0.6614   |           
230    | 2.8376     | 0.3873     | 1.2638       | 1.1864       | 0.9833     | 0.5502       | 0.6272   | (ADV 0.71)
240    | 2.7475     | 0.3347     | 1.2474       | 1.1653       | 0.9771     | 0.5514       | 0.7224   |           
250    | 2.7792     | 0.3458     | 1.2534       | 1.1800       | 0.9792     | 0.5704       | 0.6885   |           
260    | 2.9023     | 0.4189     | 1.2685       | 1.2150       | 0.9708     | 0.6118       | 0.8303   |           
270    | 2.8028     | 0.3550     | 1.2536       | 1.1942       | 0.9750     | 0.5224       | 0.6816   | (ADV 0.71)
280    | 2.7714     | 0.3647     | 1.2335       | 1.1733       | 0.9677     | 0.5650       | 0.7927   |           
290    | 2.7678     | 0.3264     | 1.2564       | 1.1851       | 0.9781     | 0.5250       | 0.7462   |           
300    | 2.8408     | 0.3642     | 1.2522       | 1.2244       | 0.9802     | 0.5566       | 0.7904   |           
310    | 2.8054     | 0.3307     | 1.2494       | 1.2253       | 0.9719     | 0.5428       | 0.7664   |           
320    | 2.7672     | 0.3026     | 1.2646       | 1.2001       | 0.9781     | 0.5544       | 0.7214   |           
330    | 2.8508     | 0.3356     | 1.2620       | 1.2532       | 0.9656     | 0.5471       | 0.7377   |           
340    | 2.8333     | 0.3193     | 1.2643       | 1.2497       | 0.9760     | 0.4554       | 0.7716   |           
350    | 2.7898     | 0.3232     | 1.2612       | 1.2054       | 0.9740     | 0.4786       | 0.7722   |           
360    | 2.8423     | 0.3384     | 1.2704       | 1.2335       | 0.9740     | 0.4875       | 0.7959   |           
370    | 2.8040     | 0.3050     | 1.2699       | 1.2291       | 0.9833     | 0.4766       | 0.7474   |           
380    | 2.8650     | 0.3491     | 1.2628       | 1.2531       | 0.9792     | 0.4472       | 0.7483   |           
390    | 2.8504     | 0.3369     | 1.2752       | 1.2383       | 0.9563     | 0.4602       | 0.7590   |           
400    | 2.7673     | 0.2841     | 1.2690       | 1.2143       | 0.9812     | 0.4669       | 0.7745   |           
410    | 2.8138     | 0.3033     | 1.2779       | 1.2326       | 0.9708     | 0.4849       | 0.7249   |           
420    | 2.7436     | 0.2652     | 1.2656       | 1.2127       | 0.9542     | 0.4125       | 0.7084   |           
430    | 2.8408     | 0.3176     | 1.2832       | 1.2400       | 0.9792     | 0.4738       | 0.7499   |           
440    | 2.9022     | 0.3360     | 1.2731       | 1.2932       | 0.9656     | 0.4964       | 0.7816   |           
450    | 2.7578     | 0.2657     | 1.2706       | 1.2215       | 0.9729     | 0.4515       | 0.7264   |           
460    | 2.8096     | 0.2916     | 1.2906       | 1.2274       | 0.9719     | 0.4381       | 0.6682   |           
470    | 2.8412     | 0.3112     | 1.2895       | 1.2406       | 0.9688     | 0.4349       | 0.6560   |           
480    | 2.7598     | 0.2862     | 1.2839       | 1.1897       | 0.9812     | 0.4081       | 0.7648   |           
490    | 2.7666     | 0.2218     | 1.2982       | 1.2466       | 0.9781     | 0.4348       | 0.7774   |           
500    | 2.8541     | 0.2786     | 1.3029       | 1.2725       | 0.9740     | 0.4064       | 0.8315   |           
Seed 67 | Src Acc: 98.2653 | Src MDE: 0.0315 | Tgt Acc: 37.7551 | Tgt MDE: 0.6605
>> Training Multi-Head PCN (Stage 2) on Source Domain for APs: [0, 1, 2, 3]...
>> Source PCN Training Finished. Huber Loss: 0.0162
>> Training Multi-Head PCN (Stage 2) on Target Domain for APs: [1, 2, 3]...
>> Target PCN Training Finished. Huber Loss: 0.0098

Start GeoSPA-Net Training Seed 1024...
Epoch  | Total Loss | Tr Cls     | Tr Dom RSSI  | Tr Dom RTT   | Val T Acc  | Val T Entropy | Test MDE
------------------------------------------------------------------------------------------------------------------------
10     | 3.4894     | 1.9413     | 1.1250       | 0.4231       | 0.8948     | 3.3718       | 1.1241   |           
20     | 2.9323     | 1.0831     | 0.9896       | 0.8596       | 0.9604     | 2.5919       | 0.8973   | (ADV -0.34)
30     | 2.6961     | 0.8237     | 0.9909       | 0.8814       | 0.9688     | 2.0548       | 0.7680   | (ADV -0.06)
40     | 2.5174     | 0.6551     | 0.9551       | 0.9072       | 0.9677     | 1.6963       | 0.7282   |           
50     | 2.5551     | 0.6223     | 0.9858       | 0.9471       | 0.9802     | 1.4821       | 0.7448   | (ADV 0.24)
60     | 2.4436     | 0.5265     | 0.9805       | 0.9367       | 0.9771     | 1.3335       | 0.8186   | (ADV 0.31)
70     | 2.4364     | 0.5030     | 0.9833       | 0.9502       | 0.9771     | 1.1481       | 0.7428   | (ADV 0.40)
80     | 2.5583     | 0.5259     | 1.0334       | 0.9990       | 0.9740     | 1.0688       | 0.7360   | (ADV 0.44)
90     | 2.5957     | 0.5124     | 1.0564       | 1.0268       | 0.9771     | 0.9515       | 0.6376   | (ADV 0.50)
100    | 2.5636     | 0.4490     | 1.0768       | 1.0378       | 0.9792     | 0.9105       | 0.6732   | (ADV 0.52)
110    | 2.7053     | 0.4776     | 1.1450       | 1.0827       | 0.9760     | 0.9716       | 0.6764   |           
120    | 2.7136     | 0.4662     | 1.1173       | 1.1301       | 0.9760     | 0.8640       | 0.7318   |           
130    | 2.7888     | 0.4807     | 1.1607       | 1.1473       | 0.9844     | 0.7729       | 0.6278   | (ADV 0.60)
140    | 2.7423     | 0.4399     | 1.1692       | 1.1333       | 0.9792     | 0.7320       | 0.6860   |           
150    | 2.8213     | 0.4784     | 1.2064       | 1.1365       | 0.9760     | 0.7702       | 0.6548   |           
160    | 2.8047     | 0.4277     | 1.2151       | 1.1619       | 0.9844     | 0.7338       | 0.6871   |           
170    | 2.8122     | 0.4111     | 1.2305       | 1.1706       | 0.9760     | 0.6730       | 0.6692   | (ADV 0.64)
180    | 2.8088     | 0.3928     | 1.2315       | 1.1845       | 0.9802     | 0.7157       | 0.6519   |           
190    | 2.8419     | 0.4317     | 1.2362       | 1.1739       | 0.9781     | 0.6009       | 0.6725   |           
200    | 2.8734     | 0.4267     | 1.2535       | 1.1932       | 0.9750     | 0.6885       | 0.6594   |           
210    | 2.8633     | 0.4391     | 1.2474       | 1.1768       | 0.9583     | 0.6817       | 0.7267   |           
220    | 2.7814     | 0.3745     | 1.2262       | 1.1807       | 0.9833     | 0.6023       | 0.7431   |           
230    | 2.7799     | 0.3544     | 1.2386       | 1.1869       | 0.9781     | 0.5466       | 0.6595   |           
240    | 2.8930     | 0.4241     | 1.2509       | 1.2181       | 0.9708     | 0.5776       | 0.6941   |           
250    | 2.9019     | 0.4034     | 1.2666       | 1.2319       | 0.9750     | 0.5891       | 0.6621   |           
260    | 2.8049     | 0.3537     | 1.2473       | 1.2039       | 0.9781     | 0.4516       | 0.6574   | (ADV 0.75)
270    | 2.7819     | 0.3487     | 1.2385       | 1.1947       | 0.9792     | 0.4509       | 0.6935   | (ADV 0.75)
280    | 2.7829     | 0.3437     | 1.2509       | 1.1883       | 0.9771     | 0.4580       | 0.6812   |           
290    | 2.8040     | 0.3289     | 1.2310       | 1.2440       | 0.9750     | 0.5261       | 0.7375   |           
300    | 2.7076     | 0.3122     | 1.2003       | 1.1951       | 0.9771     | 0.4487       | 0.6668   |           
310    | 2.7964     | 0.3319     | 1.2449       | 1.2196       | 0.9781     | 0.5047       | 0.6927   |           
320    | 2.8514     | 0.3824     | 1.2541       | 1.2148       | 0.9719     | 0.5241       | 0.6519   |           
330    | 2.7775     | 0.2956     | 1.2611       | 1.2208       | 0.9698     | 0.4667       | 0.6641   |           
340    | 2.7822     | 0.3309     | 1.2499       | 1.2014       | 0.9760     | 0.4981       | 0.7029   |           
350    | 2.8120     | 0.3487     | 1.2390       | 1.2243       | 0.9792     | 0.4893       | 0.7465   |           
360    | 2.8494     | 0.3546     | 1.2707       | 1.2241       | 0.9719     | 0.4592       | 0.7151   |           
370    | 2.8608     | 0.3791     | 1.2606       | 1.2211       | 0.9833     | 0.4282       | 0.7484   |           
380    | 2.8526     | 0.3196     | 1.2740       | 1.2590       | 0.9833     | 0.4360       | 0.7624   |           
390    | 2.8543     | 0.3323     | 1.2900       | 1.2320       | 0.9792     | 0.4573       | 0.6456   |           
400    | 2.7818     | 0.2781     | 1.2712       | 1.2326       | 0.9708     | 0.4077       | 0.7051   |           
410    | 2.7762     | 0.2940     | 1.2716       | 1.2106       | 0.9708     | 0.4851       | 0.7334   |           
420    | 2.8364     | 0.3158     | 1.2715       | 1.2491       | 0.9719     | 0.4448       | 0.6992   |           
430    | 2.7484     | 0.2615     | 1.2559       | 1.2309       | 0.9750     | 0.4285       | 0.6189   |           
440    | 2.8465     | 0.3151     | 1.2642       | 1.2671       | 0.9802     | 0.4082       | 0.6480   |           
450    | 2.8671     | 0.3225     | 1.2905       | 1.2541       | 0.9792     | 0.3874       | 0.6439   |           
460    | 2.7922     | 0.2641     | 1.2850       | 1.2431       | 0.9812     | 0.3956       | 0.6402   |           
470    | 2.8117     | 0.2860     | 1.2861       | 1.2396       | 0.9792     | 0.4028       | 0.7362   |           
480    | 2.8084     | 0.2698     | 1.3073       | 1.2314       | 0.9740     | 0.3658       | 0.6495   |           
490    | 2.7604     | 0.2264     | 1.2920       | 1.2420       | 0.9812     | 0.3997       | 0.6389   |           
500    | 2.7929     | 0.2565     | 1.2994       | 1.2370       | 0.9719     | 0.3950       | 0.6357   |           
Seed 1024 | Src Acc: 97.7551 | Src MDE: 0.0355 | Tgt Acc: 31.2245 | Tgt MDE: 0.6678
Finished Combo GeoSPA_2_3_4. Results saved.
