Mode: Fusion | Features: RSSI(4) + RTT(2)
Model Input Dimension: 6
cuda
Start Training Seed 42...
Epoch  | Total Loss | l_sc       | l_dc       | l_tc       | l_ca       | val_l_sc     | val_l_dc     | Save        | Test MDE | Score  
---------------------------------------------------------------------------------------------------------------------------------------
1      | 13.6540    | 3.6958     | 2.8156     | 3.7037     | 3.4389     | 3.1530       | 3.7457       |             | 2.6137   | 6.899  
2      | 9.8709     | 3.0678     | 2.7661     | 3.4998     | 0.5373     | 2.6028       | 3.4071       |             | 1.7909   | 6.010  
3      | 8.7171     | 2.6954     | 2.7402     | 3.0574     | 0.2242     | 2.1567       | 2.8856       |             | 1.7479   | 5.042  
4      | 7.7009     | 2.4696     | 2.7195     | 2.3905     | 0.1213     | 1.9716       | 2.0859       |             | 1.7877   | 4.058  
5      | 6.9068     | 2.3258     | 2.6964     | 1.8092     | 0.0754     | 1.7381       | 1.5118       |             | 2.0617   | 3.250  
6      | 6.2637     | 2.1000     | 2.6644     | 1.4395     | 0.0598     | 1.4724       | 1.1684       |             | 1.8923   | 2.641  
7      | 5.7859     | 1.8605     | 2.6290     | 1.2367     | 0.0597     | 1.2646       | 0.9594       |             | 1.8526   | 2.224  
8      | 5.3721     | 1.6947     | 2.5830     | 1.0418     | 0.0526     | 0.9991       | 0.8453       |             | 1.8419   | 1.844  
9      | 5.0515     | 1.5174     | 2.5192     | 0.9477     | 0.0672     | 0.9440       | 0.8040       |             | 1.8344   | 1.748  
10     | 4.7311     | 1.3783     | 2.4542     | 0.8537     | 0.0450     | 0.7994       | 0.6977       |             | 1.8809   | 1.497  
11     | 4.4777     | 1.2952     | 2.3748     | 0.7501     | 0.0577     | 0.7011       | 0.6231       |             | 1.7848   | 1.324  
12     | 4.2054     | 1.1620     | 2.2900     | 0.7137     | 0.0397     | 0.8504       | 0.5304       |             | 1.8318   | 1.381  
13     | 3.9697     | 1.1070     | 2.1756     | 0.6371     | 0.0500     | 0.5395       | 0.5028       |             | 1.8100   | 1.042  
14     | 3.7694     | 1.0285     | 2.0882     | 0.6076     | 0.0452     | 0.6785       | 0.3448       |             | 1.7896   | 1.023  
15     | 3.5817     | 0.9641     | 1.9895     | 0.5678     | 0.0604     | 0.4441       | 0.4553       |             | 1.8099   | 0.899  
16     | 3.3373     | 0.9449     | 1.8640     | 0.4790     | 0.0495     | 0.3439       | 0.4318       |             | 1.7392   | 0.776  
17     | 3.1424     | 0.8803     | 1.7425     | 0.4754     | 0.0442     | 0.5203       | 0.3422       |             | 1.8176   | 0.862  
18     | 2.9825     | 0.8453     | 1.6338     | 0.4551     | 0.0483     | 0.5697       | 0.2525       |             | 1.8257   | 0.822  
19     | 2.8465     | 0.8332     | 1.5492     | 0.4349     | 0.0292     | 0.4873       | 0.2891       |             | 1.8255   | 0.776  
20     | 2.6915     | 0.7686     | 1.4446     | 0.4278     | 0.0506     | 0.3775       | 0.2826       |             | 1.7584   | 0.660  
21     | 2.5441     | 0.7340     | 1.3577     | 0.4083     | 0.0441     | 0.2857       | 0.3175       |             | 1.7406   | 0.603  
22     | 2.4109     | 0.7326     | 1.2589     | 0.3806     | 0.0389     | 0.2073       | 0.3448       |             | 1.7180   | 0.552  
23     | 2.3332     | 0.7251     | 1.2099     | 0.3604     | 0.0377     | 0.2138       | 0.4193       |             | 1.7205   | 0.633  
24     | 2.2988     | 0.7030     | 1.1841     | 0.3618     | 0.0499     | 0.2845       | 0.3465       |             | 1.7627   | 0.631  
25     | 2.1675     | 0.6731     | 1.1054     | 0.3559     | 0.0331     | 0.2355       | 0.2309       |             | 1.7908   | 0.466  
26     | 2.0759     | 0.6499     | 1.0576     | 0.3314     | 0.0370     | 0.2759       | 0.2193       |             | 1.7816   | 0.495  
27     | 1.9770     | 0.6468     | 0.9773     | 0.3196     | 0.0333     | 0.1707       | 0.3105       |             | 1.7537   | 0.481  
28     | 1.9388     | 0.6151     | 0.9433     | 0.3353     | 0.0450     | 0.1248       | 0.3345       |             | 1.7240   | 0.459  
29     | 1.9375     | 0.6346     | 0.9420     | 0.3343     | 0.0266     | 0.1983       | 0.2474       |             | 1.7988   | 0.446  
30     | 1.7962     | 0.5642     | 0.8886     | 0.3062     | 0.0372     | 0.1066       | 0.4175       |             | 1.7578   | 0.524  
31     | 1.9222     | 0.6364     | 0.9145     | 0.3195     | 0.0518     | 0.1746       | 0.3317       |             | 1.7839   | 0.506  
32     | 1.8080     | 0.5983     | 0.8597     | 0.3064     | 0.0435     | 0.2262       | 0.2414       |             | 1.7923   | 0.468  
33     | 1.7823     | 0.5720     | 0.8651     | 0.3084     | 0.0369     | 0.2191       | 0.2062       |             | 1.8163   | 0.425  
34     | 1.6785     | 0.5459     | 0.8100     | 0.2850     | 0.0376     | 0.1661       | 0.2057       |             | 1.7853   | 0.372  
35     | 1.6111     | 0.5237     | 0.7701     | 0.2835     | 0.0339     | 0.1393       | 0.2166       |             | 1.8126   | 0.356  
36     | 1.7016     | 0.5852     | 0.7979     | 0.2850     | 0.0335     | 0.1278       | 0.2538       |             | 1.6995   | 0.382  
37     | 1.5974     | 0.5328     | 0.7577     | 0.2678     | 0.0391     | 0.1276       | 0.2709       |             | 1.7873   | 0.399  
38     | 1.6034     | 0.5308     | 0.7768     | 0.2658     | 0.0300     | 0.1281       | 0.2545       |             | 1.7271   | 0.383  
39     | 1.5656     | 0.5113     | 0.7479     | 0.2671     | 0.0393     | 0.1828       | 0.1814       |             | 1.7119   | 0.364  
40     | 1.4882     | 0.4905     | 0.7229     | 0.2456     | 0.0292     | 0.1778       | 0.1677       |             | 1.7763   | 0.346  
41     | 1.4801     | 0.4852     | 0.7088     | 0.2406     | 0.0456     | 0.2503       | 0.1462       |             | 1.8249   | 0.396  
42     | 1.4823     | 0.5200     | 0.6726     | 0.2508     | 0.0390     | 0.1132       | 0.2183       |             | 1.6859   | 0.332  
43     | 1.4174     | 0.4834     | 0.6616     | 0.2427     | 0.0297     | 0.1658       | 0.1435       |             | 1.8384   | 0.309  
44     | 1.4416     | 0.4809     | 0.6593     | 0.2580     | 0.0434     | 0.1108       | 0.2193       |             | 1.7175   | 0.330  
45     | 1.4615     | 0.4939     | 0.6760     | 0.2521     | 0.0395     | 0.1085       | 0.2334       |             | 1.6872   | 0.342  
46     | 1.4476     | 0.4738     | 0.6628     | 0.2612     | 0.0498     | 0.0828       | 0.3336       |             | 1.6301   | 0.416  
47     | 1.3282     | 0.4579     | 0.6028     | 0.2320     | 0.0355     | 0.1415       | 0.1334       |             | 1.7636   | 0.275  
48     | 1.3691     | 0.4652     | 0.6265     | 0.2460     | 0.0314     | 0.1860       | 0.1482       |             | 1.7916   | 0.334  
49     | 1.3582     | 0.4544     | 0.6319     | 0.2339     | 0.0380     | 0.1579       | 0.2191       |             | 1.6508   | 0.377  
50     | 1.4534     | 0.4950     | 0.6609     | 0.2426     | 0.0550     | 0.1181       | 0.1629       |             | 1.6829   | 0.281  
51     | 1.3763     | 0.4686     | 0.6400     | 0.2396     | 0.0282     | 0.1212       | 0.1828       |             | 1.6555   | 0.304  
52     | 1.3092     | 0.4360     | 0.6062     | 0.2310     | 0.0360     | 0.1136       | 0.2185       |             | 1.7177   | 0.332  
53     | 1.2992     | 0.4259     | 0.6322     | 0.2035     | 0.0377     | 0.1272       | 0.1631       |             | 1.7625   | 0.290  
54     | 1.3897     | 0.4460     | 0.6707     | 0.2300     | 0.0430     | 0.1399       | 0.1305       |             | 1.7216   | 0.270  
55     | 1.3719     | 0.4504     | 0.6369     | 0.2482     | 0.0364     | 0.1220       | 0.1539       |             | 1.7040   | 0.276  
56     | 1.2561     | 0.3934     | 0.6121     | 0.2166     | 0.0339     | 0.1789       | 0.1338       |             | 1.8110   | 0.313  
57     | 1.5394     | 0.4891     | 0.7563     | 0.2559     | 0.0381     | 0.0944       | 0.2496       |             | 1.7211   | 0.344  
58     | 1.5257     | 0.4704     | 0.7405     | 0.2393     | 0.0755     | 0.2567       | 0.1517       |             | 1.7303   | 0.408  
59     | 1.4653     | 0.4629     | 0.7217     | 0.2356     | 0.0452     | 0.1502       | 0.1521       |             | 1.6702   | 0.302  
60     | 1.4627     | 0.4587     | 0.7173     | 0.2511     | 0.0356     | 0.1433       | 0.1486       |             | 1.6846   | 0.292  
61     | 1.5304     | 0.4742     | 0.7566     | 0.2590     | 0.0406     | 0.2835       | 0.0898       |             | 1.7266   | 0.373  
62     | 1.4000     | 0.4422     | 0.6898     | 0.2342     | 0.0337     | 0.1079       | 0.1882       |             | 1.7234   | 0.296  
63     | 1.4921     | 0.4492     | 0.7250     | 0.2593     | 0.0585     | 0.0978       | 0.2736       |             | 1.6142   | 0.371  
64     | 1.4894     | 0.4563     | 0.7365     | 0.2556     | 0.0411     | 0.0911       | 0.2071       |             | 1.6090   | 0.298  
65     | 1.4940     | 0.4712     | 0.7072     | 0.2710     | 0.0445     | 0.1248       | 0.1694       |             | 1.6887   | 0.294  
66     | 1.3544     | 0.4163     | 0.6566     | 0.2362     | 0.0453     | 0.0920       | 0.1914       |             | 1.7471   | 0.283  
67     | 1.3845     | 0.4171     | 0.6851     | 0.2526     | 0.0298     | 0.1230       | 0.1643       |             | 1.6888   | 0.287  
68     | 1.4124     | 0.4448     | 0.6720     | 0.2514     | 0.0442     | 0.1185       | 0.1608       |             | 1.6842   | 0.279  
69     | 1.4758     | 0.4386     | 0.7254     | 0.2622     | 0.0497     | 0.1215       | 0.1585       |             | 1.6962   | 0.280  
70     | 1.4900     | 0.4688     | 0.7267     | 0.2513     | 0.0432     | 0.1295       | 0.1673       |             | 1.6933   | 0.297  
71     | 1.4235     | 0.4282     | 0.7121     | 0.2437     | 0.0395     | 0.1034       | 0.1530       |             | 1.7089   | 0.256  
72     | 1.3728     | 0.4331     | 0.6696     | 0.2357     | 0.0343     | 0.1010       | 0.1564       |             | 1.8046   | 0.257  
73     | 1.4809     | 0.4307     | 0.7337     | 0.2682     | 0.0483     | 0.1656       | 0.1313       |             | 1.7077   | 0.297  
74     | 1.5231     | 0.4529     | 0.7583     | 0.2643     | 0.0477     | 0.0930       | 0.1482       |             | 1.6717   | 0.241  
75     | 1.4719     | 0.4354     | 0.7389     | 0.2618     | 0.0358     | 0.1726       | 0.1230       |             | 1.7146   | 0.296  
76     | 1.4666     | 0.4222     | 0.7254     | 0.2696     | 0.0494     | 0.1675       | 0.1644       |             | 1.6370   | 0.332  
77     | 1.5471     | 0.4493     | 0.7758     | 0.2678     | 0.0542     | 0.0844       | 0.2382       |             | 1.6507   | 0.323  
78     | 1.5756     | 0.4584     | 0.7888     | 0.2761     | 0.0524     | 0.1103       | 0.1943       |             | 1.6136   | 0.305  
79     | 1.7485     | 0.4529     | 0.9044     | 0.3219     | 0.0694     | 0.1031       | 0.2221       |             | 1.6505   | 0.325  
80     | 1.7711     | 0.4840     | 0.9124     | 0.3030     | 0.0717     | 0.1198       | 0.1265       |             | 1.7015   | 0.246  
81     | 1.7131     | 0.4455     | 0.8928     | 0.3086     | 0.0662     | 0.0951       | 0.1883       |             | 1.7442   | 0.283  
82     | 1.7835     | 0.4543     | 0.9375     | 0.3149     | 0.0768     | 0.1685       | 0.1299       |             | 1.7906   | 0.298  
83     | 1.7502     | 0.4531     | 0.9082     | 0.3034     | 0.0854     | 0.1102       | 0.1994       |             | 1.7589   | 0.310  
84     | 1.7580     | 0.4831     | 0.9185     | 0.2961     | 0.0603     | 0.0981       | 0.1664       |             | 1.6277   | 0.264  
85     | 1.7828     | 0.4643     | 0.9378     | 0.3131     | 0.0676     | 0.0573       | 0.2046       |             | 1.6847   | 0.262  
86     | 1.8119     | 0.4410     | 0.9558     | 0.3437     | 0.0713     | 0.0697       | 0.2081       |             | 1.7769   | 0.278  
87     | 2.0525     | 0.4832     | 1.1174     | 0.3727     | 0.0792     | 0.0698       | 0.2358       |             | 1.5901   | 0.306  
88     | 2.1296     | 0.5432     | 1.1658     | 0.3461     | 0.0745     | 0.1033       | 0.2037       |             | 1.6254   | 0.307  
89     | 2.2612     | 0.5634     | 1.2665     | 0.3577     | 0.0736     | 0.1329       | 0.1930       |             | 1.7249   | 0.326  
90     | 2.1423     | 0.5105     | 1.2007     | 0.3569     | 0.0742     | 0.0815       | 0.2441       |             | 1.7325   | 0.326  
91     | 2.0564     | 0.4931     | 1.1468     | 0.3421     | 0.0745     | 0.0931       | 0.1577       |             | 1.7049   | 0.251  
92     | 1.9166     | 0.4770     | 1.0585     | 0.3254     | 0.0557     | 0.0842       | 0.2009       |             | 1.6887   | 0.285  
93     | 2.0662     | 0.5047     | 1.1406     | 0.3590     | 0.0620     | 0.0762       | 0.3273       |             | 1.5208   | 0.403  
94     | 2.0720     | 0.4671     | 1.1957     | 0.3481     | 0.0611     | 0.0847       | 0.2351       |             | 1.6572   | 0.320  
95     | 2.1257     | 0.4714     | 1.2159     | 0.3769     | 0.0616     | 0.0862       | 0.2324       |             | 1.5588   | 0.319  
96     | 2.1465     | 0.5049     | 1.2217     | 0.3607     | 0.0592     | 0.1005       | 0.2567       |             | 1.4662   | 0.357  
97     | 2.2027     | 0.4850     | 1.2799     | 0.3630     | 0.0748     | 0.0950       | 0.1920       |             | 1.5504   | 0.287  
98     | 2.1247     | 0.4528     | 1.2402     | 0.3701     | 0.0616     | 0.1055       | 0.2056       |             | 1.5558   | 0.311  
99     | 2.2498     | 0.4764     | 1.3289     | 0.3757     | 0.0689     | 0.1276       | 0.1906       |             | 1.5763   | 0.318  
100    | 2.4263     | 0.5190     | 1.4123     | 0.4099     | 0.0851     | 0.1365       | 0.2464       |             | 1.5290   | 0.383  
101    | 2.3690     | 0.5553     | 1.3395     | 0.3921     | 0.0821     | 0.0875       | 0.2000       | (saved)     | 1.4756   | 0.287  
102    | 2.2544     | 0.4929     | 1.3097     | 0.3724     | 0.0794     | 0.0873       | 0.2112       |             | 1.4821   | 0.298  
103    | 2.2923     | 0.4753     | 1.3284     | 0.4144     | 0.0742     | 0.0693       | 0.2865       |             | 1.3586   | 0.356  
104    | 2.3464     | 0.4610     | 1.4175     | 0.4042     | 0.0637     | 0.0608       | 0.2650       |             | 1.3932   | 0.326  
105    | 2.3477     | 0.4931     | 1.3926     | 0.3966     | 0.0654     | 0.0738       | 0.2586       |             | 1.3246   | 0.332  
106    | 2.2801     | 0.4798     | 1.3545     | 0.3755     | 0.0703     | 0.0596       | 0.2732       |             | 1.2469   | 0.333  
107    | 2.4457     | 0.4674     | 1.4780     | 0.4149     | 0.0855     | 0.0689       | 0.2403       |             | 1.2644   | 0.309  
108    | 2.4078     | 0.5283     | 1.4190     | 0.4014     | 0.0590     | 0.0619       | 0.2461       |             | 1.1920   | 0.308  
109    | 2.3433     | 0.4867     | 1.4193     | 0.3857     | 0.0516     | 0.1126       | 0.1730       | (saved)     | 1.3467   | 0.286  
110    | 2.5174     | 0.4863     | 1.5442     | 0.4240     | 0.0629     | 0.0639       | 0.2410       |             | 1.2709   | 0.305  
111    | 2.4445     | 0.4584     | 1.5163     | 0.4133     | 0.0565     | 0.0758       | 0.2316       |             | 1.1699   | 0.307  
112    | 2.3297     | 0.4295     | 1.4628     | 0.3810     | 0.0563     | 0.0812       | 0.2419       |             | 1.3173   | 0.323  
113    | 2.3660     | 0.4729     | 1.4363     | 0.3895     | 0.0674     | 0.0591       | 0.2523       |             | 1.3584   | 0.311  
114    | 2.3646     | 0.4733     | 1.4485     | 0.3901     | 0.0528     | 0.0692       | 0.2504       |             | 1.2741   | 0.320  
115    | 2.3131     | 0.4294     | 1.4353     | 0.3882     | 0.0602     | 0.0975       | 0.2136       |             | 1.2990   | 0.311  
116    | 2.2797     | 0.4586     | 1.3958     | 0.3731     | 0.0522     | 0.0706       | 0.2432       |             | 1.3170   | 0.314  
117    | 2.1278     | 0.4356     | 1.2910     | 0.3439     | 0.0573     | 0.0822       | 0.2268       |             | 1.2259   | 0.309  
118    | 2.2351     | 0.4413     | 1.3798     | 0.3671     | 0.0469     | 0.1024       | 0.1886       |             | 1.3643   | 0.291  
119    | 2.3973     | 0.4519     | 1.4988     | 0.3869     | 0.0598     | 0.0638       | 0.2493       |             | 1.2631   | 0.313  
120    | 2.3185     | 0.4552     | 1.4286     | 0.3707     | 0.0640     | 0.0709       | 0.2261       |             | 1.3228   | 0.297  
121    | 2.3875     | 0.4926     | 1.4618     | 0.3740     | 0.0591     | 0.0691       | 0.2363       |             | 1.1166   | 0.305  
122    | 2.3602     | 0.4013     | 1.5171     | 0.3886     | 0.0532     | 0.0642       | 0.2369       |             | 1.2368   | 0.301  
123    | 2.3221     | 0.4206     | 1.4846     | 0.3668     | 0.0502     | 0.0565       | 0.2793       |             | 1.1863   | 0.336  
124    | 2.3718     | 0.4282     | 1.5320     | 0.3625     | 0.0492     | 0.0886       | 0.1890       | (saved)     | 1.1428   | 0.278  
125    | 2.2588     | 0.4564     | 1.4033     | 0.3293     | 0.0698     | 0.0650       | 0.2137       |             | 1.1680   | 0.279  
126    | 2.2671     | 0.4368     | 1.4234     | 0.3580     | 0.0490     | 0.0476       | 0.1964       | (saved)     | 1.2196   | 0.244  
127    | 2.2309     | 0.4226     | 1.4024     | 0.3605     | 0.0454     | 0.0600       | 0.2120       |             | 1.2746   | 0.272  
128    | 2.2905     | 0.4107     | 1.4629     | 0.3681     | 0.0488     | 0.0626       | 0.2129       |             | 1.2594   | 0.275  
129    | 2.2386     | 0.4166     | 1.4088     | 0.3599     | 0.0532     | 0.0609       | 0.2272       |             | 1.2286   | 0.288  
130    | 2.2511     | 0.4310     | 1.4074     | 0.3568     | 0.0559     | 0.0583       | 0.1977       |             | 1.1850   | 0.256  
131    | 2.2445     | 0.3904     | 1.4487     | 0.3550     | 0.0504     | 0.0451       | 0.1930       | (saved)     | 1.1854   | 0.238  
132    | 2.2202     | 0.4101     | 1.4124     | 0.3534     | 0.0444     | 0.0567       | 0.1661       | (saved)     | 1.1990   | 0.223  
133    | 2.2997     | 0.4175     | 1.4900     | 0.3425     | 0.0497     | 0.0595       | 0.1889       |             | 1.1554   | 0.248  
134    | 2.2995     | 0.4119     | 1.4867     | 0.3517     | 0.0493     | 0.0556       | 0.1783       |             | 1.1528   | 0.234  
135    | 2.3220     | 0.4317     | 1.4748     | 0.3630     | 0.0525     | 0.0615       | 0.1644       |             | 1.1370   | 0.226  
136    | 2.1264     | 0.3737     | 1.3700     | 0.3318     | 0.0509     | 0.0605       | 0.1762       |             | 1.1767   | 0.237  
137    | 2.1562     | 0.3746     | 1.3993     | 0.3351     | 0.0471     | 0.0738       | 0.1512       |             | 1.1172   | 0.225  
138    | 2.1493     | 0.4409     | 1.3575     | 0.2992     | 0.0517     | 0.0751       | 0.1357       | (saved)     | 1.1440   | 0.211  
139    | 2.0563     | 0.3607     | 1.3425     | 0.3119     | 0.0413     | 0.0754       | 0.1626       |             | 1.1300   | 0.238  
140    | 2.0690     | 0.3576     | 1.3478     | 0.3140     | 0.0497     | 0.0548       | 0.1716       |             | 1.1026   | 0.226  
141    | 2.1903     | 0.3638     | 1.4384     | 0.3295     | 0.0586     | 0.0595       | 0.1773       |             | 1.1438   | 0.237  
142    | 2.2986     | 0.4140     | 1.5020     | 0.3312     | 0.0514     | 0.0639       | 0.1741       |             | 1.1331   | 0.238  
143    | 2.4230     | 0.4122     | 1.6165     | 0.3544     | 0.0399     | 0.0470       | 0.1907       |             | 1.1065   | 0.238  
144    | 2.4595     | 0.4198     | 1.6319     | 0.3555     | 0.0524     | 0.0542       | 0.1610       |             | 1.1081   | 0.215  
145    | 2.3713     | 0.3646     | 1.5973     | 0.3589     | 0.0504     | 0.0732       | 0.1805       |             | 1.1483   | 0.254  
146    | 2.4769     | 0.3908     | 1.6840     | 0.3544     | 0.0477     | 0.0542       | 0.1738       |             | 1.1722   | 0.228  
147    | 2.3772     | 0.3498     | 1.6161     | 0.3593     | 0.0519     | 0.0769       | 0.1514       |             | 1.1555   | 0.228  
148    | 2.5177     | 0.4069     | 1.7156     | 0.3531     | 0.0422     | 0.0460       | 0.2251       |             | 1.0868   | 0.271  
149    | 2.7122     | 0.3934     | 1.8952     | 0.3705     | 0.0531     | 0.0619       | 0.1988       |             | 1.1025   | 0.261  
150    | 2.5263     | 0.4026     | 1.7102     | 0.3493     | 0.0642     | 0.0570       | 0.1770       |             | 1.1114   | 0.234  
151    | 2.4510     | 0.4088     | 1.6391     | 0.3459     | 0.0571     | 0.0570       | 0.2005       |             | 1.0308   | 0.257  
152    | 2.4655     | 0.3846     | 1.6678     | 0.3579     | 0.0552     | 0.0565       | 0.1839       |             | 1.0226   | 0.240  
153    | 2.5330     | 0.4170     | 1.7257     | 0.3418     | 0.0486     | 0.0520       | 0.1746       |             | 1.0314   | 0.227  
154    | 2.5175     | 0.3941     | 1.7059     | 0.3573     | 0.0602     | 0.0675       | 0.1696       |             | 1.0559   | 0.237  
155    | 2.4578     | 0.4103     | 1.6449     | 0.3540     | 0.0486     | 0.0831       | 0.1640       |             | 1.1035   | 0.247  
156    | 2.4733     | 0.4352     | 1.6698     | 0.3307     | 0.0377     | 0.0598       | 0.1656       |             | 1.1754   | 0.225  
157    | 2.4831     | 0.3922     | 1.7226     | 0.3289     | 0.0394     | 0.0803       | 0.1672       |             | 1.0755   | 0.248  
158    | 2.4854     | 0.4113     | 1.7008     | 0.3289     | 0.0445     | 0.0602       | 0.1565       |             | 1.1435   | 0.217  
159    | 2.4177     | 0.3902     | 1.6669     | 0.3219     | 0.0386     | 0.0640       | 0.1710       |             | 1.1296   | 0.235  
160    | 2.4840     | 0.3935     | 1.7253     | 0.3277     | 0.0375     | 0.0614       | 0.2137       |             | 1.1225   | 0.275  
161    | 2.4695     | 0.3553     | 1.7369     | 0.3319     | 0.0454     | 0.0626       | 0.1845       |             | 1.1273   | 0.247  
162    | 2.4677     | 0.3916     | 1.7064     | 0.3330     | 0.0368     | 0.0560       | 0.1733       |             | 1.1211   | 0.229  
163    | 2.4563     | 0.4009     | 1.6898     | 0.3092     | 0.0564     | 0.0520       | 0.1681       |             | 1.1220   | 0.220  
164    | 2.4424     | 0.3756     | 1.6976     | 0.3196     | 0.0497     | 0.0603       | 0.1385       | (saved)     | 1.1247   | 0.199  
165    | 2.4283     | 0.4099     | 1.6611     | 0.3126     | 0.0448     | 0.0551       | 0.1645       |             | 1.1249   | 0.220  
166    | 2.4263     | 0.3841     | 1.6819     | 0.3149     | 0.0454     | 0.0848       | 0.1606       |             | 1.0995   | 0.245  
167    | 2.3975     | 0.3654     | 1.6771     | 0.3045     | 0.0505     | 0.0795       | 0.1593       |             | 1.0771   | 0.239  
168    | 2.4101     | 0.4012     | 1.6443     | 0.3186     | 0.0459     | 0.0734       | 0.1553       |             | 1.1600   | 0.229  
169    | 2.5142     | 0.3841     | 1.7431     | 0.3325     | 0.0545     | 0.0763       | 0.1695       |             | 1.0563   | 0.246  
170    | 2.4336     | 0.3609     | 1.7075     | 0.3234     | 0.0418     | 0.0788       | 0.1800       |             | 1.1371   | 0.259  
171    | 2.4404     | 0.3728     | 1.6892     | 0.3217     | 0.0567     | 0.0633       | 0.1672       |             | 1.1464   | 0.231  
172    | 2.3756     | 0.3751     | 1.6395     | 0.3137     | 0.0475     | 0.0815       | 0.1181       |             | 1.1761   | 0.200  
173    | 2.3484     | 0.3734     | 1.6317     | 0.3048     | 0.0385     | 0.0827       | 0.1391       |             | 1.1603   | 0.222  
174    | 2.3705     | 0.3666     | 1.6549     | 0.3084     | 0.0406     | 0.0805       | 0.1391       |             | 1.2737   | 0.220  
175    | 2.3270     | 0.3512     | 1.6205     | 0.3078     | 0.0476     | 0.0866       | 0.1231       |             | 1.2418   | 0.210  
176    | 2.3211     | 0.3538     | 1.6359     | 0.2905     | 0.0409     | 0.0806       | 0.1142       | (saved)     | 1.2298   | 0.195  
177    | 2.4002     | 0.3730     | 1.6853     | 0.2968     | 0.0451     | 0.0692       | 0.1455       |             | 1.1966   | 0.215  
178    | 2.3662     | 0.3466     | 1.6572     | 0.3103     | 0.0521     | 0.0834       | 0.1389       |             | 1.2241   | 0.222  
179    | 2.3332     | 0.3657     | 1.6262     | 0.2932     | 0.0482     | 0.0763       | 0.1291       |             | 1.2242   | 0.205  
180    | 2.3629     | 0.3678     | 1.6604     | 0.2966     | 0.0381     | 0.0713       | 0.1522       |             | 1.2504   | 0.223  
181    | 2.3385     | 0.3504     | 1.6599     | 0.2899     | 0.0383     | 0.0622       | 0.1488       |             | 1.1851   | 0.211  
182    | 2.3652     | 0.3523     | 1.6675     | 0.3019     | 0.0435     | 0.0755       | 0.1648       |             | 1.2030   | 0.240  
183    | 2.3543     | 0.3924     | 1.6183     | 0.2987     | 0.0449     | 0.0815       | 0.1486       |             | 1.2236   | 0.230  
184    | 2.3885     | 0.3630     | 1.6806     | 0.3066     | 0.0382     | 0.0825       | 0.1651       |             | 1.2191   | 0.248  
185    | 2.4670     | 0.3756     | 1.7325     | 0.3095     | 0.0494     | 0.0853       | 0.1538       |             | 1.1837   | 0.239  
186    | 2.4344     | 0.3719     | 1.7094     | 0.3049     | 0.0482     | 0.0552       | 0.1308       | (saved)     | 1.1752   | 0.186  
187    | 2.3512     | 0.3678     | 1.6785     | 0.2758     | 0.0290     | 0.0662       | 0.1562       |             | 1.1922   | 0.222  
188    | 2.3598     | 0.3659     | 1.6527     | 0.2969     | 0.0442     | 0.0533       | 0.1349       |             | 1.1566   | 0.188  
189    | 2.3641     | 0.3754     | 1.6578     | 0.2875     | 0.0434     | 0.0627       | 0.1772       |             | 1.1781   | 0.240  
190    | 2.4148     | 0.3922     | 1.6857     | 0.3003     | 0.0367     | 0.0703       | 0.1772       |             | 1.2415   | 0.248  
191    | 2.3684     | 0.3335     | 1.7082     | 0.2908     | 0.0359     | 0.0786       | 0.1504       |             | 1.2584   | 0.229  
192    | 2.2916     | 0.3423     | 1.6204     | 0.2895     | 0.0395     | 0.0930       | 0.1472       |             | 1.2464   | 0.240  
193    | 2.3942     | 0.3728     | 1.6699     | 0.3064     | 0.0451     | 0.0861       | 0.1569       |             | 1.2122   | 0.243  
194    | 2.2898     | 0.3800     | 1.5976     | 0.2775     | 0.0348     | 0.0754       | 0.1360       |             | 1.2537   | 0.211  
195    | 2.3084     | 0.3194     | 1.6463     | 0.2944     | 0.0483     | 0.0763       | 0.1167       |             | 1.2255   | 0.193  
196    | 2.3241     | 0.3551     | 1.6466     | 0.2849     | 0.0375     | 0.0809       | 0.1166       |             | 1.1802   | 0.198  
197    | 2.3901     | 0.3512     | 1.6996     | 0.2953     | 0.0440     | 0.0815       | 0.1437       |             | 1.2266   | 0.225  
198    | 2.4424     | 0.3641     | 1.7461     | 0.2954     | 0.0368     | 0.0739       | 0.1236       |             | 1.1988   | 0.198  
199    | 2.3621     | 0.3819     | 1.6566     | 0.2868     | 0.0368     | 0.0673       | 0.1249       |             | 1.1497   | 0.192  
200    | 2.3338     | 0.3596     | 1.6603     | 0.2852     | 0.0287     | 0.0628       | 0.1199       | (saved)     | 1.1892   | 0.183  
201    | 2.2508     | 0.3519     | 1.5876     | 0.2737     | 0.0377     | 0.0566       | 0.1367       |             | 1.1914   | 0.193  
202    | 2.1842     | 0.3119     | 1.5668     | 0.2712     | 0.0343     | 0.0538       | 0.1194       | (saved)     | 1.1757   | 0.173  
203    | 2.2100     | 0.3340     | 1.5674     | 0.2685     | 0.0401     | 0.0509       | 0.1417       |             | 1.2113   | 0.193  
204    | 2.2228     | 0.3183     | 1.6040     | 0.2605     | 0.0400     | 0.0645       | 0.1104       |             | 1.1512   | 0.175  
205    | 2.1944     | 0.3371     | 1.5273     | 0.2807     | 0.0493     | 0.0579       | 0.0937       | (saved)     | 1.1642   | 0.152  
206    | 2.1878     | 0.3383     | 1.5427     | 0.2654     | 0.0414     | 0.0529       | 0.1214       |             | 1.2180   | 0.174  
207    | 2.1398     | 0.3120     | 1.5193     | 0.2645     | 0.0439     | 0.0738       | 0.1113       |             | 1.1410   | 0.185  
208    | 2.2416     | 0.3553     | 1.5688     | 0.2820     | 0.0355     | 0.0500       | 0.1422       |             | 1.1905   | 0.192  
209    | 2.2251     | 0.3510     | 1.5698     | 0.2713     | 0.0330     | 0.0580       | 0.1626       |             | 1.1505   | 0.221  
210    | 2.2384     | 0.3659     | 1.5557     | 0.2805     | 0.0363     | 0.0947       | 0.1245       |             | 1.1404   | 0.219  
211    | 2.2037     | 0.3336     | 1.5498     | 0.2768     | 0.0435     | 0.0726       | 0.1385       |             | 1.1540   | 0.211  
212    | 2.1949     | 0.2949     | 1.5899     | 0.2649     | 0.0452     | 0.0649       | 0.1416       |             | 1.1590   | 0.206  
213    | 2.2658     | 0.3583     | 1.5914     | 0.2669     | 0.0491     | 0.0494       | 0.1516       |             | 1.1867   | 0.201  
214    | 2.2698     | 0.3274     | 1.6233     | 0.2804     | 0.0389     | 0.0469       | 0.1430       |             | 1.1917   | 0.190  
215    | 2.2268     | 0.3139     | 1.5932     | 0.2766     | 0.0431     | 0.0547       | 0.1293       |             | 1.1580   | 0.184  
216    | 2.3094     | 0.3599     | 1.6223     | 0.2785     | 0.0486     | 0.0524       | 0.1357       |             | 1.1706   | 0.188  
217    | 2.2321     | 0.3271     | 1.5920     | 0.2710     | 0.0420     | 0.0564       | 0.1202       |             | 1.1815   | 0.177  
218    | 2.2495     | 0.3389     | 1.5943     | 0.2705     | 0.0458     | 0.0515       | 0.1396       |             | 1.1662   | 0.191  
219    | 2.2749     | 0.3285     | 1.6156     | 0.2829     | 0.0479     | 0.0481       | 0.1259       |             | 1.1099   | 0.174  
220    | 2.3500     | 0.3778     | 1.6407     | 0.2812     | 0.0502     | 0.0553       | 0.1363       |             | 1.1812   | 0.192  
221    | 2.2415     | 0.3188     | 1.6056     | 0.2738     | 0.0433     | 0.0635       | 0.1089       |             | 1.1366   | 0.172  
222    | 2.3219     | 0.3213     | 1.6822     | 0.2745     | 0.0438     | 0.0487       | 0.1418       |             | 1.1332   | 0.191  
223    | 2.2819     | 0.3483     | 1.6326     | 0.2630     | 0.0380     | 0.0538       | 0.1252       |             | 1.1618   | 0.179  
224    | 2.2068     | 0.3173     | 1.5895     | 0.2506     | 0.0494     | 0.0642       | 0.1088       |             | 1.1256   | 0.173  
225    | 2.1288     | 0.2928     | 1.5571     | 0.2406     | 0.0383     | 0.0631       | 0.1101       |             | 1.0553   | 0.173  
226    | 2.1537     | 0.3102     | 1.5485     | 0.2565     | 0.0385     | 0.0627       | 0.1120       |             | 1.1401   | 0.175  
227    | 2.2196     | 0.3316     | 1.5648     | 0.2544     | 0.0688     | 0.0477       | 0.1174       |             | 1.0843   | 0.165  
228    | 2.2330     | 0.2988     | 1.6207     | 0.2695     | 0.0439     | 0.0759       | 0.1182       |             | 1.1421   | 0.194  
229    | 2.2326     | 0.3515     | 1.5784     | 0.2547     | 0.0480     | 0.0596       | 0.1019       |             | 1.1974   | 0.162  
230    | 2.2213     | 0.3207     | 1.6023     | 0.2658     | 0.0324     | 0.0780       | 0.1074       |             | 1.1216   | 0.185  
231    | 2.2449     | 0.3392     | 1.5953     | 0.2691     | 0.0413     | 0.0741       | 0.1420       |             | 1.0996   | 0.216  
232    | 2.1758     | 0.3215     | 1.5726     | 0.2473     | 0.0344     | 0.0630       | 0.1365       |             | 1.1188   | 0.199  
233    | 2.3015     | 0.3125     | 1.6690     | 0.2788     | 0.0413     | 0.0572       | 0.1336       |             | 1.1173   | 0.191  
234    | 2.2608     | 0.3304     | 1.6090     | 0.2812     | 0.0402     | 0.0762       | 0.1268       |             | 1.0615   | 0.203  
235    | 2.2482     | 0.3084     | 1.6372     | 0.2661     | 0.0365     | 0.0659       | 0.1638       |             | 1.0439   | 0.230  
236    | 2.4002     | 0.3360     | 1.7517     | 0.2662     | 0.0463     | 0.0645       | 0.1622       |             | 1.1025   | 0.227  
237    | 2.3965     | 0.3418     | 1.7253     | 0.2704     | 0.0590     | 0.0590       | 0.1303       |             | 1.0676   | 0.189  
238    | 2.3685     | 0.2967     | 1.7585     | 0.2795     | 0.0337     | 0.0478       | 0.1197       |             | 1.0646   | 0.168  
239    | 2.4709     | 0.3457     | 1.7940     | 0.2813     | 0.0500     | 0.0422       | 0.1630       |             | 1.0827   | 0.205  
240    | 2.3533     | 0.3314     | 1.7030     | 0.2799     | 0.0389     | 0.0536       | 0.1297       |             | 1.0521   | 0.183  
241    | 2.2604     | 0.3150     | 1.6518     | 0.2540     | 0.0397     | 0.0552       | 0.1185       |             | 1.1001   | 0.174  
242    | 2.2667     | 0.3028     | 1.6711     | 0.2472     | 0.0457     | 0.0621       | 0.1187       |             | 1.0680   | 0.181  
243    | 2.2778     | 0.3424     | 1.6484     | 0.2501     | 0.0369     | 0.0489       | 0.1234       |             | 1.0842   | 0.172  
244    | 2.2693     | 0.3211     | 1.6639     | 0.2557     | 0.0287     | 0.0662       | 0.0977       |             | 1.0839   | 0.164  
245    | 2.3901     | 0.3656     | 1.7206     | 0.2628     | 0.0410     | 0.0631       | 0.1482       |             | 1.1018   | 0.211  
246    | 2.3352     | 0.3322     | 1.6952     | 0.2596     | 0.0482     | 0.0943       | 0.1136       |             | 1.0960   | 0.208  
247    | 2.4193     | 0.3513     | 1.7568     | 0.2666     | 0.0445     | 0.0585       | 0.1224       |             | 1.0733   | 0.181  
248    | 2.3642     | 0.3139     | 1.7362     | 0.2852     | 0.0290     | 0.0675       | 0.1254       |             | 1.0420   | 0.193  
249    | 2.3072     | 0.3429     | 1.6636     | 0.2604     | 0.0403     | 0.0645       | 0.1295       |             | 1.0271   | 0.194  
250    | 2.3892     | 0.3200     | 1.7466     | 0.2753     | 0.0474     | 0.0599       | 0.1094       |             | 1.0476   | 0.169  
251    | 2.3948     | 0.3200     | 1.7620     | 0.2782     | 0.0347     | 0.0741       | 0.1353       |             | 1.0103   | 0.209  
252    | 2.3181     | 0.3288     | 1.7035     | 0.2495     | 0.0362     | 0.0611       | 0.1238       |             | 1.0572   | 0.185  
253    | 2.3357     | 0.3519     | 1.6924     | 0.2543     | 0.0372     | 0.0477       | 0.1250       |             | 1.0603   | 0.173  
254    | 2.3155     | 0.3180     | 1.6950     | 0.2622     | 0.0403     | 0.0409       | 0.1302       |             | 1.0692   | 0.171  
255    | 2.2866     | 0.2997     | 1.6835     | 0.2628     | 0.0406     | 0.0433       | 0.1289       |             | 1.0616   | 0.172  
256    | 2.2113     | 0.2937     | 1.6203     | 0.2583     | 0.0390     | 0.0568       | 0.1167       |             | 1.0643   | 0.173  
257    | 2.2775     | 0.3355     | 1.6652     | 0.2405     | 0.0363     | 0.0475       | 0.1367       |             | 1.1416   | 0.184  
258    | 2.2167     | 0.2830     | 1.6443     | 0.2530     | 0.0365     | 0.0472       | 0.1096       |             | 1.1215   | 0.157  
259    | 2.2272     | 0.3062     | 1.6557     | 0.2372     | 0.0280     | 0.0483       | 0.1134       |             | 1.0598   | 0.162  
260    | 2.1526     | 0.2693     | 1.6071     | 0.2354     | 0.0407     | 0.0581       | 0.0925       | (saved)     | 1.0798   | 0.151  
261    | 2.1727     | 0.2851     | 1.6203     | 0.2298     | 0.0376     | 0.0495       | 0.0930       | (saved)     | 1.1022   | 0.142  
262    | 2.2752     | 0.2976     | 1.6709     | 0.2622     | 0.0444     | 0.0566       | 0.0861       |             | 1.0955   | 0.143  
263    | 2.2189     | 0.2700     | 1.6558     | 0.2566     | 0.0366     | 0.0623       | 0.1005       |             | 1.1174   | 0.163  
264    | 2.1713     | 0.2879     | 1.6119     | 0.2376     | 0.0338     | 0.0447       | 0.0987       |             | 1.1473   | 0.143  
265    | 2.2852     | 0.3619     | 1.6377     | 0.2475     | 0.0381     | 0.0623       | 0.0899       |             | 1.1336   | 0.152  
266    | 2.2180     | 0.2962     | 1.6304     | 0.2500     | 0.0414     | 0.0805       | 0.1069       |             | 1.0604   | 0.187  
267    | 2.2422     | 0.3322     | 1.6416     | 0.2291     | 0.0392     | 0.0735       | 0.1110       |             | 1.0591   | 0.184  
268    | 2.3038     | 0.3113     | 1.7123     | 0.2438     | 0.0364     | 0.0625       | 0.1160       |             | 1.0386   | 0.178  
269    | 2.2682     | 0.3209     | 1.6655     | 0.2446     | 0.0372     | 0.0813       | 0.1073       |             | 1.0105   | 0.189  
270    | 2.2967     | 0.2985     | 1.7017     | 0.2595     | 0.0370     | 0.0632       | 0.1113       |             | 1.0990   | 0.175  
271    | 2.2964     | 0.3117     | 1.6965     | 0.2499     | 0.0383     | 0.0609       | 0.1061       |             | 1.0813   | 0.167  
272    | 2.2321     | 0.2873     | 1.6567     | 0.2497     | 0.0383     | 0.0542       | 0.1019       |             | 1.0653   | 0.156  
273    | 2.2386     | 0.3114     | 1.6530     | 0.2390     | 0.0352     | 0.0451       | 0.1117       |             | 1.0227   | 0.157  
274    | 2.1614     | 0.3045     | 1.5837     | 0.2414     | 0.0319     | 0.0492       | 0.1156       |             | 1.0953   | 0.165  
275    | 2.1940     | 0.2995     | 1.6308     | 0.2301     | 0.0336     | 0.0663       | 0.1092       |             | 1.0640   | 0.175  
276    | 2.2142     | 0.2784     | 1.6464     | 0.2507     | 0.0386     | 0.0502       | 0.1162       |             | 1.0617   | 0.166  
277    | 2.2233     | 0.3060     | 1.6368     | 0.2508     | 0.0296     | 0.0519       | 0.1143       |             | 1.1023   | 0.166  
278    | 2.2727     | 0.3079     | 1.6696     | 0.2437     | 0.0515     | 0.0483       | 0.1042       |             | 1.0486   | 0.152  
279    | 2.2229     | 0.3119     | 1.6360     | 0.2412     | 0.0339     | 0.0489       | 0.1061       |             | 1.0141   | 0.155  
280    | 2.3003     | 0.3188     | 1.7043     | 0.2340     | 0.0433     | 0.0561       | 0.0879       |             | 1.0774   | 0.144  
281    | 2.1547     | 0.3036     | 1.5874     | 0.2331     | 0.0305     | 0.0566       | 0.0845       | (saved)     | 1.0816   | 0.141  
282    | 2.1476     | 0.3052     | 1.5594     | 0.2357     | 0.0473     | 0.0655       | 0.1141       |             | 1.0906   | 0.180  
283    | 2.1251     | 0.3293     | 1.5376     | 0.2323     | 0.0260     | 0.0505       | 0.0893       | (saved)     | 1.0406   | 0.140  
284    | 2.3129     | 0.2892     | 1.7442     | 0.2412     | 0.0384     | 0.0486       | 0.1236       |             | 0.9924   | 0.172  
285    | 2.2995     | 0.3074     | 1.7125     | 0.2440     | 0.0355     | 0.0684       | 0.1187       |             | 0.9742   | 0.187  
286    | 2.3434     | 0.3225     | 1.7406     | 0.2474     | 0.0329     | 0.0552       | 0.1275       |             | 1.0113   | 0.183  
287    | 2.4013     | 0.2860     | 1.8062     | 0.2610     | 0.0481     | 0.0559       | 0.1340       |             | 1.0357   | 0.190  
288    | 2.3812     | 0.3110     | 1.7576     | 0.2633     | 0.0493     | 0.0550       | 0.1275       |             | 1.0552   | 0.183  
289    | 2.3277     | 0.2932     | 1.7432     | 0.2436     | 0.0477     | 0.0614       | 0.1118       |             | 1.0042   | 0.173  
290    | 2.2658     | 0.3054     | 1.6756     | 0.2428     | 0.0419     | 0.0548       | 0.1159       |             | 1.0198   | 0.171  
291    | 2.2408     | 0.2952     | 1.6496     | 0.2564     | 0.0397     | 0.0631       | 0.1131       |             | 1.0833   | 0.176  
292    | 2.2967     | 0.3021     | 1.7243     | 0.2292     | 0.0410     | 0.0429       | 0.0963       | (saved)     | 1.0295   | 0.139  
293    | 2.2383     | 0.3115     | 1.6528     | 0.2388     | 0.0352     | 0.0559       | 0.0970       |             | 1.0307   | 0.153  
294    | 2.2924     | 0.2977     | 1.7201     | 0.2446     | 0.0300     | 0.0892       | 0.1083       |             | 1.0672   | 0.197  
295    | 2.3739     | 0.3167     | 1.7731     | 0.2531     | 0.0309     | 0.0657       | 0.1237       |             | 1.0286   | 0.189  
296    | 2.3807     | 0.3139     | 1.7692     | 0.2560     | 0.0415     | 0.0563       | 0.1279       |             | 1.0509   | 0.184  
297    | 2.4431     | 0.3595     | 1.7941     | 0.2508     | 0.0388     | 0.0596       | 0.1189       |             | 1.0222   | 0.178  
298    | 2.2352     | 0.2900     | 1.6832     | 0.2235     | 0.0385     | 0.0608       | 0.1031       |             | 1.0163   | 0.164  
299    | 2.2792     | 0.3000     | 1.7082     | 0.2292     | 0.0418     | 0.0728       | 0.1056       |             | 1.0670   | 0.178  
300    | 2.2355     | 0.2751     | 1.6950     | 0.2257     | 0.0397     | 0.1024       | 0.0940       |             | 1.0411   | 0.196  
Seed 42 | Src Acc: 97.8571 | Src MDE: 0.0326 | Tgt Acc: 35.0000 | Tgt MDE: 1.0295
cuda
Start Training Seed 6767...
Epoch  | Total Loss | l_sc       | l_dc       | l_tc       | l_ca       | val_l_sc     | val_l_dc     | Save        | Test MDE | Score  
---------------------------------------------------------------------------------------------------------------------------------------
1      | 13.7900    | 3.6809     | 2.8478     | 3.7191     | 3.5421     | 3.1646       | 3.7839       |             | 2.4873   | 6.949  
2      | 9.8234     | 2.9976     | 2.7632     | 3.5462     | 0.5165     | 2.5260       | 3.4607       |             | 2.3710   | 5.987  
3      | 8.5695     | 2.6146     | 2.7414     | 3.0069     | 0.2066     | 2.1965       | 2.7306       |             | 2.4243   | 4.927  
4      | 7.5487     | 2.4061     | 2.7222     | 2.2939     | 0.1264     | 1.8768       | 2.0063       |             | 2.5034   | 3.883  
5      | 6.8082     | 2.2355     | 2.7008     | 1.7677     | 0.1042     | 1.5614       | 1.4814       |             | 2.5714   | 3.043  
6      | 6.1620     | 1.9809     | 2.6712     | 1.4209     | 0.0889     | 1.3420       | 1.0812       |             | 2.5719   | 2.423  
7      | 5.6278     | 1.8032     | 2.6292     | 1.1200     | 0.0754     | 1.1278       | 0.7571       |             | 2.5594   | 1.885  
8      | 5.2160     | 1.5864     | 2.5742     | 0.9904     | 0.0650     | 0.9253       | 0.6764       |             | 2.5693   | 1.602  
9      | 4.8749     | 1.4165     | 2.5097     | 0.8917     | 0.0570     | 0.7211       | 0.6210       |             | 2.5336   | 1.342  
10     | 4.5636     | 1.2546     | 2.4363     | 0.8050     | 0.0676     | 0.6590       | 0.5026       |             | 2.5395   | 1.162  
11     | 4.3818     | 1.2088     | 2.3515     | 0.7548     | 0.0667     | 0.5633       | 0.4548       |             | 2.5253   | 1.018  
12     | 4.1281     | 1.1151     | 2.2589     | 0.6937     | 0.0604     | 0.5086       | 0.4306       |             | 2.5470   | 0.939  
13     | 3.8812     | 1.0359     | 2.1572     | 0.6331     | 0.0551     | 0.4657       | 0.3677       |             | 2.5268   | 0.833  
14     | 3.6643     | 0.9621     | 2.0362     | 0.6078     | 0.0583     | 0.4228       | 0.3558       |             | 2.5109   | 0.779  
15     | 3.5141     | 0.9411     | 1.9466     | 0.5786     | 0.0479     | 0.3553       | 0.3745       |             | 2.4761   | 0.730  
16     | 3.3678     | 0.8806     | 1.8751     | 0.5688     | 0.0434     | 0.3686       | 0.3089       |             | 2.4997   | 0.677  
17     | 3.1921     | 0.8532     | 1.7546     | 0.5354     | 0.0488     | 0.3123       | 0.3468       |             | 2.4733   | 0.659  
18     | 3.0136     | 0.8021     | 1.6562     | 0.5024     | 0.0528     | 0.3379       | 0.2415       |             | 2.5056   | 0.579  
19     | 2.8856     | 0.7811     | 1.5771     | 0.4845     | 0.0429     | 0.2854       | 0.2773       |             | 2.5298   | 0.563  
20     | 2.7789     | 0.7657     | 1.4943     | 0.4669     | 0.0520     | 0.2663       | 0.2463       |             | 2.4899   | 0.513  
21     | 2.6072     | 0.6974     | 1.4012     | 0.4578     | 0.0508     | 0.2631       | 0.2712       |             | 2.4796   | 0.534  
22     | 2.4263     | 0.6558     | 1.3088     | 0.4245     | 0.0372     | 0.2631       | 0.1918       |             | 2.4799   | 0.455  
23     | 2.4492     | 0.6957     | 1.2676     | 0.4244     | 0.0616     | 0.2559       | 0.2311       |             | 2.4736   | 0.487  
24     | 2.3438     | 0.6808     | 1.2030     | 0.4105     | 0.0494     | 0.2334       | 0.2048       |             | 2.4830   | 0.438  
25     | 2.2828     | 0.6606     | 1.1640     | 0.4106     | 0.0477     | 0.2480       | 0.1643       |             | 2.4821   | 0.412  
26     | 2.2228     | 0.6610     | 1.1085     | 0.4028     | 0.0505     | 0.2688       | 0.1544       |             | 2.4909   | 0.423  
27     | 2.1079     | 0.6472     | 1.0435     | 0.3733     | 0.0439     | 0.2602       | 0.1652       |             | 2.5056   | 0.425  
28     | 2.0604     | 0.6349     | 0.9958     | 0.3862     | 0.0435     | 0.2587       | 0.1571       |             | 2.5069   | 0.416  
29     | 2.0828     | 0.6263     | 1.0184     | 0.3867     | 0.0513     | 0.2243       | 0.2108       |             | 2.4749   | 0.435  
30     | 1.9754     | 0.6192     | 0.9553     | 0.3576     | 0.0433     | 0.2194       | 0.1652       |             | 2.4804   | 0.385  
31     | 1.8873     | 0.5925     | 0.9014     | 0.3501     | 0.0433     | 0.2179       | 0.1457       |             | 2.4914   | 0.364  
32     | 1.8225     | 0.5779     | 0.8646     | 0.3316     | 0.0484     | 0.2108       | 0.1687       |             | 2.4714   | 0.379  
33     | 1.8534     | 0.5875     | 0.8718     | 0.3517     | 0.0424     | 0.2461       | 0.1593       |             | 2.4738   | 0.405  
34     | 1.6888     | 0.5519     | 0.7934     | 0.3071     | 0.0363     | 0.2209       | 0.1321       |             | 2.4786   | 0.353  
35     | 1.7391     | 0.5507     | 0.8072     | 0.3378     | 0.0435     | 0.2547       | 0.1361       |             | 2.5073   | 0.391  
36     | 1.6973     | 0.5619     | 0.7660     | 0.3302     | 0.0393     | 0.2366       | 0.1484       |             | 2.4639   | 0.385  
37     | 1.6319     | 0.5386     | 0.7478     | 0.3089     | 0.0365     | 0.2076       | 0.1241       |             | 2.4980   | 0.332  
38     | 1.6056     | 0.5261     | 0.7289     | 0.3217     | 0.0290     | 0.2663       | 0.1199       |             | 2.4880   | 0.386  
39     | 1.6265     | 0.5242     | 0.7420     | 0.3129     | 0.0474     | 0.2162       | 0.1223       |             | 2.4609   | 0.338  
40     | 1.5538     | 0.5096     | 0.7093     | 0.2888     | 0.0460     | 0.1969       | 0.1617       |             | 2.4609   | 0.359  
41     | 1.6265     | 0.5395     | 0.7145     | 0.3213     | 0.0512     | 0.2145       | 0.1058       |             | 2.4392   | 0.320  
42     | 1.5465     | 0.4866     | 0.7092     | 0.3096     | 0.0411     | 0.1906       | 0.1504       |             | 2.3450   | 0.341  
43     | 1.6265     | 0.5497     | 0.7251     | 0.3090     | 0.0427     | 0.1987       | 0.1319       |             | 2.4686   | 0.331  
44     | 1.5460     | 0.5404     | 0.6714     | 0.2960     | 0.0382     | 0.2037       | 0.1320       |             | 2.4128   | 0.336  
45     | 1.4722     | 0.4821     | 0.6493     | 0.3026     | 0.0382     | 0.2093       | 0.1374       |             | 2.4381   | 0.347  
46     | 1.4756     | 0.4774     | 0.6614     | 0.3034     | 0.0334     | 0.1975       | 0.1635       |             | 2.4129   | 0.361  
47     | 1.4800     | 0.5103     | 0.6422     | 0.2943     | 0.0332     | 0.1892       | 0.1391       |             | 2.4286   | 0.328  
48     | 1.5484     | 0.4984     | 0.6845     | 0.3176     | 0.0479     | 0.2312       | 0.1577       |             | 2.3881   | 0.389  
49     | 1.5008     | 0.4917     | 0.6662     | 0.2967     | 0.0462     | 0.2198       | 0.1108       |             | 2.3465   | 0.331  
