==========================================
Current Architecture: GeoSPA-Net (Fixed)
mcAPs (Real Anchors): [1, 2, 3] (Indices: [0, 1, 2])
Legacy APs (Virtual): [4] (Indices: [3])
==========================================

Start GeoSPA-Net Training Seed 42...
Epoch  | Total Loss | Tr Cls     | Tr Dom RSSI  | Tr Dom RTT   | Val T Acc  | Val T Entropy | Test MDE
------------------------------------------------------------------------------------------------------------------------
10     | 4.2196     | 1.8544     | 1.1555       | 1.2096       | 0.9125     | 3.1582       | 0.6911   |           
20     | 3.1138     | 1.1097     | 0.9722       | 1.0320       | 0.9667     | 2.3884       | 0.6144   | (ADV -0.23)
30     | 2.7406     | 0.7820     | 0.9620       | 0.9966       | 0.9823     | 1.8370       | 0.6143   | (ADV 0.06)
40     | 2.6643     | 0.6959     | 0.9500       | 1.0184       | 0.9792     | 1.5309       | 0.5892   |           
50     | 2.5441     | 0.5788     | 0.9532       | 1.0121       | 0.9854     | 1.1922       | 0.6451   | (ADV 0.39)
60     | 2.5058     | 0.5248     | 0.9648       | 1.0162       | 0.9896     | 1.1173       | 0.6177   | (ADV 0.43)
70     | 2.5396     | 0.5056     | 1.0124       | 1.0215       | 0.9854     | 1.0645       | 0.6070   | (ADV 0.45)
80     | 2.6200     | 0.5026     | 1.0662       | 1.0512       | 0.9792     | 1.0762       | 0.6495   |           
90     | 2.6313     | 0.4874     | 1.1149       | 1.0291       | 0.9823     | 0.9276       | 0.6647   |           
100    | 2.7514     | 0.4731     | 1.1620       | 1.1163       | 0.9740     | 0.8805       | 0.6838   |           
110    | 2.7645     | 0.4773     | 1.1660       | 1.1212       | 0.9823     | 0.7800       | 0.6734   |           
120    | 2.7091     | 0.4732     | 1.1367       | 1.0992       | 0.9812     | 0.7983       | 0.6779   |           
130    | 2.7029     | 0.4442     | 1.1657       | 1.0930       | 0.9771     | 0.6973       | 0.6210   | (ADV 0.63)
140    | 2.7212     | 0.4329     | 1.1503       | 1.1380       | 0.9760     | 0.7061       | 0.7126   |           
150    | 2.7560     | 0.4505     | 1.1771       | 1.1284       | 0.9844     | 0.7322       | 0.6469   |           
160    | 2.7949     | 0.4775     | 1.1680       | 1.1493       | 0.9823     | 0.6418       | 0.7124   | (ADV 0.66)
170    | 2.7567     | 0.4341     | 1.1679       | 1.1548       | 0.9875     | 0.5986       | 0.7288   | (ADV 0.69)
180    | 2.7215     | 0.3977     | 1.1839       | 1.1399       | 0.9802     | 0.6540       | 0.7038   |           
190    | 2.7274     | 0.4101     | 1.1946       | 1.1226       | 0.9708     | 0.6088       | 0.6344   |           
200    | 2.7947     | 0.4402     | 1.2078       | 1.1466       | 0.9625     | 0.5881       | 0.6439   |           
210    | 2.8057     | 0.4202     | 1.2180       | 1.1676       | 0.9812     | 0.6405       | 0.6552   |           
220    | 2.8460     | 0.4573     | 1.2202       | 1.1686       | 0.9844     | 0.6338       | 0.6547   |           
230    | 2.7832     | 0.4019     | 1.2221       | 1.1591       | 0.9802     | 0.5818       | 0.6900   |           
240    | 2.8719     | 0.4377     | 1.2325       | 1.2017       | 0.9792     | 0.5646       | 0.7417   |           
250    | 2.8619     | 0.4359     | 1.2400       | 1.1860       | 0.9865     | 0.5871       | 0.6536   |           
260    | 2.7522     | 0.3872     | 1.1904       | 1.1745       | 0.9854     | 0.6330       | 0.6408   |           
270    | 2.7399     | 0.3702     | 1.2169       | 1.1528       | 0.9844     | 0.5851       | 0.6047   |           
280    | 2.8139     | 0.3485     | 1.2490       | 1.2165       | 0.9792     | 0.5777       | 0.6659   |           
290    | 2.8597     | 0.4007     | 1.2402       | 1.2189       | 0.9854     | 0.5770       | 0.7377   |           
300    | 2.8360     | 0.3816     | 1.2437       | 1.2107       | 0.9802     | 0.5435       | 0.7142   |           
310    | 2.7829     | 0.3257     | 1.2488       | 1.2084       | 0.9812     | 0.5270       | 0.6397   |           
320    | 2.8157     | 0.3673     | 1.2231       | 1.2253       | 0.9802     | 0.5749       | 0.6704   |           
330    | 2.7890     | 0.3262     | 1.2492       | 1.2136       | 0.9708     | 0.5039       | 0.7248   |           
340    | 2.8361     | 0.3878     | 1.2508       | 1.1975       | 0.9802     | 0.5263       | 0.6656   |           
350    | 2.7934     | 0.3348     | 1.2455       | 1.2131       | 0.9844     | 0.5221       | 0.6421   |           
360    | 2.8082     | 0.3352     | 1.2578       | 1.2152       | 0.9719     | 0.5576       | 0.6558   |           
370    | 2.8425     | 0.3744     | 1.2447       | 1.2234       | 0.9833     | 0.4911       | 0.5387   |           
380    | 2.8239     | 0.3329     | 1.2600       | 1.2310       | 0.9781     | 0.4472       | 0.6075   | (ADV 0.75)
390    | 2.9049     | 0.4186     | 1.2519       | 1.2344       | 0.9802     | 0.4663       | 0.6863   |           
400    | 2.7509     | 0.3175     | 1.2277       | 1.2057       | 0.9865     | 0.6018       | 0.6882   |           
410    | 2.7900     | 0.3473     | 1.2350       | 1.2077       | 0.9823     | 0.5199       | 0.6772   |           
420    | 2.8169     | 0.3379     | 1.2498       | 1.2293       | 0.9854     | 0.5244       | 0.7593   |           
430    | 2.8476     | 0.3421     | 1.2602       | 1.2454       | 0.9781     | 0.4700       | 0.6515   |           
440    | 2.8259     | 0.3499     | 1.2457       | 1.2303       | 0.9823     | 0.4789       | 0.6901   |           
450    | 2.8182     | 0.3311     | 1.2527       | 1.2344       | 0.9854     | 0.5096       | 0.6410   |           
460    | 2.8480     | 0.3316     | 1.2670       | 1.2494       | 0.9844     | 0.4985       | 0.6192   |           
470    | 2.8456     | 0.3207     | 1.2812       | 1.2437       | 0.9833     | 0.4596       | 0.6254   |           
480    | 2.8605     | 0.3288     | 1.2897       | 1.2420       | 0.9812     | 0.4906       | 0.7297   |           
490    | 2.8550     | 0.3136     | 1.2963       | 1.2452       | 0.9885     | 0.4808       | 0.6616   |           
500    | 2.8348     | 0.2981     | 1.2734       | 1.2633       | 0.9885     | 0.4275       | 0.7227   | (ADV 0.77)
Seed 42 | Src Acc: 98.1633 | Src MDE: 0.0288 | Tgt Acc: 41.9388 | Tgt MDE: 0.7227

Start GeoSPA-Net Training Seed 67...
Epoch  | Total Loss | Tr Cls     | Tr Dom RSSI  | Tr Dom RTT   | Val T Acc  | Val T Entropy | Test MDE
------------------------------------------------------------------------------------------------------------------------
10     | 4.2712     | 1.9210     | 1.1284       | 1.2219       | 0.9437     | 3.2088       | 0.7011   |           
20     | 3.1361     | 1.0940     | 0.9928       | 1.0493       | 0.9677     | 2.3418       | 0.6633   | (ADV -0.20)
30     | 2.7537     | 0.7928     | 0.9945       | 0.9664       | 0.9792     | 1.9078       | 0.6259   | (ADV 0.03)
40     | 2.6172     | 0.6509     | 0.9925       | 0.9739       | 0.9708     | 1.5871       | 0.6318   |           
50     | 2.5245     | 0.5638     | 0.9929       | 0.9679       | 0.9760     | 1.3463       | 0.5769   | (ADV 0.30)
60     | 2.4254     | 0.4657     | 0.9859       | 0.9738       | 0.9812     | 1.2278       | 0.7071   | (ADV 0.37)
70     | 2.5563     | 0.5338     | 1.0055       | 1.0171       | 0.9792     | 1.2485       | 0.6285   |           
80     | 2.6003     | 0.4957     | 1.0724       | 1.0322       | 0.9698     | 1.0690       | 0.6638   |           
90     | 2.6140     | 0.4945     | 1.0708       | 1.0487       | 0.9750     | 1.0208       | 0.5809   |           
100    | 2.6600     | 0.4814     | 1.1011       | 1.0776       | 0.9729     | 0.9984       | 0.6145   |           
110    | 2.6105     | 0.4530     | 1.0975       | 1.0601       | 0.9740     | 0.9153       | 0.5768   |           
120    | 2.6969     | 0.4744     | 1.1175       | 1.1050       | 0.9781     | 0.8947       | 0.5573   |           
130    | 2.7079     | 0.4691     | 1.1419       | 1.0969       | 0.9740     | 0.9050       | 0.6212   |           
140    | 2.6692     | 0.4432     | 1.1408       | 1.0853       | 0.9646     | 0.8865       | 0.6910   |           
150    | 2.7184     | 0.4928     | 1.1313       | 1.0943       | 0.9750     | 0.8229       | 0.5625   |           
160    | 2.8312     | 0.5061     | 1.1781       | 1.1471       | 0.9615     | 0.8032       | 0.6405   |           
170    | 2.7664     | 0.4511     | 1.1781       | 1.1372       | 0.9615     | 0.7832       | 0.5187   |           
180    | 2.7801     | 0.4482     | 1.1951       | 1.1368       | 0.9708     | 0.7803       | 0.5750   |           
190    | 2.7322     | 0.4200     | 1.1944       | 1.1178       | 0.9667     | 0.7126       | 0.5759   |           
200    | 2.7435     | 0.4397     | 1.1994       | 1.1044       | 0.9719     | 0.6906       | 0.5005   | (ADV 0.63)
210    | 2.7981     | 0.4604     | 1.1958       | 1.1418       | 0.9729     | 0.7126       | 0.6041   |           
220    | 2.7006     | 0.3824     | 1.2107       | 1.1075       | 0.9760     | 0.6778       | 0.5400   |           
230    | 2.7827     | 0.4205     | 1.2168       | 1.1454       | 0.9740     | 0.6382       | 0.5595   |           
240    | 2.8154     | 0.4241     | 1.2336       | 1.1577       | 0.9500     | 0.6545       | 0.4848   |           
250    | 2.6995     | 0.3632     | 1.1863       | 1.1500       | 0.9781     | 0.6429       | 0.5254   |           
260    | 2.8180     | 0.4173     | 1.2265       | 1.1742       | 0.9708     | 0.6285       | 0.5755   |           
270    | 2.8267     | 0.4159     | 1.2503       | 1.1605       | 0.9677     | 0.6311       | 0.5669   |           
280    | 2.8507     | 0.4797     | 1.2075       | 1.1635       | 0.9604     | 0.6243       | 0.5710   |           
290    | 2.8109     | 0.4157     | 1.2191       | 1.1761       | 0.9677     | 0.5812       | 0.5294   |           
300    | 2.8012     | 0.3816     | 1.2360       | 1.1836       | 0.9688     | 0.5284       | 0.5456   | (ADV 0.70)
310    | 2.8444     | 0.4146     | 1.2445       | 1.1853       | 0.9771     | 0.5721       | 0.5691   |           
320    | 2.7687     | 0.3869     | 1.2173       | 1.1645       | 0.9792     | 0.5462       | 0.4896   |           
330    | 2.8648     | 0.4139     | 1.2419       | 1.2090       | 0.9729     | 0.5456       | 0.5179   |           
340    | 2.9003     | 0.4414     | 1.2571       | 1.2018       | 0.9823     | 0.5341       | 0.4697   |           
350    | 2.7471     | 0.3269     | 1.2452       | 1.1749       | 0.9698     | 0.5620       | 0.5519   |           
360    | 2.8310     | 0.3695     | 1.2472       | 1.2143       | 0.9802     | 0.5152       | 0.4758   |           
370    | 2.8017     | 0.3915     | 1.2305       | 1.1797       | 0.9708     | 0.4954       | 0.5190   |           
380    | 2.8557     | 0.3920     | 1.2584       | 1.2052       | 0.9469     | 0.5547       | 0.5409   |           
390    | 2.8410     | 0.3799     | 1.2436       | 1.2175       | 0.9698     | 0.4978       | 0.4833   |           
400    | 2.8285     | 0.3811     | 1.2423       | 1.2051       | 0.9781     | 0.5439       | 0.4573   |           
410    | 2.8039     | 0.3411     | 1.2331       | 1.2297       | 0.9688     | 0.5642       | 0.5209   |           
420    | 2.8058     | 0.3426     | 1.2479       | 1.2152       | 0.9656     | 0.5841       | 0.5150   |           
430    | 2.8445     | 0.3439     | 1.2623       | 1.2383       | 0.9833     | 0.4626       | 0.4429   | (ADV 0.75)
440    | 2.8497     | 0.3612     | 1.2669       | 1.2216       | 0.9781     | 0.5388       | 0.5010   |           
450    | 2.7556     | 0.3177     | 1.2430       | 1.1949       | 0.9667     | 0.5199       | 0.4993   |           
460    | 2.8474     | 0.3442     | 1.2810       | 1.2223       | 0.9729     | 0.5160       | 0.5043   |           
470    | 2.9268     | 0.3900     | 1.2754       | 1.2614       | 0.9760     | 0.4926       | 0.5419   |           
480    | 2.8637     | 0.3531     | 1.2695       | 1.2411       | 0.9719     | 0.5241       | 0.5460   |           
490    | 2.8355     | 0.3367     | 1.2765       | 1.2223       | 0.9698     | 0.5463       | 0.5340   |           
500    | 2.8944     | 0.3598     | 1.2761       | 1.2586       | 0.9823     | 0.4871       | 0.5675   |           
Seed 67 | Src Acc: 98.0612 | Src MDE: 0.0308 | Tgt Acc: 47.7551 | Tgt MDE: 0.4429

Start GeoSPA-Net Training Seed 1024...
Epoch  | Total Loss | Tr Cls     | Tr Dom RSSI  | Tr Dom RTT   | Val T Acc  | Val T Entropy | Test MDE
------------------------------------------------------------------------------------------------------------------------
10     | 4.4069     | 1.9702     | 1.1968       | 1.2399       | 0.8812     | 3.2532       | 0.6325   |           
20     | 3.3348     | 1.1506     | 1.0708       | 1.1134       | 0.9677     | 2.4593       | 0.6382   | (ADV -0.26)
30     | 2.9147     | 0.8409     | 0.9927       | 1.0812       | 0.9708     | 1.9186       | 0.6291   | (ADV 0.01)
40     | 2.6978     | 0.6590     | 1.0104       | 1.0284       | 0.9698     | 1.6071       | 0.5718   |           
50     | 2.5797     | 0.5732     | 1.0085       | 0.9981       | 0.9719     | 1.4014       | 0.5750   | (ADV 0.27)
60     | 2.5795     | 0.5740     | 1.0208       | 0.9847       | 0.9740     | 1.2705       | 0.6834   |           
70     | 2.5636     | 0.5214     | 1.0048       | 1.0374       | 0.9802     | 1.1792       | 0.6355   |           
80     | 2.5447     | 0.5033     | 1.0181       | 1.0233       | 0.9792     | 1.0776       | 0.5725   |           
90     | 2.5919     | 0.5067     | 1.0407       | 1.0446       | 0.9750     | 0.9926       | 0.5781   | (ADV 0.48)
100    | 2.7141     | 0.5265     | 1.0997       | 1.0880       | 0.9760     | 0.9812       | 0.5624   |           
110    | 2.6412     | 0.4442     | 1.1021       | 1.0948       | 0.9708     | 0.9692       | 0.6032   |           
120    | 2.7128     | 0.4853     | 1.1364       | 1.0911       | 0.9708     | 0.8689       | 0.6370   |           
130    | 2.8205     | 0.5314     | 1.1600       | 1.1291       | 0.9719     | 0.7898       | 0.5866   |           
140    | 2.7823     | 0.4809     | 1.1558       | 1.1456       | 0.9750     | 0.7688       | 0.6093   |           
150    | 2.7442     | 0.4842     | 1.1498       | 1.1102       | 0.9750     | 0.7613       | 0.6331   |           
160    | 2.7412     | 0.4567     | 1.1491       | 1.1354       | 0.9625     | 0.7404       | 0.5098   |           
170    | 2.7999     | 0.4668     | 1.1635       | 1.1696       | 0.9729     | 0.6907       | 0.5109   |           
180    | 2.7177     | 0.4232     | 1.1598       | 1.1347       | 0.9750     | 0.7661       | 0.5784   |           
190    | 2.8012     | 0.4694     | 1.1869       | 1.1449       | 0.9740     | 0.6607       | 0.5979   |           
200    | 2.8636     | 0.4818     | 1.2282       | 1.1536       | 0.9740     | 0.6903       | 0.6214   |           
210    | 2.8143     | 0.4553     | 1.1952       | 1.1638       | 0.9719     | 0.6903       | 0.6991   |           
220    | 2.8428     | 0.4552     | 1.2220       | 1.1657       | 0.9781     | 0.6611       | 0.6387   |           
230    | 2.8349     | 0.4544     | 1.2054       | 1.1751       | 0.9771     | 0.6170       | 0.5674   |           
240    | 2.8257     | 0.4489     | 1.1991       | 1.1777       | 0.9750     | 0.6337       | 0.6007   |           
250    | 2.8224     | 0.4249     | 1.2240       | 1.1736       | 0.9729     | 0.6301       | 0.5899   |           
260    | 2.7786     | 0.4084     | 1.2165       | 1.1537       | 0.9792     | 0.5926       | 0.5771   |           
270    | 2.7995     | 0.4230     | 1.2001       | 1.1763       | 0.9750     | 0.6109       | 0.5956   |           
280    | 2.7833     | 0.3769     | 1.2168       | 1.1896       | 0.9708     | 0.5240       | 0.5341   | (ADV 0.71)
290    | 2.8469     | 0.4073     | 1.2343       | 1.2053       | 0.9719     | 0.5986       | 0.6323   |           
300    | 2.8514     | 0.4125     | 1.2284       | 1.2106       | 0.9708     | 0.5678       | 0.5947   |           
310    | 2.8844     | 0.4599     | 1.2041       | 1.2205       | 0.9583     | 0.5910       | 0.6143   |           
320    | 2.8460     | 0.4074     | 1.2191       | 1.2195       | 0.9740     | 0.5165       | 0.5262   |           
330    | 2.8223     | 0.3944     | 1.2272       | 1.2007       | 0.9708     | 0.5590       | 0.5110   |           
340    | 2.8518     | 0.3821     | 1.2378       | 1.2318       | 0.9625     | 0.5215       | 0.5906   |           
350    | 2.8243     | 0.3700     | 1.2515       | 1.2028       | 0.9417     | 0.5840       | 0.5881   |           
360    | 2.8722     | 0.3737     | 1.2572       | 1.2413       | 0.9760     | 0.5244       | 0.5847   |           
370    | 2.9122     | 0.4472     | 1.2370       | 1.2280       | 0.9521     | 0.5537       | 0.7167   |           
380    | 2.8266     | 0.3761     | 1.2378       | 1.2127       | 0.9708     | 0.5260       | 0.6172   |           
390    | 2.8431     | 0.3869     | 1.2398       | 1.2163       | 0.9729     | 0.4928       | 0.5621   |           
400    | 2.8486     | 0.3798     | 1.2362       | 1.2326       | 0.9542     | 0.4880       | 0.5960   |           
410    | 2.8473     | 0.3852     | 1.2415       | 1.2206       | 0.9708     | 0.4817       | 0.5921   |           
420    | 2.8206     | 0.3249     | 1.2456       | 1.2501       | 0.9729     | 0.4989       | 0.5827   |           
430    | 2.8505     | 0.3494     | 1.2624       | 1.2387       | 0.9740     | 0.5162       | 0.6254   |           
440    | 2.8141     | 0.3222     | 1.2638       | 1.2282       | 0.9750     | 0.4068       | 0.5665   | (ADV 0.77)
450    | 2.8532     | 0.3379     | 1.2765       | 1.2389       | 0.9740     | 0.4270       | 0.5445   |           
460    | 2.8290     | 0.3302     | 1.2630       | 1.2358       | 0.9740     | 0.4484       | 0.5441   |           
470    | 2.8025     | 0.3239     | 1.2371       | 1.2416       | 0.9792     | 0.4494       | 0.5479   |           
480    | 2.8873     | 0.3717     | 1.2735       | 1.2421       | 0.9750     | 0.4340       | 0.5382   |           
490    | 2.8471     | 0.3354     | 1.2640       | 1.2477       | 0.9771     | 0.4478       | 0.5739   |           
500    | 2.8772     | 0.3314     | 1.2887       | 1.2571       | 0.9781     | 0.4402       | 0.5780   |           
Seed 1024 | Src Acc: 96.6327 | Src MDE: 0.0476 | Tgt Acc: 46.5306 | Tgt MDE: 0.5552
Finished Combo GeoSPA_1_2_3. Results saved.
