==========================================
Current Experiment: RTT Combination: ['Dist_mm_1']
RTT Input Dimension: 1
==========================================
Start Training Seed 42...

Start CDAN+E Training... (Entropy Conditioning Enabled)
Epoch  | Total Loss | Tr Cls     | Tr Dom       | Val Cls    | Val Dls      | Test MDE
------------------------------------------------------------------------------------------------------------------------
1      | 5.2521     | 3.8660     | 1.3861       | 3.4924     | 1.3862       | 2.6225   |           
2      | 4.7931     | 3.4072     | 1.3859       | 3.1010     | 1.3860       | 1.8359   |           
3      | 4.4905     | 3.1044     | 1.3862       | 2.8396     | 1.3857       | 1.7255   |           
4      | 4.2529     | 2.8676     | 1.3852       | 2.6168     | 1.3852       | 1.5827   |           
5      | 4.0701     | 2.6849     | 1.3852       | 2.4046     | 1.3841       | 1.4814   |           
6      | 3.8996     | 2.5159     | 1.3836       | 2.2126     | 1.3824       | 1.3706   |           
7      | 3.7793     | 2.3975     | 1.3818       | 2.0543     | 1.3813       | 1.3292   |           
8      | 3.6359     | 2.2546     | 1.3814       | 1.9044     | 1.3791       | 1.2621   |           
9      | 3.4984     | 2.1194     | 1.3789       | 1.8027     | 1.3769       | 1.2419   |           
10     | 3.4020     | 2.0240     | 1.3780       | 1.6531     | 1.3737       | 1.2433   |           
11     | 3.2497     | 1.8753     | 1.3744       | 1.5648     | 1.3713       | 1.2903   |           
12     | 3.1767     | 1.8057     | 1.3710       | 1.4705     | 1.3684       | 1.1601   |           
13     | 3.0839     | 1.7145     | 1.3693       | 1.3379     | 1.3645       | 1.2657   |           
14     | 3.0159     | 1.6485     | 1.3674       | 1.2508     | 1.3606       | 1.2889   |           
15     | 2.8597     | 1.4984     | 1.3613       | 1.1675     | 1.3570       | 1.2063   |           
16     | 2.8436     | 1.4845     | 1.3591       | 1.0278     | 1.3491       | 1.3135   |           
17     | 2.7239     | 1.3711     | 1.3528       | 0.9672     | 1.3443       | 1.2906   |           
18     | 2.6598     | 1.3138     | 1.3460       | 0.9178     | 1.3383       | 1.2754   |           
19     | 2.6114     | 1.2678     | 1.3436       | 0.8576     | 1.3309       | 1.2299   |           
20     | 2.5325     | 1.1949     | 1.3376       | 0.7997     | 1.3244       | 1.2408   |           
21     | 2.5251     | 1.1900     | 1.3351       | 0.7273     | 1.3136       | 1.2381   |           
22     | 2.4593     | 1.1292     | 1.3301       | 0.6821     | 1.3061       | 1.2510   |           
23     | 2.4125     | 1.0908     | 1.3217       | 0.6262     | 1.2948       | 1.1869   |           
24     | 2.4043     | 1.0883     | 1.3160       | 0.5918     | 1.2851       | 1.2053   |           
25     | 2.3646     | 1.0531     | 1.3114       | 0.5952     | 1.2810       | 1.1697   |           
26     | 2.3142     | 1.0051     | 1.3092       | 0.5290     | 1.2661       | 1.2250   |           
27     | 2.2765     | 0.9819     | 1.2946       | 0.5210     | 1.2578       | 1.1074   |           
28     | 2.2634     | 0.9771     | 1.2863       | 0.4812     | 1.2488       | 1.1283   | (ADV -0.14)
29     | 2.2450     | 0.9615     | 1.2835       | 0.4457     | 1.2368       | 1.2039   | (ADV -0.13)
30     | 2.2102     | 0.9268     | 1.2834       | 0.4290     | 1.2293       | 1.2050   | (ADV -0.13)
31     | 2.1829     | 0.9077     | 1.2752       | 0.4036     | 1.2129       | 1.1937   | (ADV -0.12)
32     | 2.1186     | 0.8553     | 1.2633       | 0.3967     | 1.2063       | 1.1702   | (ADV -0.12)
33     | 2.1265     | 0.8687     | 1.2578       | 0.3689     | 1.1921       | 1.1550   | (ADV -0.11)
34     | 2.0776     | 0.8343     | 1.2432       | 0.3491     | 1.1781       | 1.1636   | (ADV -0.11)
35     | 2.0787     | 0.8279     | 1.2509       | 0.3488     | 1.1701       | 1.1905   |           
36     | 2.0663     | 0.8284     | 1.2379       | 0.3334     | 1.1613       | 1.1704   | (ADV -0.10)
37     | 2.0685     | 0.8326     | 1.2359       | 0.3354     | 1.1558       | 1.2592   |           
38     | 1.9943     | 0.7790     | 1.2153       | 0.2923     | 1.1398       | 1.1314   | (ADV -0.09)
39     | 1.9636     | 0.7480     | 1.2156       | 0.2945     | 1.1266       | 1.1981   |           
40     | 1.9437     | 0.7413     | 1.2024       | 0.2724     | 1.1165       | 1.2278   | (ADV -0.09)
Traceback (most recent call last):
  File "/home/mcslab/yutung/MCSLAB_RSSI_RTT_Dataset/CDAN/cdan.py", line 534, in <module>
    main()
  File "/home/mcslab/yutung/MCSLAB_RSSI_RTT_Dataset/CDAN/cdan.py", line 461, in main
    loss.backward()
  File "/home/mcslab/anaconda3/envs/yutung/lib/python3.10/site-packages/torch/_tensor.py", line 625, in backward
    torch.autograd.backward(
  File "/home/mcslab/anaconda3/envs/yutung/lib/python3.10/site-packages/torch/autograd/__init__.py", line 354, in backward
    _engine_run_backward(
  File "/home/mcslab/anaconda3/envs/yutung/lib/python3.10/site-packages/torch/autograd/graph.py", line 841, in _engine_run_backward
    return Variable._execution_engine.run_backward(  # Calls into the C++ engine to run the backward pass
KeyboardInterrupt
