==========================================
Current Experiment: RTT Combination: ['Dist_mm_1']
RTT Input Dimension: 1
==========================================
Start Training Seed 42...

Start CDAN+E Training... (Entropy Conditioning Enabled)
Epoch  | Total Loss | Tr Cls     | Tr Dom RSSI  | Tr Dom RTT   | Val T Acc  | Val T Entropy | Test MDE | Test Target Weights
--------------------------------------------------------------------------------------------------------------------------------------------
1      | 6.7675     | 3.9966     | 1.3739       | 1.3971       | 0.3115     | 3.7608       | 2.2266   | 0.4488  , 0.5512   |           
2      | 6.0447     | 3.3288     | 1.3299       | 1.3859       | 0.5198     | 3.6272       | 1.8203   | 0.4738  , 0.5262   |           
3      | 5.6073     | 2.9401     | 1.2819       | 1.3853       | 0.7250     | 3.5040       | 1.5781   | 0.5014  , 0.4986   |           
4      | 5.2577     | 2.6325     | 1.2416       | 1.3836       | 0.7990     | 3.3139       | 1.3661   | 0.5240  , 0.4760   |           
5      | 4.9385     | 2.3607     | 1.1988       | 1.3790       | 0.8146     | 3.2123       | 1.1593   | 0.5270  , 0.4730   |           
6      | 4.7274     | 2.1859     | 1.1611       | 1.3804       | 0.8365     | 2.9926       | 1.1767   | 0.5500  , 0.4500   |           
7      | 4.4750     | 1.9719     | 1.1244       | 1.3788       | 0.8875     | 2.8233       | 1.0875   | 0.5544  , 0.4456   |           
8      | 4.3019     | 1.8417     | 1.0840       | 1.3761       | 0.8885     | 2.7237       | 1.0998   | 0.5620  , 0.4380   |           
9      | 4.0965     | 1.6672     | 1.0617       | 1.3677       | 0.8938     | 2.5452       | 1.0829   | 0.5556  , 0.4444   |           
10     | 4.0362     | 1.6121     | 1.0553       | 1.3688       | 0.9073     | 2.4658       | 1.0998   | 0.5729  , 0.4271   |           
11     | 3.8582     | 1.4768     | 1.0157       | 1.3657       | 0.9094     | 2.2941       | 1.0963   | 0.5699  , 0.4301   | (ADV -0.24)
12     | 3.7684     | 1.4024     | 1.0011       | 1.3649       | 0.9052     | 2.2447       | 1.1521   | 0.5575  , 0.4425   | (ADV -0.22)
13     | 3.8082     | 1.4092     | 1.0349       | 1.3641       | 0.9156     | 2.0700       | 1.1513   | 0.5785  , 0.4215   | (ADV -0.12)
14     | 3.7013     | 1.3277     | 1.0142       | 1.3594       | 0.9083     | 1.9825       | 1.1445   | 0.5978  , 0.4022   | (ADV -0.08)
15     | 3.6509     | 1.3085     | 0.9895       | 1.3528       | 0.9021     | 1.9843       | 1.1240   | 0.5863  , 0.4137   |           
16     | 3.6142     | 1.2608     | 1.0073       | 1.3461       | 0.9302     | 1.8174       | 1.1473   | 0.5859  , 0.4141   | (ADV 0.02)
17     | 3.4899     | 1.1423     | 0.9943       | 1.3533       | 0.9302     | 1.7989       | 1.1614   | 0.5868  , 0.4132   | (ADV 0.03)
18     | 3.5255     | 1.1669     | 1.0019       | 1.3567       | 0.9323     | 1.7366       | 1.1436   | 0.5976  , 0.4024   | (ADV 0.06)
19     | 3.4553     | 1.1141     | 0.9927       | 1.3485       | 0.9333     | 1.7049       | 1.1732   | 0.5927  , 0.4073   | (ADV 0.08)
20     | 3.4435     | 1.0911     | 1.0062       | 1.3461       | 0.9365     | 1.6891       | 1.1024   | 0.5943  , 0.4057   | (ADV 0.09)
21     | 3.4153     | 1.0589     | 1.0134       | 1.3429       | 0.9208     | 1.5774       | 1.1642   | 0.6106  , 0.3894   | (ADV 0.13)
22     | 3.3717     | 1.0293     | 1.0080       | 1.3344       | 0.9240     | 1.5355       | 1.1491   | 0.6023  , 0.3977   | (ADV 0.16)
23     | 3.3477     | 1.0122     | 1.0009       | 1.3346       | 0.9250     | 1.4937       | 1.1000   | 0.5904  , 0.4096   | (ADV 0.18)
24     | 3.3776     | 1.0289     | 1.0134       | 1.3353       | 0.9354     | 1.4609       | 1.0933   | 0.6185  , 0.3815   | (ADV 0.20)
25     | 3.3019     | 0.9774     | 0.9975       | 1.3271       | 0.9281     | 1.4304       | 1.1252   | 0.6043  , 0.3957   | (ADV 0.21)
26     | 3.3032     | 0.9591     | 1.0227       | 1.3214       | 0.9167     | 1.3967       | 1.1588   | 0.6075  , 0.3925   | (ADV 0.22)
27     | 3.2753     | 0.9342     | 1.0233       | 1.3178       | 0.9427     | 1.3733       | 1.1674   | 0.6143  , 0.3857   | (ADV 0.26)
28     | 3.2723     | 0.9214     | 1.0377       | 1.3133       | 0.9313     | 1.3283       | 1.1185   | 0.6128  , 0.3872   | (ADV 0.27)
29     | 3.3086     | 0.9614     | 1.0304       | 1.3167       | 0.9167     | 1.3672       | 1.1431   | 0.6065  , 0.3935   |           
30     | 3.2993     | 0.9465     | 1.0339       | 1.3190       | 0.9417     | 1.2879       | 1.1230   | 0.6255  , 0.3745   | (ADV 0.30)
31     | 3.2593     | 0.9112     | 1.0347       | 1.3134       | 0.9292     | 1.3199       | 1.1517   | 0.6029  , 0.3971   |           
32     | 3.1868     | 0.8319     | 1.0402       | 1.3146       | 0.9323     | 1.2675       | 1.1381   | 0.6034  , 0.3966   | (ADV 0.30)
33     | 3.2163     | 0.8785     | 1.0385       | 1.2992       | 0.9094     | 1.2844       | 1.1175   | 0.6002  , 0.3998   |           
34     | 3.2631     | 0.9115     | 1.0426       | 1.3089       | 0.9250     | 1.2346       | 1.1534   | 0.5991  , 0.4009   | (ADV 0.31)
35     | 3.2397     | 0.9189     | 1.0177       | 1.3031       | 0.9448     | 1.1719       | 1.1457   | 0.6106  , 0.3894   | (ADV 0.36)
36     | 3.2065     | 0.8685     | 1.0371       | 1.3009       | 0.9313     | 1.1562       | 1.1327   | 0.6115  , 0.3885   |           
37     | 3.1889     | 0.8633     | 1.0333       | 1.2923       | 0.9448     | 1.1342       | 1.1347   | 0.6382  , 0.3618   | (ADV 0.38)
38     | 3.1816     | 0.8440     | 1.0359       | 1.3017       | 0.9385     | 1.1449       | 1.1770   | 0.6366  , 0.3634   |           
39     | 3.1557     | 0.8288     | 1.0369       | 1.2900       | 0.9406     | 1.1005       | 1.1180   | 0.6227  , 0.3773   | (ADV 0.39)
40     | 3.1106     | 0.8061     | 1.0243       | 1.2802       | 0.9510     | 1.0545       | 1.1301   | 0.6461  , 0.3539   | (ADV 0.42)
41     | 3.1116     | 0.7939     | 1.0365       | 1.2813       | 0.9333     | 1.0784       | 1.1834   | 0.6341  , 0.3659   |           
42     | 3.0849     | 0.7835     | 1.0243       | 1.2771       | 0.9365     | 1.1153       | 1.1273   | 0.6349  , 0.3651   |           
43     | 3.1613     | 0.8462     | 1.0359       | 1.2793       | 0.9323     | 1.0839       | 1.1117   | 0.6339  , 0.3661   |           
44     | 3.1135     | 0.7943     | 1.0427       | 1.2765       | 0.9406     | 0.9957       | 1.1347   | 0.6512  , 0.3488   | (ADV 0.44)
45     | 3.0900     | 0.7774     | 1.0326       | 1.2799       | 0.9229     | 1.0485       | 1.1290   | 0.6017  , 0.3983   |           
46     | 3.1627     | 0.8396     | 1.0334       | 1.2897       | 0.9323     | 1.0738       | 1.1588   | 0.6334  , 0.3666   |           
47     | 3.0888     | 0.7705     | 1.0413       | 1.2770       | 0.9313     | 1.0662       | 1.1013   | 0.6304  , 0.3696   |           
48     | 3.0639     | 0.7757     | 1.0182       | 1.2700       | 0.9344     | 1.0241       | 1.1424   | 0.6282  , 0.3718   |           
49     | 3.1430     | 0.8285     | 1.0437       | 1.2707       | 0.9510     | 1.0066       | 1.1677   | 0.6452  , 0.3548   | (ADV 0.45)
50     | 3.1199     | 0.8040     | 1.0342       | 1.2817       | 0.9281     | 1.0392       | 1.2007   | 0.6341  , 0.3659   |           
51     | 3.0360     | 0.7441     | 1.0220       | 1.2699       | 0.9365     | 0.9876       | 1.1870   | 0.6400  , 0.3600   |           
52     | 3.0365     | 0.7481     | 1.0204       | 1.2679       | 0.9469     | 1.0325       | 1.1630   | 0.6449  , 0.3551   |           
53     | 3.0921     | 0.7850     | 1.0348       | 1.2723       | 0.9385     | 1.0528       | 1.1314   | 0.6391  , 0.3609   |           
54     | 3.0492     | 0.7508     | 1.0335       | 1.2649       | 0.9302     | 1.0038       | 1.1475   | 0.6333  , 0.3667   |           
55     | 3.0589     | 0.7636     | 1.0323       | 1.2630       | 0.9385     | 0.9582       | 1.1684   | 0.6562  , 0.3438   | (ADV 0.46)
56     | 3.0849     | 0.7670     | 1.0455       | 1.2724       | 0.9448     | 0.9915       | 1.1456   | 0.6436  , 0.3564   |           
57     | 3.0238     | 0.7263     | 1.0280       | 1.2695       | 0.9427     | 0.9184       | 1.1839   | 0.6554  , 0.3446   | (ADV 0.48)
58     | 3.0567     | 0.7416     | 1.0507       | 1.2644       | 0.9260     | 0.9487       | 1.1762   | 0.6463  , 0.3537   |           
59     | 3.0364     | 0.7262     | 1.0462       | 1.2640       | 0.9354     | 0.9143       | 1.1286   | 0.6488  , 0.3512   |           
60     | 3.0255     | 0.7166     | 1.0424       | 1.2664       | 0.9521     | 0.9484       | 1.1297   | 0.6267  , 0.3733   |           
61     | 3.1380     | 0.8139     | 1.0544       | 1.2697       | 0.9229     | 0.9748       | 1.2206   | 0.6507  , 0.3493   |           
62     | 3.0726     | 0.7672     | 1.0416       | 1.2638       | 0.9229     | 0.9205       | 1.1194   | 0.6352  , 0.3648   |           
63     | 3.0622     | 0.7343     | 1.0507       | 1.2772       | 0.9375     | 0.9672       | 1.2073   | 0.6243  , 0.3757   |           
64     | 3.0263     | 0.7245     | 1.0380       | 1.2638       | 0.9365     | 0.9669       | 1.0755   | 0.6416  , 0.3584   |           
65     | 3.0953     | 0.7619     | 1.0594       | 1.2740       | 0.9510     | 0.9935       | 1.1699   | 0.6278  , 0.3722   |           
66     | 3.0911     | 0.7617     | 1.0516       | 1.2778       | 0.9437     | 0.9484       | 1.1738   | 0.6281  , 0.3719   |           
67     | 3.0934     | 0.7609     | 1.0561       | 1.2764       | 0.9260     | 0.9359       | 1.1903   | 0.6444  , 0.3556   |           
68     | 3.0758     | 0.7542     | 1.0490       | 1.2726       | 0.9406     | 0.9267       | 1.1890   | 0.6669  , 0.3331   |           
69     | 3.0998     | 0.7573     | 1.0676       | 1.2749       | 0.9427     | 0.9006       | 1.1702   | 0.6529  , 0.3471   | (ADV 0.49)
70     | 3.0010     | 0.6738     | 1.0567       | 1.2705       | 0.9437     | 0.9174       | 1.1332   | 0.6623  , 0.3377   |           
71     | 3.0440     | 0.7324     | 1.0408       | 1.2707       | 0.9458     | 0.9384       | 1.2188   | 0.6650  , 0.3350   |           
72     | 3.0597     | 0.7359     | 1.0569       | 1.2668       | 0.9531     | 0.9233       | 1.1756   | 0.6429  , 0.3571   |           
73     | 3.0612     | 0.7247     | 1.0565       | 1.2799       | 0.9437     | 0.8741       | 1.1615   | 0.6369  , 0.3631   | (ADV 0.51)
74     | 3.0418     | 0.7135     | 1.0501       | 1.2782       | 0.9219     | 0.8864       | 1.2298   | 0.6531  , 0.3469   |           
75     | 3.0639     | 0.7357     | 1.0414       | 1.2868       | 0.9510     | 0.9371       | 1.1854   | 0.6397  , 0.3603   |           
76     | 3.0541     | 0.7235     | 1.0458       | 1.2847       | 0.9156     | 0.9032       | 1.2381   | 0.6545  , 0.3455   |           
77     | 3.1051     | 0.7703     | 1.0512       | 1.2837       | 0.9427     | 0.8925       | 1.1309   | 0.6477  , 0.3523   |           
78     | 3.0689     | 0.7268     | 1.0611       | 1.2811       | 0.9583     | 0.8796       | 1.1801   | 0.6642  , 0.3358   | (ADV 0.52)
79     | 3.0037     | 0.6780     | 1.0382       | 1.2875       | 0.9500     | 0.9489       | 1.1770   | 0.6381  , 0.3619   |           
80     | 3.0101     | 0.6860     | 1.0447       | 1.2794       | 0.9458     | 0.8814       | 1.1792   | 0.6477  , 0.3523   |           
81     | 3.0166     | 0.6837     | 1.0513       | 1.2816       | 0.9354     | 0.9283       | 1.1650   | 0.6320  , 0.3680   |           
82     | 3.0519     | 0.6970     | 1.0661       | 1.2888       | 0.9510     | 0.8809       | 1.1898   | 0.6667  , 0.3333   |           
83     | 3.0099     | 0.6705     | 1.0488       | 1.2906       | 0.9396     | 0.8472       | 1.1196   | 0.6473  , 0.3527   |           
84     | 3.1066     | 0.7197     | 1.0891       | 1.2978       | 0.9552     | 0.8343       | 1.0942   | 0.6400  , 0.3600   | (ADV 0.54)
85     | 3.0740     | 0.7093     | 1.0599       | 1.3048       | 0.9625     | 0.8761       | 1.0995   | 0.6594  , 0.3406   |           
86     | 3.0810     | 0.7177     | 1.0657       | 1.2976       | 0.9250     | 0.8591       | 1.2100   | 0.6427  , 0.3573   |           
87     | 3.1069     | 0.7327     | 1.0638       | 1.3104       | 0.9302     | 0.9326       | 1.1051   | 0.6358  , 0.3642   |           
88     | 3.0601     | 0.7063     | 1.0563       | 1.2976       | 0.9615     | 0.8784       | 1.1898   | 0.6420  , 0.3580   |           
89     | 3.0894     | 0.7114     | 1.0827       | 1.2953       | 0.9354     | 0.9102       | 1.2094   | 0.6423  , 0.3577   |           
90     | 3.0246     | 0.6854     | 1.0527       | 1.2865       | 0.9260     | 0.8990       | 1.1479   | 0.6467  , 0.3533   |           
91     | 3.0388     | 0.6883     | 1.0571       | 1.2934       | 0.9385     | 0.8548       | 1.1988   | 0.6483  , 0.3517   |           
92     | 3.1259     | 0.7564     | 1.0646       | 1.3049       | 0.9552     | 0.8899       | 1.1961   | 0.6501  , 0.3499   |           
93     | 3.0564     | 0.6885     | 1.0695       | 1.2985       | 0.9354     | 0.8580       | 1.1936   | 0.6514  , 0.3486   |           
94     | 3.1054     | 0.7288     | 1.0831       | 1.2935       | 0.9437     | 0.8700       | 1.2179   | 0.6343  , 0.3657   |           
95     | 3.1005     | 0.7300     | 1.0844       | 1.2861       | 0.9417     | 0.8963       | 1.1665   | 0.6358  , 0.3642   |           
96     | 3.0130     | 0.6702     | 1.0580       | 1.2849       | 0.9375     | 0.8451       | 1.1718   | 0.6662  , 0.3338   |           
97     | 3.0668     | 0.7126     | 1.0680       | 1.2862       | 0.9375     | 0.9303       | 1.2604   | 0.6398  , 0.3602   |           
98     | 3.0376     | 0.6786     | 1.0725       | 1.2865       | 0.9448     | 0.8742       | 1.1871   | 0.6355  , 0.3645   |           
99     | 3.0475     | 0.6899     | 1.0609       | 1.2967       | 0.9563     | 0.8008       | 1.1357   | 0.6549  , 0.3451   | (ADV 0.56)
100    | 3.0724     | 0.7111     | 1.0711       | 1.2903       | 0.9375     | 0.8697       | 1.1858   | 0.6475  , 0.3525   |           
101    | 3.0574     | 0.6831     | 1.0928       | 1.2816       | 0.9531     | 0.8509       | 1.1573   | 0.6754  , 0.3246   |           
102    | 3.0465     | 0.6903     | 1.0699       | 1.2863       | 0.9448     | 0.8148       | 1.1499   | 0.6518  , 0.3482   |           
103    | 3.0332     | 0.6691     | 1.0796       | 1.2845       | 0.9479     | 0.8980       | 1.1174   | 0.6405  , 0.3595   |           
104    | 3.0625     | 0.6949     | 1.0819       | 1.2856       | 0.9417     | 0.8654       | 1.1565   | 0.6537  , 0.3463   |           
105    | 3.0789     | 0.7249     | 1.0677       | 1.2864       | 0.9448     | 0.8563       | 1.1577   | 0.6670  , 0.3330   |           
106    | 3.0457     | 0.6953     | 1.0725       | 1.2780       | 0.9365     | 0.8717       | 1.1498   | 0.6531  , 0.3469   |           
107    | 3.0318     | 0.6772     | 1.0642       | 1.2904       | 0.9458     | 0.8554       | 1.1057   | 0.6599  , 0.3401   |           
108    | 3.0328     | 0.6772     | 1.0782       | 1.2773       | 0.9375     | 0.8445       | 1.1363   | 0.6433  , 0.3567   |           
109    | 2.9966     | 0.6379     | 1.0820       | 1.2767       | 0.9344     | 0.8588       | 1.1511   | 0.6358  , 0.3642   |           
110    | 3.0661     | 0.7180     | 1.0641       | 1.2839       | 0.9469     | 0.8435       | 1.1809   | 0.6684  , 0.3316   |           
111    | 3.0105     | 0.6461     | 1.0821       | 1.2823       | 0.9542     | 0.8170       | 1.2031   | 0.6489  , 0.3511   |           
112    | 3.1012     | 0.7242     | 1.0864       | 1.2906       | 0.9281     | 0.8604       | 1.1675   | 0.6308  , 0.3692   |           
113    | 2.9775     | 0.6350     | 1.0804       | 1.2621       | 0.9313     | 0.8367       | 1.1631   | 0.6530  , 0.3470   |           
114    | 3.0803     | 0.6903     | 1.1070       | 1.2831       | 0.9292     | 0.8279       | 1.1415   | 0.6597  , 0.3403   |           
115    | 3.0427     | 0.6681     | 1.1018       | 1.2728       | 0.9385     | 0.7509       | 1.1920   | 0.6579  , 0.3421   | (ADV 0.56)
116    | 3.0297     | 0.6464     | 1.0976       | 1.2858       | 0.9458     | 0.8121       | 1.0993   | 0.6570  , 0.3430   |           
117    | 3.0765     | 0.6785     | 1.1075       | 1.2905       | 0.9531     | 0.8029       | 1.1454   | 0.6479  , 0.3521   |           
118    | 3.0804     | 0.6722     | 1.1201       | 1.2880       | 0.9458     | 0.8272       | 1.0391   | 0.6466  , 0.3534   |           
119    | 3.1017     | 0.7088     | 1.1140       | 1.2789       | 0.9510     | 0.8110       | 1.1133   | 0.6528  , 0.3472   |           
120    | 3.0762     | 0.6771     | 1.1116       | 1.2875       | 0.9458     | 0.7985       | 1.1917   | 0.6594  , 0.3406   |           
121    | 3.0820     | 0.6736     | 1.1279       | 1.2805       | 0.9354     | 0.8330       | 1.1010   | 0.6526  , 0.3474   |           
122    | 3.0431     | 0.6440     | 1.1164       | 1.2827       | 0.9115     | 0.8225       | 1.1818   | 0.6371  , 0.3629   |           
123    | 3.1244     | 0.7041     | 1.1248       | 1.2955       | 0.9365     | 0.8046       | 1.1207   | 0.6609  , 0.3391   |           
124    | 3.0964     | 0.6738     | 1.1273       | 1.2952       | 0.9229     | 0.8273       | 1.0696   | 0.6335  , 0.3665   |           
125    | 3.0286     | 0.6398     | 1.1053       | 1.2836       | 0.9417     | 0.7924       | 1.1310   | 0.6307  , 0.3693   |           
126    | 3.0730     | 0.6716     | 1.1087       | 1.2927       | 0.9354     | 0.8047       | 1.1518   | 0.6492  , 0.3508   |           
127    | 3.1032     | 0.6913     | 1.1164       | 1.2956       | 0.9292     | 0.8254       | 1.1826   | 0.6419  , 0.3581   |           
128    | 3.0520     | 0.6424     | 1.1151       | 1.2945       | 0.9437     | 0.7725       | 1.1291   | 0.6660  , 0.3340   |           
129    | 3.1074     | 0.6820     | 1.1270       | 1.2984       | 0.9375     | 0.8116       | 1.2388   | 0.6538  , 0.3462   |           
130    | 3.1501     | 0.7218     | 1.1209       | 1.3074       | 0.9271     | 0.8231       | 1.0810   | 0.6627  , 0.3373   |           
131    | 3.0680     | 0.6660     | 1.1130       | 1.2891       | 0.9062     | 0.7986       | 1.1621   | 0.6440  , 0.3560   |           
132    | 3.0645     | 0.6675     | 1.1061       | 1.2909       | 0.9385     | 0.7973       | 1.1218   | 0.6427  , 0.3573   |           
133    | 3.1146     | 0.7107     | 1.1080       | 1.2959       | 0.9406     | 0.8091       | 1.1029   | 0.6501  , 0.3499   |           
134    | 3.1022     | 0.6818     | 1.1240       | 1.2964       | 0.9427     | 0.7791       | 1.2121   | 0.6512  , 0.3488   |           
135    | 3.0970     | 0.6827     | 1.1246       | 1.2898       | 0.9479     | 0.8265       | 1.1229   | 0.6488  , 0.3512   |           
136    | 3.1104     | 0.7094     | 1.1136       | 1.2874       | 0.9146     | 0.7944       | 1.1341   | 0.6577  , 0.3423   |           
137    | 3.0610     | 0.6569     | 1.1186       | 1.2855       | 0.9385     | 0.7579       | 1.0735   | 0.6423  , 0.3577   |           
138    | 3.0783     | 0.6534     | 1.1223       | 1.3025       | 0.9000     | 0.7442       | 1.1187   | 0.6726  , 0.3274   |           
139    | 3.0935     | 0.6773     | 1.1316       | 1.2845       | 0.9479     | 0.7994       | 1.1478   | 0.6318  , 0.3682   |           
140    | 3.1332     | 0.6962     | 1.1471       | 1.2899       | 0.9365     | 0.7891       | 1.1586   | 0.6569  , 0.3431   |           
141    | 3.0999     | 0.6679     | 1.1419       | 1.2901       | 0.9333     | 0.7698       | 1.1339   | 0.6504  , 0.3496   |           
142    | 3.1099     | 0.6847     | 1.1262       | 1.2990       | 0.9302     | 0.7222       | 1.0871   | 0.6637  , 0.3363   | (ADV 0.57)
143    | 3.1094     | 0.6731     | 1.1351       | 1.3011       | 0.9510     | 0.7401       | 1.1002   | 0.6440  , 0.3560   | (ADV 0.58)
144    | 3.1228     | 0.6765     | 1.1481       | 1.2982       | 0.9531     | 0.7357       | 1.1519   | 0.6426  , 0.3574   | (ADV 0.59)
145    | 3.1627     | 0.7017     | 1.1594       | 1.3016       | 0.9323     | 0.7407       | 1.1178   | 0.6468  , 0.3532   |           
146    | 3.0456     | 0.6166     | 1.1341       | 1.2948       | 0.9219     | 0.7921       | 1.0353   | 0.6456  , 0.3544   |           
147    | 3.0897     | 0.6455     | 1.1435       | 1.3007       | 0.9198     | 0.7655       | 1.1022   | 0.6351  , 0.3649   |           
148    | 3.1070     | 0.6446     | 1.1538       | 1.3086       | 0.9229     | 0.7845       | 1.1302   | 0.6356  , 0.3644   |           
149    | 3.1227     | 0.6748     | 1.1466       | 1.3014       | 0.9448     | 0.7476       | 1.1275   | 0.6532  , 0.3468   |           
150    | 3.1127     | 0.6563     | 1.1459       | 1.3105       | 0.9333     | 0.7358       | 1.1010   | 0.6473  , 0.3527   |           
151    | 3.1706     | 0.7163     | 1.1493       | 1.3051       | 0.9469     | 0.7585       | 1.0792   | 0.6513  , 0.3487   |           
152    | 3.1236     | 0.6688     | 1.1492       | 1.3056       | 0.9333     | 0.7352       | 1.1110   | 0.6427  , 0.3573   |           
153    | 3.1415     | 0.7057     | 1.1405       | 1.2953       | 0.9396     | 0.7568       | 1.0973   | 0.6411  , 0.3589   |           
154    | 3.0741     | 0.6436     | 1.1326       | 1.2979       | 0.9354     | 0.7269       | 1.0600   | 0.6516  , 0.3484   |           
155    | 3.1145     | 0.6642     | 1.1422       | 1.3081       | 0.9354     | 0.7519       | 1.1198   | 0.6604  , 0.3396   |           
156    | 3.1193     | 0.6751     | 1.1400       | 1.3041       | 0.9229     | 0.7602       | 1.1688   | 0.6638  , 0.3362   |           
157    | 3.1596     | 0.7011     | 1.1586       | 1.2998       | 0.9448     | 0.7802       | 1.0867   | 0.6608  , 0.3392   |           
158    | 3.1414     | 0.6901     | 1.1437       | 1.3075       | 0.9406     | 0.7750       | 1.1045   | 0.6523  , 0.3477   |           
159    | 3.0604     | 0.6331     | 1.1300       | 1.2972       | 0.9490     | 0.7297       | 1.1090   | 0.6563  , 0.3437   |           
160    | 3.1350     | 0.6831     | 1.1409       | 1.3111       | 0.9292     | 0.7117       | 1.1154   | 0.6806  , 0.3194   |           
161    | 3.1233     | 0.6602     | 1.1544       | 1.3087       | 0.9417     | 0.7065       | 1.1524   | 0.6587  , 0.3413   | (ADV 0.59)
162    | 3.0833     | 0.6493     | 1.1240       | 1.3100       | 0.9323     | 0.7155       | 1.0908   | 0.6663  , 0.3337   |           
163    | 3.0926     | 0.6544     | 1.1468       | 1.2914       | 0.9198     | 0.7501       | 1.1165   | 0.6571  , 0.3429   |           
164    | 3.1095     | 0.6690     | 1.1357       | 1.3048       | 0.9469     | 0.7002       | 1.1631   | 0.6626  , 0.3374   | (ADV 0.60)
165    | 3.1044     | 0.6478     | 1.1646       | 1.2920       | 0.9271     | 0.6839       | 1.1755   | 0.6643  , 0.3357   |           
166    | 3.0906     | 0.6371     | 1.1538       | 1.2997       | 0.9490     | 0.7134       | 1.1013   | 0.6674  , 0.3326   |           
167    | 3.1261     | 0.6816     | 1.1405       | 1.3040       | 0.9073     | 0.7274       | 1.0689   | 0.6737  , 0.3263   |           
168    | 3.0790     | 0.6253     | 1.1527       | 1.3010       | 0.9365     | 0.7044       | 1.1178   | 0.6563  , 0.3437   |           
169    | 3.1117     | 0.6688     | 1.1359       | 1.3070       | 0.9385     | 0.7306       | 1.1307   | 0.6830  , 0.3170   |           
170    | 3.1378     | 0.6804     | 1.1525       | 1.3049       | 0.9542     | 0.7249       | 1.1550   | 0.6516  , 0.3484   |           
171    | 3.0963     | 0.6529     | 1.1423       | 1.3011       | 0.9365     | 0.7023       | 1.1039   | 0.6524  , 0.3476   |           
172    | 3.1115     | 0.6520     | 1.1617       | 1.2978       | 0.9156     | 0.7017       | 1.2035   | 0.6722  , 0.3278   |           
173    | 3.1469     | 0.6804     | 1.1666       | 1.2999       | 0.9396     | 0.6955       | 1.0721   | 0.6560  , 0.3440   |           
174    | 3.0797     | 0.6108     | 1.1625       | 1.3064       | 0.9437     | 0.7292       | 1.1636   | 0.6540  , 0.3460   |           
175    | 3.0744     | 0.6228     | 1.1484       | 1.3031       | 0.9333     | 0.7299       | 1.0847   | 0.6567  , 0.3433   |           
176    | 3.0427     | 0.6023     | 1.1421       | 1.2982       | 0.9448     | 0.7219       | 1.0858   | 0.6550  , 0.3450   |           
177    | 3.1580     | 0.6621     | 1.1885       | 1.3075       | 0.9427     | 0.7038       | 1.0838   | 0.6376  , 0.3624   |           
178    | 3.1734     | 0.6872     | 1.1831       | 1.3031       | 0.9365     | 0.6752       | 1.1295   | 0.6381  , 0.3619   | (ADV 0.60)
179    | 3.1218     | 0.6474     | 1.1767       | 1.2977       | 0.9469     | 0.7213       | 1.0864   | 0.6545  , 0.3455   |           
180    | 3.1111     | 0.6417     | 1.1738       | 1.2956       | 0.9198     | 0.7167       | 1.0752   | 0.6632  , 0.3368   |           
181    | 3.1192     | 0.6567     | 1.1616       | 1.3009       | 0.9323     | 0.7501       | 1.1029   | 0.6657  , 0.3343   |           
182    | 3.1206     | 0.6445     | 1.1708       | 1.3052       | 0.9469     | 0.6489       | 1.0656   | 0.6905  , 0.3095   | (ADV 0.62)
183    | 3.0507     | 0.6058     | 1.1507       | 1.2942       | 0.9187     | 0.7279       | 1.0597   | 0.6478  , 0.3522   |           
184    | 3.1872     | 0.7078     | 1.1704       | 1.3091       | 0.9208     | 0.7397       | 1.1196   | 0.6430  , 0.3570   |           
185    | 3.1168     | 0.6558     | 1.1537       | 1.3073       | 0.9375     | 0.7193       | 1.1338   | 0.6727  , 0.3273   |           
186    | 3.1061     | 0.6563     | 1.1605       | 1.2893       | 0.9198     | 0.6944       | 1.1366   | 0.6761  , 0.3239   |           
187    | 3.0687     | 0.6285     | 1.1428       | 1.2974       | 0.9375     | 0.6921       | 1.0757   | 0.6353  , 0.3647   |           
188    | 3.0931     | 0.6145     | 1.1713       | 1.3073       | 0.9354     | 0.6634       | 1.0645   | 0.6400  , 0.3600   |           
189    | 3.1268     | 0.6641     | 1.1598       | 1.3028       | 0.9167     | 0.6872       | 1.1812   | 0.6717  , 0.3283   |           
190    | 3.0781     | 0.6209     | 1.1657       | 1.2915       | 0.9458     | 0.6612       | 1.1920   | 0.6779  , 0.3221   |           
191    | 3.1387     | 0.6595     | 1.1686       | 1.3106       | 0.9406     | 0.6812       | 1.0850   | 0.6537  , 0.3463   |           
192    | 3.0702     | 0.6249     | 1.1476       | 1.2977       | 0.9240     | 0.7146       | 1.0989   | 0.6415  , 0.3585   |           
193    | 3.1471     | 0.6780     | 1.1672       | 1.3018       | 0.9323     | 0.6939       | 1.0880   | 0.6536  , 0.3464   |           
194    | 3.1170     | 0.6525     | 1.1688       | 1.2956       | 0.9292     | 0.7011       | 1.1528   | 0.6522  , 0.3478   |           
195    | 3.0717     | 0.6146     | 1.1559       | 1.3011       | 0.9417     | 0.6773       | 1.1091   | 0.6578  , 0.3422   |           
196    | 3.1744     | 0.6929     | 1.1824       | 1.2991       | 0.9385     | 0.6611       | 1.1192   | 0.6905  , 0.3095   |           
197    | 3.1031     | 0.6457     | 1.1588       | 1.2986       | 0.9333     | 0.7016       | 1.1104   | 0.6856  , 0.3144   |           
198    | 3.1066     | 0.6469     | 1.1559       | 1.3039       | 0.9375     | 0.6848       | 1.0604   | 0.6593  , 0.3407   |           
199    | 3.1043     | 0.6486     | 1.1555       | 1.3002       | 0.9479     | 0.6955       | 1.1309   | 0.6740  , 0.3260   |           
200    | 3.1321     | 0.6464     | 1.1765       | 1.3091       | 0.9333     | 0.6783       | 1.0670   | 0.6589  , 0.3411   |           
201    | 3.1372     | 0.6583     | 1.1666       | 1.3123       | 0.9458     | 0.7015       | 1.0452   | 0.6587  , 0.3413   |           
202    | 3.1645     | 0.6813     | 1.1731       | 1.3101       | 0.9479     | 0.6841       | 1.1452   | 0.6679  , 0.3321   |           
203    | 3.1359     | 0.6556     | 1.1701       | 1.3102       | 0.9385     | 0.6825       | 1.1624   | 0.6548  , 0.3452   |           
204    | 3.1180     | 0.6411     | 1.1716       | 1.3054       | 0.9240     | 0.6920       | 1.1984   | 0.6485  , 0.3515   |           
205    | 3.0962     | 0.6142     | 1.1708       | 1.3112       | 0.9385     | 0.6852       | 1.1653   | 0.6616  , 0.3384   |           
206    | 3.0952     | 0.6315     | 1.1615       | 1.3023       | 0.9448     | 0.7100       | 1.1465   | 0.6571  , 0.3429   |           
207    | 3.1021     | 0.6304     | 1.1655       | 1.3062       | 0.9354     | 0.6745       | 1.1812   | 0.6474  , 0.3526   |           
208    | 3.1062     | 0.6376     | 1.1664       | 1.3022       | 0.9365     | 0.6624       | 1.1315   | 0.6633  , 0.3367   |           
209    | 3.1276     | 0.6526     | 1.1734       | 1.3016       | 0.9344     | 0.6749       | 1.1274   | 0.6616  , 0.3384   |           
210    | 3.0689     | 0.5888     | 1.1696       | 1.3106       | 0.9479     | 0.6728       | 1.0995   | 0.6494  , 0.3506   |           
211    | 3.0913     | 0.6120     | 1.1667       | 1.3126       | 0.9417     | 0.7093       | 1.1573   | 0.6500  , 0.3500   |           
212    | 3.0711     | 0.5961     | 1.1677       | 1.3072       | 0.9354     | 0.6709       | 1.1147   | 0.6387  , 0.3613   |           
213    | 3.1420     | 0.6553     | 1.1689       | 1.3177       | 0.9479     | 0.7116       | 1.1052   | 0.6410  , 0.3590   |           
214    | 3.1301     | 0.6368     | 1.1703       | 1.3229       | 0.9583     | 0.6981       | 1.0863   | 0.6488  , 0.3512   |           
215    | 3.1408     | 0.6511     | 1.1778       | 1.3119       | 0.9344     | 0.7149       | 1.0963   | 0.6485  , 0.3515   |           
216    | 3.1624     | 0.6545     | 1.1905       | 1.3173       | 0.9260     | 0.6666       | 1.1344   | 0.6460  , 0.3540   |           
217    | 3.0925     | 0.5961     | 1.1714       | 1.3250       | 0.9552     | 0.6495       | 1.1087   | 0.6577  , 0.3423   | (ADV 0.63)
218    | 3.1617     | 0.6527     | 1.1858       | 1.3231       | 0.9406     | 0.6734       | 1.0805   | 0.6487  , 0.3513   |           
219    | 3.0992     | 0.6053     | 1.1821       | 1.3118       | 0.9187     | 0.6685       | 1.1388   | 0.6407  , 0.3593   |           
220    | 3.1387     | 0.6384     | 1.1901       | 1.3103       | 0.9417     | 0.6403       | 1.1229   | 0.6286  , 0.3714   |           
221    | 3.1489     | 0.6358     | 1.1947       | 1.3184       | 0.9406     | 0.7097       | 1.1048   | 0.6609  , 0.3391   |           
222    | 3.1105     | 0.6068     | 1.1895       | 1.3141       | 0.9354     | 0.7024       | 1.1140   | 0.6471  , 0.3529   |           
223    | 3.1388     | 0.6374     | 1.1751       | 1.3263       | 0.9417     | 0.6385       | 1.1644   | 0.6760  , 0.3240   |           
224    | 3.1773     | 0.6821     | 1.1800       | 1.3152       | 0.9479     | 0.6689       | 1.1097   | 0.6397  , 0.3603   |           
225    | 3.1394     | 0.6381     | 1.1885       | 1.3128       | 0.9250     | 0.6867       | 1.1145   | 0.6574  , 0.3426   |           
226    | 3.1324     | 0.6471     | 1.1758       | 1.3095       | 0.9281     | 0.6614       | 1.1809   | 0.6660  , 0.3340   |           
227    | 3.1515     | 0.6651     | 1.1712       | 1.3152       | 0.9437     | 0.6560       | 1.1335   | 0.6531  , 0.3469   |           
228    | 3.1510     | 0.6555     | 1.1869       | 1.3086       | 0.9458     | 0.6978       | 1.0690   | 0.6422  , 0.3578   |           
229    | 3.1303     | 0.6222     | 1.1821       | 1.3260       | 0.9187     | 0.7332       | 1.1574   | 0.6447  , 0.3553   |           
230    | 3.1042     | 0.6140     | 1.1736       | 1.3166       | 0.9344     | 0.6720       | 1.1179   | 0.6607  , 0.3393   |           
231    | 3.1250     | 0.6330     | 1.1741       | 1.3179       | 0.9448     | 0.6572       | 1.1350   | 0.6422  , 0.3578   |           
232    | 3.1347     | 0.6227     | 1.1901       | 1.3219       | 0.9448     | 0.7032       | 1.0761   | 0.6402  , 0.3598   |           
233    | 3.1273     | 0.6203     | 1.1955       | 1.3115       | 0.9469     | 0.6386       | 1.1433   | 0.6551  , 0.3449   |           
234    | 3.1199     | 0.6284     | 1.1808       | 1.3107       | 0.9344     | 0.6303       | 1.1699   | 0.6833  , 0.3167   |           
235    | 3.0804     | 0.5810     | 1.1856       | 1.3138       | 0.9396     | 0.6892       | 1.2100   | 0.6552  , 0.3448   |           
236    | 3.1581     | 0.6406     | 1.2046       | 1.3129       | 0.9250     | 0.6662       | 1.2100   | 0.6694  , 0.3306   |           
237    | 3.1795     | 0.6615     | 1.1971       | 1.3209       | 0.9437     | 0.6652       | 1.1798   | 0.6273  , 0.3727   |           
238    | 3.1298     | 0.6171     | 1.1980       | 1.3147       | 0.9375     | 0.6454       | 1.1322   | 0.6354  , 0.3646   |           
239    | 3.1233     | 0.6174     | 1.1833       | 1.3226       | 0.9448     | 0.6487       | 1.0743   | 0.6370  , 0.3630   |           
240    | 3.1347     | 0.6358     | 1.1760       | 1.3230       | 0.9198     | 0.7182       | 1.0872   | 0.6430  , 0.3570   |           
241    | 3.1243     | 0.6246     | 1.1841       | 1.3155       | 0.9281     | 0.6671       | 1.1348   | 0.6623  , 0.3377   |           
242    | 3.1890     | 0.6680     | 1.2066       | 1.3144       | 0.9375     | 0.6405       | 1.1198   | 0.6528  , 0.3472   |           
243    | 3.1443     | 0.6254     | 1.1995       | 1.3194       | 0.9354     | 0.6377       | 1.1254   | 0.6693  , 0.3307   |           
244    | 3.1195     | 0.6236     | 1.1885       | 1.3074       | 0.9365     | 0.6421       | 1.0862   | 0.6581  , 0.3419   |           
245    | 3.1516     | 0.6287     | 1.2031       | 1.3197       | 0.9521     | 0.6190       | 1.1012   | 0.6567  , 0.3433   | (ADV 0.64)
246    | 3.0621     | 0.5739     | 1.1740       | 1.3141       | 0.9365     | 0.6349       | 1.1708   | 0.6482  , 0.3518   |           
247    | 3.1329     | 0.6154     | 1.1947       | 1.3229       | 0.9323     | 0.6339       | 1.1481   | 0.6411  , 0.3589   |           
248    | 3.1091     | 0.5976     | 1.2003       | 1.3113       | 0.9469     | 0.6593       | 1.0817   | 0.6493  , 0.3507   |           
249    | 3.1742     | 0.6526     | 1.2050       | 1.3165       | 0.9323     | 0.6403       | 1.1451   | 0.6379  , 0.3621   |           
250    | 3.1669     | 0.6503     | 1.1956       | 1.3209       | 0.9479     | 0.6410       | 1.1619   | 0.6588  , 0.3412   |           
251    | 3.1065     | 0.6101     | 1.1830       | 1.3134       | 0.9302     | 0.7103       | 1.1584   | 0.6348  , 0.3652   |           
252    | 3.1022     | 0.5954     | 1.1916       | 1.3152       | 0.9198     | 0.6700       | 1.1880   | 0.6404  , 0.3596   |           
253    | 3.1331     | 0.6215     | 1.1917       | 1.3199       | 0.9458     | 0.6660       | 1.1422   | 0.6597  , 0.3403   |           
254    | 3.0888     | 0.5901     | 1.1819       | 1.3168       | 0.9208     | 0.6543       | 1.1082   | 0.6476  , 0.3524   |           
255    | 3.1449     | 0.6444     | 1.1839       | 1.3166       | 0.9479     | 0.6597       | 1.1470   | 0.6647  , 0.3353   |           
256    | 3.1414     | 0.6274     | 1.1944       | 1.3196       | 0.9146     | 0.6442       | 1.1907   | 0.6288  , 0.3712   |           
257    | 3.1003     | 0.6060     | 1.1728       | 1.3215       | 0.9146     | 0.6157       | 1.1649   | 0.6628  , 0.3372   |           
258    | 3.0899     | 0.5869     | 1.1793       | 1.3236       | 0.9354     | 0.6480       | 1.1205   | 0.6619  , 0.3381   |           
259    | 3.1190     | 0.6083     | 1.1881       | 1.3225       | 0.9271     | 0.6454       | 1.0749   | 0.6383  , 0.3617   |           
260    | 3.1500     | 0.6270     | 1.1975       | 1.3256       | 0.9333     | 0.6414       | 1.1630   | 0.6373  , 0.3627   |           
261    | 3.1200     | 0.6057     | 1.1885       | 1.3259       | 0.9146     | 0.6354       | 1.0698   | 0.6556  , 0.3444   |           
262    | 3.1549     | 0.6418     | 1.1942       | 1.3189       | 0.9344     | 0.6213       | 1.1930   | 0.6618  , 0.3382   |           
263    | 3.1543     | 0.6430     | 1.1949       | 1.3164       | 0.9510     | 0.6083       | 1.0700   | 0.6477  , 0.3523   | (ADV 0.65)
264    | 3.1432     | 0.6305     | 1.1944       | 1.3183       | 0.9354     | 0.6381       | 1.0736   | 0.6403  , 0.3597   |           
265    | 3.0862     | 0.5776     | 1.1837       | 1.3249       | 0.9542     | 0.6139       | 1.1142   | 0.6390  , 0.3610   | (ADV 0.65)
266    | 3.1890     | 0.6669     | 1.2024       | 1.3197       | 0.9313     | 0.6169       | 1.1170   | 0.6487  , 0.3513   |           
267    | 3.1390     | 0.6119     | 1.2059       | 1.3213       | 0.9354     | 0.6168       | 1.0926   | 0.6504  , 0.3496   |           
268    | 3.1014     | 0.5795     | 1.1968       | 1.3250       | 0.9302     | 0.6236       | 1.1379   | 0.6681  , 0.3319   |           
269    | 3.0849     | 0.5742     | 1.1969       | 1.3138       | 0.9490     | 0.5973       | 1.1607   | 0.6720  , 0.3280   | (ADV 0.65)
270    | 3.1567     | 0.6077     | 1.2125       | 1.3365       | 0.9365     | 0.6771       | 1.1140   | 0.6530  , 0.3470   |           
271    | 3.1311     | 0.5965     | 1.2103       | 1.3243       | 0.9521     | 0.6148       | 1.0969   | 0.6638  , 0.3362   |           
272    | 3.1436     | 0.6274     | 1.1933       | 1.3229       | 0.9229     | 0.6320       | 1.1195   | 0.6615  , 0.3385   |           
273    | 3.2467     | 0.7004     | 1.2117       | 1.3346       | 0.9396     | 0.6466       | 1.1537   | 0.6534  , 0.3466   |           
274    | 3.1920     | 0.6789     | 1.2020       | 1.3111       | 0.9469     | 0.6119       | 1.1296   | 0.6707  , 0.3293   |           
275    | 3.0910     | 0.5761     | 1.1975       | 1.3174       | 0.9490     | 0.6410       | 1.1503   | 0.6663  , 0.3337   |           
276    | 3.1582     | 0.6216     | 1.2031       | 1.3335       | 0.9448     | 0.6554       | 1.1217   | 0.6575  , 0.3425   |           
277    | 3.1506     | 0.6088     | 1.2037       | 1.3381       | 0.9417     | 0.6498       | 1.1094   | 0.6643  , 0.3357   |           
278    | 3.1234     | 0.5838     | 1.2131       | 1.3265       | 0.9469     | 0.6288       | 1.0626   | 0.6528  , 0.3472   |           
279    | 3.1112     | 0.5846     | 1.2017       | 1.3248       | 0.9313     | 0.6027       | 1.1242   | 0.6460  , 0.3540   |           
280    | 3.1440     | 0.6284     | 1.1894       | 1.3262       | 0.9375     | 0.6298       | 1.1094   | 0.6367  , 0.3633   |           
281    | 3.1685     | 0.6313     | 1.1995       | 1.3377       | 0.9260     | 0.6720       | 1.1285   | 0.6541  , 0.3459   |           
282    | 3.1411     | 0.6183     | 1.1977       | 1.3251       | 0.9240     | 0.6403       | 1.1436   | 0.6555  , 0.3445   |           
283    | 3.1718     | 0.6389     | 1.2064       | 1.3266       | 0.9427     | 0.6166       | 1.0867   | 0.6502  , 0.3498   |           
284    | 3.1027     | 0.5766     | 1.2034       | 1.3227       | 0.9177     | 0.6434       | 1.0620   | 0.6482  , 0.3518   |           
285    | 3.1371     | 0.6131     | 1.2067       | 1.3174       | 0.9281     | 0.6616       | 1.1412   | 0.6626  , 0.3374   |           
286    | 3.2085     | 0.6685     | 1.2118       | 1.3282       | 0.9354     | 0.6440       | 1.1258   | 0.6479  , 0.3521   |           
287    | 3.1245     | 0.6021     | 1.2085       | 1.3139       | 0.9365     | 0.6127       | 1.0546   | 0.6708  , 0.3292   |           
288    | 3.1640     | 0.6231     | 1.2169       | 1.3241       | 0.9208     | 0.6768       | 1.1474   | 0.6465  , 0.3535   |           
289    | 3.1926     | 0.6469     | 1.2138       | 1.3320       | 0.9437     | 0.6501       | 1.1077   | 0.6493  , 0.3507   |           
290    | 3.1972     | 0.6522     | 1.2177       | 1.3274       | 0.9437     | 0.6262       | 1.0874   | 0.6477  , 0.3523   |           
291    | 3.1216     | 0.6058     | 1.1936       | 1.3221       | 0.9490     | 0.6491       | 1.0635   | 0.6453  , 0.3547   |           
292    | 3.1466     | 0.6265     | 1.1991       | 1.3210       | 0.9198     | 0.6642       | 1.1202   | 0.6375  , 0.3625   |           
293    | 3.1766     | 0.6397     | 1.2048       | 1.3321       | 0.9313     | 0.6525       | 1.1241   | 0.6705  , 0.3295   |           
294    | 3.1163     | 0.5927     | 1.2029       | 1.3208       | 0.9260     | 0.6367       | 1.1180   | 0.6653  , 0.3347   |           
295    | 3.1148     | 0.5996     | 1.1984       | 1.3169       | 0.9521     | 0.5952       | 1.1243   | 0.6468  , 0.3532   | (ADV 0.65)
296    | 3.1751     | 0.6206     | 1.2262       | 1.3282       | 0.9260     | 0.6302       | 1.0953   | 0.6295  , 0.3705   |           
297    | 3.1819     | 0.6375     | 1.2151       | 1.3293       | 0.9313     | 0.6503       | 1.1406   | 0.6455  , 0.3545   |           
298    | 3.1621     | 0.6350     | 1.2064       | 1.3207       | 0.9375     | 0.6886       | 1.1302   | 0.6578  , 0.3422   |           
299    | 3.1440     | 0.6254     | 1.1993       | 1.3193       | 0.9479     | 0.6264       | 1.1128   | 0.6453  , 0.3547   |           
300    | 3.1405     | 0.5962     | 1.2150       | 1.3294       | 0.9427     | 0.6273       | 1.1086   | 0.6543  , 0.3457   |           
301    | 3.1804     | 0.6334     | 1.2149       | 1.3321       | 0.9219     | 0.6263       | 1.1236   | 0.6546  , 0.3454   |           
302    | 3.1733     | 0.6169     | 1.2291       | 1.3273       | 0.9406     | 0.6352       | 1.0779   | 0.6468  , 0.3532   |           
303    | 3.1464     | 0.6031     | 1.2158       | 1.3276       | 0.9333     | 0.6412       | 1.1581   | 0.6633  , 0.3367   |           
304    | 3.1453     | 0.6122     | 1.2046       | 1.3285       | 0.9333     | 0.6244       | 1.0483   | 0.6663  , 0.3337   |           
305    | 3.1259     | 0.5955     | 1.2093       | 1.3211       | 0.9333     | 0.6641       | 1.0927   | 0.6677  , 0.3323   |           
306    | 3.1874     | 0.6386     | 1.2189       | 1.3299       | 0.9323     | 0.6223       | 1.1212   | 0.6705  , 0.3295   |           
307    | 3.1582     | 0.6132     | 1.2037       | 1.3413       | 0.9500     | 0.6457       | 1.1644   | 0.6694  , 0.3306   |           
308    | 3.1545     | 0.6080     | 1.2177       | 1.3288       | 0.9396     | 0.6305       | 1.0728   | 0.6728  , 0.3272   |           
309    | 3.1038     | 0.5630     | 1.2148       | 1.3260       | 0.9417     | 0.6233       | 1.0916   | 0.6658  , 0.3342   |           
310    | 3.1678     | 0.6183     | 1.2204       | 1.3292       | 0.9313     | 0.6139       | 1.0474   | 0.6461  , 0.3539   |           
311    | 3.1198     | 0.5798     | 1.2169       | 1.3231       | 0.9510     | 0.6082       | 1.1138   | 0.6729  , 0.3271   |           
312    | 3.1016     | 0.5875     | 1.1933       | 1.3208       | 0.9281     | 0.6159       | 1.1122   | 0.6715  , 0.3285   |           
313    | 3.0772     | 0.5465     | 1.2062       | 1.3246       | 0.9448     | 0.6264       | 1.1073   | 0.6628  , 0.3372   |           
314    | 3.1504     | 0.6198     | 1.2037       | 1.3269       | 0.9469     | 0.6293       | 1.1259   | 0.6656  , 0.3344   |           
315    | 3.1857     | 0.6360     | 1.2203       | 1.3293       | 0.9510     | 0.6568       | 1.1441   | 0.6326  , 0.3674   |           
316    | 3.0893     | 0.5554     | 1.2050       | 1.3289       | 0.9385     | 0.6401       | 1.1189   | 0.6536  , 0.3464   |           
317    | 3.1169     | 0.5884     | 1.2033       | 1.3252       | 0.9365     | 0.6315       | 1.0784   | 0.6640  , 0.3360   |           
318    | 3.1124     | 0.5908     | 1.1968       | 1.3248       | 0.9531     | 0.5850       | 1.0810   | 0.6590  , 0.3410   | (ADV 0.66)
319    | 3.0918     | 0.5536     | 1.2154       | 1.3229       | 0.9396     | 0.6157       | 1.1696   | 0.6571  , 0.3429   |           
320    | 3.1686     | 0.6336     | 1.2049       | 1.3301       | 0.9187     | 0.5780       | 1.1233   | 0.6486  , 0.3514   |           
321    | 3.0952     | 0.5585     | 1.2172       | 1.3195       | 0.9563     | 0.5871       | 1.1160   | 0.6507  , 0.3493   | (ADV 0.66)
322    | 3.1811     | 0.6353     | 1.2215       | 1.3243       | 0.9531     | 0.6036       | 1.0560   | 0.6615  , 0.3385   |           
323    | 3.1087     | 0.5585     | 1.2204       | 1.3297       | 0.9427     | 0.6255       | 1.1329   | 0.6680  , 0.3320   |           
324    | 3.1296     | 0.5963     | 1.2099       | 1.3234       | 0.9354     | 0.5887       | 1.1803   | 0.6705  , 0.3295   |           
325    | 3.1306     | 0.5884     | 1.2138       | 1.3283       | 0.9385     | 0.5974       | 1.1498   | 0.6539  , 0.3461   |           
326    | 3.1422     | 0.5885     | 1.2233       | 1.3304       | 0.9375     | 0.6176       | 1.1678   | 0.6597  , 0.3403   |           
327    | 3.1385     | 0.6043     | 1.2084       | 1.3258       | 0.9490     | 0.6081       | 1.1171   | 0.6528  , 0.3472   |           
328    | 3.1384     | 0.5777     | 1.2339       | 1.3268       | 0.9479     | 0.6273       | 1.1640   | 0.6522  , 0.3478   |           
329    | 3.1392     | 0.5937     | 1.2215       | 1.3240       | 0.9229     | 0.6132       | 1.1689   | 0.6573  , 0.3427   |           
330    | 3.1533     | 0.6136     | 1.2220       | 1.3178       | 0.9365     | 0.6321       | 1.1374   | 0.6615  , 0.3385   |           
331    | 3.0871     | 0.5845     | 1.1989       | 1.3037       | 0.9510     | 0.6007       | 1.0992   | 0.6658  , 0.3342   |           
332    | 3.1327     | 0.6002     | 1.2088       | 1.3237       | 0.9406     | 0.5844       | 1.0854   | 0.6480  , 0.3520   |           
333    | 3.0932     | 0.5736     | 1.1954       | 1.3242       | 0.9313     | 0.6218       | 1.0887   | 0.6288  , 0.3712   |           
334    | 3.0988     | 0.5770     | 1.2038       | 1.3180       | 0.9323     | 0.6008       | 1.1336   | 0.6458  , 0.3542   |           
335    | 3.2070     | 0.6419     | 1.2322       | 1.3330       | 0.9344     | 0.6059       | 1.1211   | 0.6514  , 0.3486   |           
336    | 3.1111     | 0.5889     | 1.1922       | 1.3300       | 0.9250     | 0.6232       | 1.1316   | 0.6434  , 0.3566   |           
337    | 3.0552     | 0.5346     | 1.2077       | 1.3129       | 0.9354     | 0.5717       | 1.1282   | 0.6630  , 0.3370   |           
338    | 3.0918     | 0.5722     | 1.2071       | 1.3125       | 0.9344     | 0.5841       | 1.1647   | 0.6622  , 0.3378   |           
339    | 3.1571     | 0.6256     | 1.2120       | 1.3195       | 0.9292     | 0.6422       | 1.2095   | 0.6620  , 0.3380   |           
340    | 3.1558     | 0.6167     | 1.2199       | 1.3192       | 0.9302     | 0.6204       | 1.1099   | 0.6623  , 0.3377   |           
341    | 3.1516     | 0.6295     | 1.1985       | 1.3236       | 0.9417     | 0.5742       | 1.1346   | 0.6724  , 0.3276   |           
342    | 3.1315     | 0.6069     | 1.2078       | 1.3168       | 0.9365     | 0.5478       | 1.1470   | 0.6717  , 0.3283   |           
343    | 3.1615     | 0.6218     | 1.2206       | 1.3191       | 0.9198     | 0.5927       | 1.1043   | 0.6545  , 0.3455   |           
344    | 3.1317     | 0.6007     | 1.2088       | 1.3221       | 0.9156     | 0.5860       | 1.0989   | 0.6397  , 0.3603   |           
345    | 3.0709     | 0.5487     | 1.2029       | 1.3193       | 0.9156     | 0.6410       | 1.1351   | 0.6600  , 0.3400   |           
346    | 3.0950     | 0.5626     | 1.2132       | 1.3192       | 0.9448     | 0.5997       | 1.1089   | 0.6596  , 0.3404   |           
347    | 3.1807     | 0.6333     | 1.2282       | 1.3193       | 0.9323     | 0.6175       | 1.1051   | 0.6527  , 0.3473   |           
348    | 3.1287     | 0.5831     | 1.2293       | 1.3162       | 0.9479     | 0.6086       | 1.1110   | 0.6511  , 0.3489   |           
349    | 3.1113     | 0.5828     | 1.2123       | 1.3161       | 0.9281     | 0.5973       | 1.1553   | 0.6448  , 0.3552   |           
350    | 3.1931     | 0.6544     | 1.2094       | 1.3293       | 0.9302     | 0.5976       | 1.1514   | 0.6541  , 0.3459   |           
351    | 3.1277     | 0.6007     | 1.2047       | 1.3223       | 0.9375     | 0.5955       | 1.0878   | 0.6556  , 0.3444   |           
352    | 3.1247     | 0.5729     | 1.2278       | 1.3240       | 0.9250     | 0.6083       | 1.0841   | 0.6596  , 0.3404   |           
353    | 3.1619     | 0.6122     | 1.2191       | 1.3306       | 0.9406     | 0.6122       | 1.0478   | 0.6725  , 0.3275   |           
354    | 3.1739     | 0.6162     | 1.2266       | 1.3310       | 0.9250     | 0.5950       | 1.1651   | 0.6632  , 0.3368   |           
355    | 3.0603     | 0.5317     | 1.2111       | 1.3174       | 0.9365     | 0.6138       | 1.1098   | 0.6568  , 0.3432   |           
356    | 3.1393     | 0.5973     | 1.2268       | 1.3151       | 0.9354     | 0.6062       | 1.1945   | 0.6667  , 0.3333   |           
357    | 3.1281     | 0.5907     | 1.2162       | 1.3212       | 0.9250     | 0.6243       | 1.1604   | 0.6569  , 0.3431   |           
358    | 3.1636     | 0.6226     | 1.2193       | 1.3217       | 0.9292     | 0.5840       | 1.1614   | 0.6417  , 0.3583   |           
359    | 3.1007     | 0.5703     | 1.1993       | 1.3311       | 0.9417     | 0.6134       | 1.1677   | 0.6832  , 0.3168   |           
360    | 3.1096     | 0.5738     | 1.2138       | 1.3220       | 0.9156     | 0.6072       | 1.0919   | 0.6567  , 0.3433   |           
361    | 3.1225     | 0.5794     | 1.2169       | 1.3263       | 0.9542     | 0.6107       | 1.1353   | 0.6658  , 0.3342   |           
362    | 3.1620     | 0.6140     | 1.2212       | 1.3267       | 0.9208     | 0.6116       | 1.1389   | 0.6699  , 0.3301   |           
363    | 3.1882     | 0.6324     | 1.2283       | 1.3275       | 0.9167     | 0.6170       | 1.1428   | 0.6571  , 0.3429   |           
364    | 3.1190     | 0.5822     | 1.2067       | 1.3301       | 0.9333     | 0.5926       | 1.1365   | 0.6825  , 0.3175   |           
365    | 3.0942     | 0.5614     | 1.2005       | 1.3323       | 0.9437     | 0.6065       | 1.1843   | 0.6638  , 0.3362   |           
366    | 3.1047     | 0.5662     | 1.2118       | 1.3266       | 0.9510     | 0.6181       | 1.1898   | 0.6489  , 0.3511   |           
367    | 3.1655     | 0.6373     | 1.2039       | 1.3243       | 0.9354     | 0.6289       | 1.1154   | 0.6616  , 0.3384   |           
368    | 3.1156     | 0.5796     | 1.2060       | 1.3300       | 0.9156     | 0.6458       | 1.1401   | 0.6469  , 0.3531   |           
369    | 3.1486     | 0.6074     | 1.2105       | 1.3306       | 0.9313     | 0.6008       | 1.1599   | 0.6353  , 0.3647   |           
370    | 3.0624     | 0.5297     | 1.2023       | 1.3304       | 0.9125     | 0.6586       | 1.0885   | 0.6559  , 0.3441   |           
371    | 3.0989     | 0.5682     | 1.2012       | 1.3294       | 0.9385     | 0.6141       | 1.1196   | 0.6591  , 0.3409   |           
372    | 3.0875     | 0.5487     | 1.2151       | 1.3238       | 0.9208     | 0.6237       | 1.1232   | 0.6476  , 0.3524   |           
373    | 3.0753     | 0.5436     | 1.2115       | 1.3202       | 0.9437     | 0.6418       | 1.1909   | 0.6535  , 0.3465   |           
374    | 3.0836     | 0.5451     | 1.2151       | 1.3235       | 0.9281     | 0.6416       | 1.1569   | 0.6320  , 0.3680   |           
375    | 3.1046     | 0.5620     | 1.2116       | 1.3309       | 0.9625     | 0.6031       | 1.1321   | 0.6739  , 0.3261   |           
376    | 3.0819     | 0.5410     | 1.2194       | 1.3215       | 0.9469     | 0.6218       | 1.2002   | 0.6715  , 0.3285   |           
377    | 3.2256     | 0.6607     | 1.2306       | 1.3343       | 0.9250     | 0.6304       | 1.0972   | 0.6828  , 0.3172   |           
378    | 3.0841     | 0.5660     | 1.1989       | 1.3192       | 0.9302     | 0.5936       | 1.2140   | 0.6567  , 0.3433   |           
379    | 3.1187     | 0.5754     | 1.2188       | 1.3245       | 0.9354     | 0.5650       | 1.1129   | 0.6697  , 0.3303   |           
380    | 3.1135     | 0.5747     | 1.2115       | 1.3274       | 0.9333     | 0.5833       | 1.1979   | 0.6660  , 0.3340   |           
381    | 3.0965     | 0.5755     | 1.1978       | 1.3231       | 0.9219     | 0.6445       | 1.1632   | 0.6538  , 0.3462   |           
382    | 3.1051     | 0.5657     | 1.2121       | 1.3273       | 0.9437     | 0.6186       | 1.0974   | 0.6441  , 0.3559   |           
383    | 3.1345     | 0.5887     | 1.2192       | 1.3266       | 0.9062     | 0.5935       | 1.1470   | 0.6787  , 0.3213   |           
384    | 3.0812     | 0.5568     | 1.1910       | 1.3334       | 0.9333     | 0.6113       | 1.0965   | 0.6431  , 0.3569   |           
385    | 3.0816     | 0.5411     | 1.2086       | 1.3318       | 0.9375     | 0.5727       | 1.0967   | 0.6503  , 0.3497   |           
386    | 3.0830     | 0.5590     | 1.2013       | 1.3227       | 0.9521     | 0.6143       | 1.0636   | 0.6575  , 0.3425   |           
387    | 3.1352     | 0.5852     | 1.2281       | 1.3219       | 0.9333     | 0.6115       | 1.0938   | 0.6437  , 0.3563   |           
388    | 3.1656     | 0.6133     | 1.2150       | 1.3372       | 0.9156     | 0.5953       | 1.2154   | 0.6628  , 0.3372   |           
389    | 3.1471     | 0.6075     | 1.2131       | 1.3265       | 0.9406     | 0.5759       | 1.0919   | 0.6637  , 0.3363   |           
390    | 3.0622     | 0.5382     | 1.1974       | 1.3266       | 0.9375     | 0.5979       | 1.1316   | 0.6650  , 0.3350   |           
391    | 3.0873     | 0.5474     | 1.2174       | 1.3226       | 0.9448     | 0.6034       | 1.1679   | 0.6787  , 0.3213   |           
392    | 3.0994     | 0.5822     | 1.1970       | 1.3202       | 0.9240     | 0.5911       | 1.1149   | 0.6671  , 0.3329   |           
393    | 3.1743     | 0.6312     | 1.2140       | 1.3292       | 0.9385     | 0.5794       | 1.1036   | 0.6584  , 0.3416   |           
394    | 3.1003     | 0.5616     | 1.2150       | 1.3237       | 0.9437     | 0.5947       | 1.0959   | 0.6588  , 0.3412   |           
395    | 3.1022     | 0.5518     | 1.2144       | 1.3360       | 0.9229     | 0.6124       | 1.1874   | 0.6683  , 0.3317   |           
396    | 3.1255     | 0.5792     | 1.2177       | 1.3285       | 0.9292     | 0.5854       | 1.1389   | 0.6394  , 0.3606   |           
397    | 3.0924     | 0.5499     | 1.2208       | 1.3217       | 0.9240     | 0.5655       | 1.1443   | 0.6573  , 0.3427   |           
398    | 3.0998     | 0.5628     | 1.2136       | 1.3233       | 0.9333     | 0.5897       | 1.1013   | 0.6437  , 0.3563   |           
399    | 3.1535     | 0.6074     | 1.2130       | 1.3331       | 0.9427     | 0.5806       | 1.1319   | 0.6577  , 0.3423   |           
400    | 3.1173     | 0.5807     | 1.2051       | 1.3314       | 0.9490     | 0.5489       | 1.1142   | 0.6580  , 0.3420   | (ADV 0.67)
Seed 42 | Src Acc: 94.7959 | Src MDE: 0.0764 | Tgt Acc: 30.1020 | Tgt MDE: 1.1142
Start Training Seed 6767...

Start CDAN+E Training... (Entropy Conditioning Enabled)
Epoch  | Total Loss | Tr Cls     | Tr Dom RSSI  | Tr Dom RTT   | Val T Acc  | Val T Entropy | Test MDE | Test Target Weights
--------------------------------------------------------------------------------------------------------------------------------------------
1      | 6.7367     | 3.9586     | 1.3792       | 1.3989       | 0.4021     | 3.7345       | 1.5583   | 0.5974  , 0.4026   |           
2      | 6.0617     | 3.3284     | 1.3408       | 1.3925       | 0.6219     | 3.6315       | 1.2872   | 0.5944  , 0.4056   |           
